26
NAS34_CAEEL_132_323  0.0000000 1.0923430 1.5152824 1.6265082 1.4998911 1.5365461 1.5113193 1.7565911 2.0371998 1.9658507 1.8494443 1.9065650 1.6345399 1.4664060 1.4104119 1.5260043 1.6278679 1.8328744 1.1976435 1.5906775 1.0608901 1.7210273 1.8855137 2.1640473 2.9034345 2.3672201 
NAS33_CAEEL_138_324  1.0923430 0.0000000 1.3949674 1.2944984 1.4379952 2.0821026 1.0712732 2.0100278 1.4599192 1.4542996 1.5539101 1.5719601 1.4219077 1.5727179 1.2214565 1.3673787 1.8343042 2.2961246 1.5998369 2.0767599 1.3670370 1.6017131 1.7214351 2.4487356 2.5916668 2.6233536 
NAS38_CAEEL_123_313  1.5152824 1.3949674 0.0000000 1.3715300 1.4300019 2.2219057 1.8035613 1.6133049 1.6738276 1.7840099 1.9923835 2.3123962 2.2770109 1.8501019 1.8939250 1.4945321 2.5715487 2.9852517 1.9815076 2.0085427 1.2208757 2.3326878 2.0574431 2.4192710 2.4763198 2.1078018 
NAS37_CAEEL_122_309  1.6265082 1.2944984 1.3715300 0.0000000 1.2683494 2.2957079 1.4301107 1.9828471 1.5447522 1.7833483 1.6663806 1.7367269 1.8891294 1.5205612 1.7229967 1.4078917 2.2710274 3.1330509 1.8145842 1.9389453 1.5138805 1.6805245 1.9305299 1.7404870 2.2670441 2.1123807 
NAS36_CAEEL_134_323  1.4998911 1.4379952 1.4300019 1.2683494 0.0000000 1.7067852 1.3823721 1.9814033 1.8061812 1.4953692 1.5940586 1.6084532 1.7219995 1.8437913 1.9837627 1.8517375 2.7877542 3.2420810 1.5514931 2.2319993 1.7125856 1.9205491 2.0818786 2.5203556 2.9091055 2.6239184 
NAS31_CAEEL_169_355  1.5365461 2.0821026 2.2219057 2.2957079 1.7067852 0.0000000 1.4243423 2.0917360 2.2154759 2.2297581 2.3600380 2.3146021 1.9603595 1.9675020 1.9765770 2.0803935 2.0617564 2.2770070 1.9675485 2.0308486 1.9513147 2.2902556 2.7423382 1.8415935 2.2557055 2.3081287 
NAS35_CAEEL_138_327  1.5113193 1.0712732 1.8035613 1.4301107 1.3823721 1.4243423 0.0000000 1.7208371 1.4480072 1.2876702 1.4080640 1.4142701 1.1216290 1.4526570 1.2155862 1.3047605 1.5309793 1.5707757 1.3450205 1.8446500 1.1410548 1.5945803 1.6354233 1.9958611 2.1081862 2.3789559 
NAS29_CAEEL_145_336  1.7565911 2.0100278 1.6133049 1.9828471 1.9814033 2.0917360 1.7208371 0.0000000 1.9880851 2.3907494 2.8158342 2.5750936 2.7763485 2.0827022 2.3108819 2.2596520 2.6369049 2.7313753 1.9980006 2.0888744 2.1645691 2.2959377 2.3733607 2.9973184 3.0021654 2.9955549 
TLD_DROME_144_339    2.0371998 1.4599192 1.6738276 1.5447522 1.8061812 2.2154759 1.4480072 1.9880851 0.0000000 0.3522757 0.5300613 0.5342576 0.7550264 1.4524327 1.6274934 1.3613427 1.7707059 1.8157091 1.6209176 1.2219739 1.0097953 1.7975489 2.1605607 2.5735734 2.2569451 2.2764052 
Q23995_DROME_527_722 1.9658507 1.4542996 1.7840099 1.7833483 1.4953692 2.2297581 1.2876702 2.3907494 0.3522757 0.0000000 0.3044685 0.3287843 0.5389383 1.4468165 1.3570316 1.4135269 1.7387420 1.7811462 1.6143866 1.2195476 1.0942956 1.6903912 2.0105554 2.3285018 2.1587285 1.9852514 
BMP1_HUMAN_128_321   1.8494443 1.5539101 1.9923835 1.6663806 1.5940586 2.3600380 1.4080640 2.8158342 0.5300613 0.3044685 0.0000000 0.2699874 0.5440260 1.3566977 1.4010145 1.3168143 1.8321107 2.1917064 1.5540924 1.3056797 1.0955375 1.7253236 2.1718254 2.6341692 1.8777337 1.8780474 
BMPH_STRPU_108_306   1.9065650 1.5719601 2.3123962 1.7367269 1.6084532 2.3146021 1.4142701 2.5750936 0.5342576 0.3287843 0.2699874 0.0000000 0.5934570 1.4272102 1.3876864 1.4833356 1.6773146 2.0478811 1.5980737 1.6636561 0.9871909 1.5527858 2.2763560 2.4393220 2.1375433 2.3211421 
P91972_APLCA_218_413 1.6345399 1.4219077 2.2770109 1.8891294 1.7219995 1.9603595 1.1216290 2.7763485 0.7550264 0.5389383 0.5440260 0.5934570 0.0000000 1.5443877 1.1823386 1.5149436 1.5047411 1.9015389 1.4491063 1.5449047 1.1731414 1.5736424 2.5003903 2.8040439 2.6372500 2.3980852 
NAS14_CAEEL_123_313  1.4664060 1.5727179 1.8501019 1.5205612 1.8437913 1.9675020 1.4526570 2.0827022 1.4524327 1.4468165 1.3566977 1.4272102 1.5443877 0.0000000 0.9270821 0.8216676 1.2404262 1.5212804 0.9978380 1.3844360 1.3131111 0.9402731 0.9519505 2.0535123 1.6966192 1.5681483 
NAS4_CAEEL_102_291   1.4104119 1.2214565 1.8939250 1.7229967 1.9837627 1.9765770 1.2155862 2.3108819 1.6274934 1.3570316 1.4010145 1.3876864 1.1823386 0.9270821 0.0000000 0.8512881 0.8123400 1.0958494 1.2896942 1.1971441 1.1001365 1.2104937 1.3035494 1.9675857 2.0606958 1.5344924 
NAS15_CAEEL_121_308  1.5260043 1.3673787 1.4945321 1.4078917 1.8517375 2.0803935 1.3047605 2.2596520 1.3613427 1.4135269 1.3168143 1.4833356 1.5149436 0.8216676 0.8512881 0.0000000 1.0576616 1.1647262 1.1340262 1.1178822 1.2334191 1.0482282 1.3406712 1.9497431 2.0625441 1.9047353 
NAS7_CAEEL_87_274    1.6278679 1.8343042 2.5715487 2.2710274 2.7877542 2.0617564 1.5309793 2.6369049 1.7707059 1.7387420 1.8321107 1.6773146 1.5047411 1.2404262 0.8123400 1.0576616 0.0000000 0.5323058 1.7926246 1.1394194 1.5174572 1.2980954 1.3378680 2.4401607 1.9478707 1.9585959 
NAS8_CAEEL_119_308   1.8328744 2.2961246 2.9852517 3.1330509 3.2420810 2.2770070 1.5707757 2.7313753 1.8157091 1.7811462 2.1917064 2.0478811 1.9015389 1.5212804 1.0958494 1.1647262 0.5323058 0.0000000 2.0695745 1.2334639 1.7354036 1.5759725 1.6842964 2.7835642 1.9251682 2.0005051 
UVS2_XENLA_97_287    1.1976435 1.5998369 1.9815076 1.8145842 1.5514931 1.9675485 1.3450205 1.9980006 1.6209176 1.6143866 1.5540924 1.5980737 1.4491063 0.9978380 1.2896942 1.1340262 1.7926246 2.0695745 0.0000000 1.6639751 1.4608256 1.5553655 1.5951437 2.9713123 2.1046823 2.0133687 
Q25174_HYDAT_58_241  1.5906775 2.0767599 2.0085427 1.9389453 2.2319993 2.0308486 1.8446500 2.0888744 1.2219739 1.2195476 1.3056797 1.6636561 1.5449047 1.3844360 1.1971441 1.1178822 1.1394194 1.2334639 1.6639751 0.0000000 1.3361222 1.2391286 1.6243478 2.1175302 1.9606557 1.8514889 
BP10_PARLI_100_295   1.0608901 1.3670370 1.2208757 1.5138805 1.7125856 1.9513147 1.1410548 2.1645691 1.0097953 1.0942956 1.0955375 0.9871909 1.1731414 1.3131111 1.1001365 1.2334191 1.5174572 1.7354036 1.4608256 1.3361222 0.0000000 1.4094267 1.3399862 2.2701103 1.8666403 1.6706832 
MEP1B_HUMAN_69_257   1.7210273 1.6017131 2.3326878 1.6805245 1.9205491 2.2902556 1.5945803 2.2959377 1.7975489 1.6903912 1.7253236 1.5527858 1.5736424 0.9402731 1.2104937 1.0482282 1.2980954 1.5759725 1.5553655 1.2391286 1.4094267 0.0000000 0.5962245 2.5478204 2.6663363 2.3099368 
MEP1A_HUMAN_73_261   1.8855137 1.7214351 2.0574431 1.9305299 2.0818786 2.7423382 1.6354233 2.3733607 2.1605607 2.0105554 2.1718254 2.2763560 2.5003903 0.9519505 1.3035494 1.3406712 1.3378680 1.6842964 1.5951437 1.6243478 1.3399862 0.5962245 0.0000000 2.8269980 2.2768948 2.1330722 
NAS17_CAEEL_69_252   2.1640473 2.4487356 2.4192710 1.7404870 2.5203556 1.8415935 1.9958611 2.9973184 2.5735734 2.3285018 2.6341692 2.4393220 2.8040439 2.0535123 1.9675857 1.9497431 2.4401607 2.7835642 2.9713123 2.1175302 2.2701103 2.5478204 2.8269980 0.0000000 2.6615389 2.4695712 
NAS11_CAEEL_339_537  2.9034345 2.5916668 2.4763198 2.2670441 2.9091055 2.2557055 2.1081862 3.0021654 2.2569451 2.1587285 1.8777337 2.1375433 2.6372500 1.6966192 2.0606958 2.0625441 1.9478707 1.9251682 2.1046823 1.9606557 1.8666403 2.6663363 2.2768948 2.6615389 0.0000000 0.3397975 
NAS10_CAEEL_323_521  2.3672201 2.6233536 2.1078018 2.1123807 2.6239184 2.3081287 2.3789559 2.9955549 2.2764052 1.9852514 1.8780474 2.3211421 2.3980852 1.5681483 1.5344924 1.9047353 1.9585959 2.0005051 2.0133687 1.8514889 1.6706832 2.3099368 2.1330722 2.4695712 0.3397975 0.0000000 
