11
Q9SE33_ARATH_155_219 0.0000000 2.1057326 4.4971152 4.0030358 2.8742447 3.6235600 3.3939162 1.9208333 2.3526452 3.2709259 3.9863301 
Q9U4A7_TOXGO_125_189 2.1057326 0.0000000 3.6157199 3.9243415 3.5940920 3.6722266 2.9209716 2.2621077 1.8739052 3.0158043 2.5377639 
Q9VCC0_DROME_136_200 4.4971152 3.6157199 0.0000000 0.9820989 1.2012541 1.7849837 2.5680193 1.8364803 1.6149192 2.4848253 2.6424363 
Q9D1P4_MOUSE_153_217 4.0030358 3.9243415 0.9820989 0.0000000 0.9213062 1.4729025 2.6489650 1.7722792 1.9338086 2.1624227 3.3176827 
Q9U4A6_CAEEL_148_211 2.8742447 3.5940920 1.2012541 0.9213062 0.0000000 1.5742105 2.4652176 1.8035397 1.8531105 3.5515328 2.5288144 
ITBP2_MOUSE_146_210  3.6235600 3.6722266 1.7849837 1.4729025 1.5742105 0.0000000 3.0414736 2.4745982 2.7331827 3.1719105 2.3610592 
Q9U4A6_CAEEL_5_69    3.3939162 2.9209716 2.5680193 2.6489650 2.4652176 3.0414736 0.0000000 1.3250094 1.4653990 3.0868235 3.0212247 
Q9D1P4_MOUSE_1_65    1.9208333 2.2621077 1.8364803 1.7722792 1.8035397 2.4745982 1.3250094 0.0000000 0.4917800 2.7572355 2.2456952 
ITBP2_MOUSE_1_65     2.3526452 1.8739052 1.6149192 1.9338086 1.8531105 2.7331827 1.4653990 0.4917800 0.0000000 2.7168174 2.3008456 
Q9U4A7_TOXGO_1_65    3.2709259 3.0158043 2.4848253 2.1624227 3.5515328 3.1719105 3.0868235 2.7572355 2.7168174 0.0000000 2.4312576 
Q9SE33_ARATH_8_72    3.9863301 2.5377639 2.6424363 3.3176827 2.5288144 2.3610592 3.0212247 2.2456952 2.3008456 2.4312576 0.0000000 
