30
Q8Z341_SALTI_3_142   0.0000000 0.1467847 0.1226613 0.1735310 0.4283448 0.4405771 2.1759809 2.1489894 3.1275689 2.6366377 2.2166974 2.7520215 2.1865723 1.6678272 1.5977095 1.6335686 1.6335686 2.2576017 2.7966806 1.6456845 3.1719601 1.9227158 1.8608270 3.2634806 2.0940503 2.7621591 2.4242429 2.6337782 4.7741100 3.6177493 
Q8X7M1_ECO57_6_146   0.1467847 0.0000000 0.1915666 0.1037809 0.4746667 0.4871408 2.3962054 2.7722044 3.7623756 3.0058081 2.3998281 2.8629331 2.1727933 1.4992391 1.5084951 1.4473352 1.4473352 2.3525086 3.1210473 2.0591317 3.0265938 1.9169088 1.9178494 3.4554298 2.3870568 2.9583841 2.7529632 2.9428676 4.9811342 3.6888680 
YFDK_ECOLI_4_142     0.1226613 0.1915666 0.0000000 0.1701553 0.3675462 0.4668603 2.2070528 2.4456988 3.2454379 2.7269644 2.2055358 2.5061638 2.0196248 1.4435429 1.5233806 1.5575511 1.5575511 2.2907085 2.6748272 1.4833651 3.1537807 1.9862618 1.7788525 3.1442903 2.0952271 2.7636929 2.7154677 3.0658351 5.8182881 3.5236793 
Q8KT34_ECOLI_2_141   0.1735310 0.1037809 0.1701553 0.0000000 0.4932234 0.4999361 2.1366047 2.5678349 3.5758261 2.5343698 2.3767676 3.0204626 2.0194261 1.6773950 1.5018675 1.5358290 1.5358290 2.1597873 3.0631482 2.0721760 3.0276629 1.8275591 1.7093272 3.3948933 2.0985108 2.5555982 2.4597545 2.8692359 7.0860020 3.8543646 
YMFS_ECOLI_1_133     0.4283448 0.4746667 0.3675462 0.4932234 0.0000000 0.6135619 2.3281205 2.3131101 3.2900576 2.9784523 2.0804089 1.8822149 2.1663834 1.6403687 1.5873399 1.5501581 1.5501581 2.5005785 2.2789125 1.3816867 3.3086544 2.1436902 2.0425501 2.6958544 2.1026823 2.4480620 2.8446292 2.7487377 6.5295562 3.4236809 
Q8ZNJ2_SALTY_5_143   0.4405771 0.4871408 0.4668603 0.4999361 0.6135619 0.0000000 2.0439900 2.8838863 3.1768411 2.8544296 2.8660074 2.7918529 2.3918111 2.0042783 1.9207773 1.9673203 1.9673203 2.3026658 3.0353623 1.8391740 3.1247733 2.0195811 2.0968535 3.0244352 2.8764563 3.2709511 2.9439825 2.9254985 5.6211122 2.6454559 
Q8X491_ECO57_1_138   2.1759809 2.3962054 2.2070528 2.1366047 2.3281205 2.0439900 0.0000000 0.6626629 1.0979166 0.4788200 0.5755798 0.7731829 3.3209126 1.9674514 2.2039262 2.2325660 2.2325660 1.5717091 1.1012806 1.4719049 2.2971557 2.5326304 2.6518687 1.5718373 2.7670125 1.3501823 2.4291511 1.8086435 5.6744306 2.6080915 
O68721_YERPE_53_192  2.1489894 2.7722044 2.4456988 2.5678349 2.3131101 2.8838863 0.6626629 0.0000000 1.4542487 0.7485102 0.5554127 1.0300017 2.5057908 2.1706107 2.2789604 2.1823497 2.1823497 1.6974101 1.0755102 1.4585042 3.2622119 2.8749538 2.8046603 1.8208191 2.4997382 1.6400151 2.2174141 1.6624326 3.6783151 2.9412373 
Q9KIC2_SALTY_53_178  3.1275689 3.7623756 3.2454379 3.5758261 3.2900576 3.1768411 1.0979166 1.4542487 0.0000000 0.8977868 1.1666876 1.6592333 2.9954789 2.3357640 2.4839073 2.5383926 2.5383926 2.2152164 1.7460737 1.8743788 2.1557698 2.6429997 3.3127436 2.7566515 2.2358591 2.5184974 2.1753400 2.9669821 8.9999987 6.1934275 
O30896_SALTY_152_290 2.6366377 3.0058081 2.7269644 2.5343698 2.9784523 2.8544296 0.4788200 0.7485102 0.8977868 0.0000000 0.7974570 0.9726248 4.3223900 2.8707806 2.6856504 2.6621363 2.6621363 1.5709653 1.3427523 1.9705894 2.4235614 2.2338868 2.4359086 1.7031678 2.0934135 1.2259370 2.7432690 2.0131645 5.4172675 3.3290987 
TFA_BPAPS_17_155     2.2166974 2.3998281 2.2055358 2.3767676 2.0804089 2.8660074 0.5755798 0.5554127 1.1666876 0.7974570 0.0000000 0.7048991 2.3645899 1.7599135 1.9785823 1.8059043 1.8059043 1.5387214 0.8251351 1.3262827 2.1090275 2.2614671 2.6116322 1.3450263 1.7408168 1.1276237 2.2105998 1.7226353 3.6550330 2.8778318 
TFA_BPSF5_36_164     2.7520215 2.8629331 2.5061638 3.0204626 1.8822149 2.7918529 0.7731829 1.0300017 1.6592333 0.9726248 0.7048991 0.0000000 3.3335958 2.2630385 2.7717111 2.5408911 2.5408911 1.5383017 1.1216496 1.6518185 2.7254355 2.9043210 2.6911069 1.0307455 3.5436597 1.0525210 2.7275520 2.3117067 4.2104013 2.9736455 
Q8Z6S7_SALTI_61_201  2.1865723 2.1727933 2.0196248 2.0194261 2.1663834 2.3918111 3.3209126 2.5057908 2.9954789 4.3223900 2.3645899 3.3335958 0.0000000 0.6054772 0.5518248 0.5152726 0.5152726 2.6461063 1.9062573 2.4927082 2.9572879 2.0804774 1.9689522 3.2376172 2.4417604 3.5740842 2.2660693 2.6909683 6.0060515 3.2696742 
TFAB_ECOLI_59_199    1.6678272 1.4992391 1.4435429 1.6773950 1.6403687 2.0042783 1.9674514 2.1706107 2.3357640 2.8707806 1.7599135 2.2630385 0.6054772 0.0000000 0.3190254 0.3193567 0.3193567 2.5633398 2.2568910 2.0160775 2.0766602 1.6347346 1.4431302 2.7215240 2.2801137 2.9451028 2.2082129 2.0181120 6.6061621 4.3655146 
TFAS_ECOLI_1_113     1.5977095 1.5084951 1.5233806 1.5018675 1.5873399 1.9207773 2.2039262 2.2789604 2.4839073 2.6856504 1.9785823 2.7717111 0.5518248 0.3190254 0.0000000 0.0625831 0.0625831 2.8631328 2.5228734 2.2934231 3.1962177 1.7662810 2.0641629 2.3478091 2.0734631 2.2409800 2.4220275 2.1580997 8.2114698 4.2182492 
TFAE_ECOLI_59_199    1.6335686 1.4473352 1.5575511 1.5358290 1.5501581 1.9673203 2.2325660 2.1823497 2.5383926 2.6621363 1.8059043 2.5408911 0.5152726 0.3193567 0.0625831 0.0000000 0.0000010 2.7578079 2.2431697 2.3075758 3.2055185 1.7246334 2.0751717 2.2088117 2.0589634 2.2258789 2.3053879 2.1584822 8.3809355 4.2648783 
Q8X7M0_ECO57_58_196  1.6335686 1.4473352 1.5575511 1.5358290 1.5501581 1.9673203 2.2325660 2.1823497 2.5383926 2.6621363 1.8059043 2.5408911 0.5152726 0.3193567 0.0625831 0.0000010 0.0000000 2.7578079 2.2431697 2.3075758 3.2055185 1.7246334 2.0751717 2.2088117 2.0589634 2.2258789 2.3053879 2.1584822 8.3809355 4.2648783 
Q8XYR5_RALSO_56_197  2.2576017 2.3525086 2.2907085 2.1597873 2.5005785 2.3026658 1.5717091 1.6974101 2.2152164 1.5709653 1.5387214 1.5383017 2.6461063 2.5633398 2.8631328 2.7578079 2.7578079 0.0000000 1.3293477 1.8321819 3.5669734 2.9784632 2.5616166 2.1941562 3.2132118 1.6919348 2.6654532 1.9524482 6.7539858 4.9532269 
Q9B026_9VIRU_1_144   2.7966806 3.1210473 2.6748272 3.0631482 2.2789125 3.0353623 1.1012806 1.0755102 1.7460737 1.3427523 0.8251351 1.1216496 1.9062573 2.2568910 2.5228734 2.2431697 2.2431697 1.3293477 0.0000000 1.2173969 3.7755864 2.6138070 2.9445812 1.6350769 2.5636790 1.7355775 2.8644158 2.0002796 4.7238412 2.6479813 
Q8ZEM7_YERPE_1_139   1.6456845 2.0591317 1.4833651 2.0721760 1.3816867 1.8391740 1.4719049 1.4585042 1.8743788 1.9705894 1.3262827 1.6518185 2.4927082 2.0160775 2.2934231 2.3075758 2.3075758 1.8321819 1.2173969 0.0000000 2.8359601 2.2686313 1.9266065 2.4862478 2.5132296 2.1843191 2.5354377 2.5766982 3.9244025 3.2784164 
Q8X2X4_ECO57_30_173  3.1719601 3.0265938 3.1537807 3.0276629 3.3086544 3.1247733 2.2971557 3.2622119 2.1557698 2.4235614 2.1090275 2.7254355 2.9572879 2.0766602 3.1962177 3.2055185 3.2055185 3.5669734 3.7755864 2.8359601 0.0000000 1.0261907 1.1904090 2.7094569 1.6971619 2.6387228 1.7558041 4.7030615 5.6633233 4.6223536 
Q8XGL2_SALTI_30_172  1.9227158 1.9169088 1.9862618 1.8275591 2.1436902 2.0195811 2.5326304 2.8749538 2.6429997 2.2338868 2.2614671 2.9043210 2.0804774 1.6347346 1.7662810 1.7246334 1.7246334 2.9784632 2.6138070 2.2686313 1.0261907 0.0000000 0.5573830 2.5943252 1.8983089 2.7003130 1.6954513 3.2201331 6.6459051 4.3798981 
Q8ZMU6_SALTY_51_205  1.8608270 1.9178494 1.7788525 1.7093272 2.0425501 2.0968535 2.6518687 2.8046603 3.3127436 2.4359086 2.6116322 2.6911069 1.9689522 1.4431302 2.0641629 2.0751717 2.0751717 2.5616166 2.9445812 1.9266065 1.1904090 0.5573830 0.0000000 2.8560858 1.9240146 2.3891839 1.8437792 3.5277250 9.0000000 4.8087102 
Q37843_BP186_31_166  3.2634806 3.4554298 3.1442903 3.3948933 2.6958544 3.0244352 1.5718373 1.8208191 2.7566515 1.7031678 1.3450263 1.0307455 3.2376172 2.7215240 2.3478091 2.2088117 2.2088117 2.1941562 1.6350769 2.4862478 2.7094569 2.5943252 2.8560858 0.0000000 2.5654307 0.6520859 2.4021986 3.2764171 5.2112206 2.2421715 
Q53812_SHISO_37_177  2.0940503 2.3870568 2.0952271 2.0985108 2.1026823 2.8764563 2.7670125 2.4997382 2.2358591 2.0934135 1.7408168 3.5436597 2.4417604 2.2801137 2.0734631 2.0589634 2.0589634 3.2132118 2.5636790 2.5132296 1.6971619 1.8983089 1.9240146 2.5654307 0.0000000 2.0964668 1.4028077 3.8510290 8.0533020 6.2984920 
TFA_BPMU_37_175      2.7621591 2.9583841 2.7636929 2.5555982 2.4480620 3.2709511 1.3501823 1.6400151 2.5184974 1.2259370 1.1276237 1.0525210 3.5740842 2.9451028 2.2409800 2.2258789 2.2258789 1.6919348 1.7355775 2.1843191 2.6387228 2.7003130 2.3891839 0.6520859 2.0964668 0.0000000 2.2172560 3.8354508 4.9433010 2.0826423 
Q8W612_9CAUD_38_179  2.4242429 2.7529632 2.7154677 2.4597545 2.8446292 2.9439825 2.4291511 2.2174141 2.1753400 2.7432690 2.2105998 2.7275520 2.2660693 2.2082129 2.4220275 2.3053879 2.3053879 2.6654532 2.8644158 2.5354377 1.7558041 1.6954513 1.8437792 2.4021986 1.4028077 2.2172560 0.0000000 2.4843332 8.7785984 4.7001439 
Q8ZNJ1_SALTY_37_174  2.6337782 2.9428676 3.0658351 2.8692359 2.7487377 2.9254985 1.8086435 1.6624326 2.9669821 2.0131645 1.7226353 2.3117067 2.6909683 2.0181120 2.1580997 2.1584822 2.1584822 1.9524482 2.0002796 2.5766982 4.7030615 3.2201331 3.5277250 3.2764171 3.8510290 3.8354508 2.4843332 0.0000000 8.6548512 4.3125490 
TFA_BPT4_42_171      4.7741100 4.9811342 5.8182881 7.0860020 6.5295562 5.6211122 5.6744306 3.6783151 8.9999987 5.4172675 3.6550330 4.2104013 6.0060515 6.6061621 8.2114698 8.3809355 8.3809355 6.7539858 4.7238412 3.9244025 5.6633233 6.6459051 9.0000000 5.2112206 8.0533020 4.9433010 8.7785984 8.6548512 0.0000000 3.1744007 
Q99365_BPT4_42_141   3.6177493 3.6888680 3.5236793 3.8543646 3.4236809 2.6454559 2.6080915 2.9412373 6.1934275 3.3290987 2.8778318 2.9736455 3.2696742 4.3655146 4.2182492 4.2648783 4.2648783 4.9532269 2.6479813 3.2784164 4.6223536 4.3798981 4.8087102 2.2421715 6.2984920 2.0826423 4.7001439 4.3125490 3.1744007 0.0000000 
