20
CADN_DROME_2940_3086 0.0000000 1.0017600 1.1098777 1.0648279 1.0439567 0.9017377 0.9603908 1.3764315 1.0625416 1.1576615 0.9737771 0.8835915 0.9600270 1.0987043 0.9379786 1.0502752 1.1697266 1.3660200 1.4355597 1.1561106 
CADH1_CHICK_736_883  1.0017600 0.0000000 0.2345410 0.2830747 0.2465251 0.3397719 0.3476186 0.7949806 0.7541083 0.7321664 0.8260358 0.8419823 0.8476051 0.9157846 0.8259781 0.9766529 1.1920160 1.2305528 1.2404131 1.4354804 
CADH1_XENLA_724_870  1.1098777 0.2345410 0.0000000 0.2128497 0.2919496 0.3463283 0.3339290 0.7933678 0.8241612 0.7740545 0.8658209 0.8474955 0.8601601 0.9099357 0.7931280 0.9763269 1.2380801 1.3289429 1.1786505 1.6624000 
CADHB_XENLA_731_878  1.0648279 0.2830747 0.2128497 0.0000000 0.2720513 0.3136895 0.3393536 0.7671050 0.8155195 0.8140009 0.8322103 0.8371830 0.8384153 0.9472202 0.8159618 1.0522301 1.1926429 1.2243487 1.2888939 1.3820991 
CADH3_BOVIN_340_488  1.0439567 0.2465251 0.2919496 0.2720513 0.0000000 0.4231796 0.4318263 0.9089492 0.7718693 0.7721410 0.9042155 0.8497263 0.9214001 0.9232919 0.7994377 0.9990831 1.2426140 1.4221453 1.4916278 1.5882669 
CADH2_BOVIN_718_875  0.9017377 0.3397719 0.3463283 0.3136895 0.4231796 0.0000000 0.0585857 0.6715206 0.6089513 0.5959334 0.7277586 0.6885078 0.7403728 0.8358581 0.7584105 0.9161534 0.9688050 1.1360458 1.1405012 1.2456277 
CADH4_MOUSE_754_910  0.9603908 0.3476186 0.3339290 0.3393536 0.4318263 0.0585857 0.0000000 0.7539802 0.6367506 0.6182525 0.7456515 0.7117132 0.8073014 0.8619153 0.7878386 0.8634483 1.0393493 1.2302361 1.1741455 1.3560237 
Q17281_BOTSH_756_905 1.3764315 0.7949806 0.7933678 0.7671050 0.9089492 0.6715206 0.7539802 0.0000000 1.1539148 1.1178236 1.1391537 1.0601323 1.1486440 1.1823445 1.2274007 1.1731150 1.5108127 1.6178620 1.1954923 1.4172220 
CAD15_MOUSE_628_784  1.0625416 0.7541083 0.8241612 0.8155195 0.7718693 0.6089513 0.6367506 1.1539148 0.0000000 0.1067330 1.0394008 0.9978834 1.0864495 1.1459789 1.0655844 1.2540394 1.4338570 1.4323461 1.6606829 1.3768888 
CAD15_HUMAN_629_783  1.1576615 0.7321664 0.7740545 0.8140009 0.7721410 0.5959334 0.6182525 1.1178236 0.1067330 0.0000000 0.9783525 0.9323678 1.0781638 1.0386131 0.9895416 1.1711690 1.4111303 1.3690098 1.6285049 1.4110049 
CADH8_HUMAN_645_793  0.9737771 0.8260358 0.8658209 0.8322103 0.9042155 0.7277586 0.7456515 1.1391537 1.0394008 0.9783525 0.0000000 0.2065222 0.4554136 0.6262109 0.5015579 0.5695548 0.6317117 1.1779628 1.0266487 1.2218211 
CAD11_HUMAN_642_789  0.8835915 0.8419823 0.8474955 0.8371830 0.8497263 0.6885078 0.7117132 1.0601323 0.9978834 0.9323678 0.2065222 0.0000000 0.5629470 0.5860779 0.4438093 0.5084505 0.6925923 1.0681892 1.0032280 1.1183580 
CADH7_CHICK_632_779  0.9600270 0.8476051 0.8601601 0.8384153 0.9214001 0.7403728 0.8073014 1.1486440 1.0864495 1.0781638 0.4554136 0.5629470 0.0000000 0.5005946 0.4158794 0.5897726 0.4960115 0.8723474 1.0931696 1.2346468 
CAD12_HUMAN_639_785  1.0987043 0.9157846 0.9099357 0.9472202 0.9232919 0.8358581 0.8619153 1.1823445 1.1459789 1.0386131 0.6262109 0.5860779 0.5005946 0.0000000 0.2713356 0.6774581 0.7696278 1.1256448 1.3849317 1.3965304 
CADH6_HUMAN_638_784  0.9379786 0.8259781 0.7931280 0.8159618 0.7994377 0.7584105 0.7878386 1.2274007 1.0655844 0.9895416 0.5015579 0.4438093 0.4158794 0.2713356 0.0000000 0.5530084 0.6267320 1.0691916 1.2346201 1.3221829 
CAD18_HUMAN_638_784  1.0502752 0.9766529 0.9763269 1.0522301 0.9990831 0.9161534 0.8634483 1.1731150 1.2540394 1.1711690 0.5695548 0.5084505 0.5897726 0.6774581 0.5530084 0.0000000 0.7505336 1.0351344 1.1816368 1.6076410 
Q91838_XENLA_637_784 1.1697266 1.1920160 1.2380801 1.1926429 1.2426140 0.9688050 1.0393493 1.5108127 1.4338570 1.4111303 0.6317117 0.6925923 0.4960115 0.7696278 0.6267320 0.7505336 0.0000000 1.1673391 1.2502967 1.4930295 
CAD22_RAT_646_804    1.3660200 1.2305528 1.3289429 1.2243487 1.4221453 1.1360458 1.2302361 1.6178620 1.4323461 1.3690098 1.1779628 1.0681892 0.8723474 1.1256448 1.0691916 1.0351344 1.1673391 0.0000000 1.5117622 1.5631213 
CADH5_HUMAN_623_777  1.4355597 1.2404131 1.1786505 1.2888939 1.4916278 1.1405012 1.1741455 1.1954923 1.6606829 1.6285049 1.0266487 1.0032280 1.0931696 1.3849317 1.2346201 1.1816368 1.2502967 1.5117622 0.0000000 1.5324746 
CADE_DROME_1352_1491 1.1561106 1.4354804 1.6624000 1.3820991 1.5882669 1.2456277 1.3560237 1.4172220 1.3768888 1.4110049 1.2218211 1.1183580 1.2346468 1.3965304 1.3221829 1.6076410 1.4930295 1.5631213 1.5324746 0.0000000 
