22
MTKA_METEX_2_203   0.0000000 1.5083461 1.1185401 1.3921840 1.2036646 1.6105687 1.6402697 1.5375010 1.8832464 2.0478213 2.5230063 1.7697690 2.1209004 1.7595007 2.0023518 1.8753241 1.9159088 2.0632826 2.0763563 2.3854502 2.1433253 2.4263883 
SUCC_THETH_2_194   1.5083461 0.0000000 0.9442908 1.1181790 1.3791980 1.4410259 1.9104864 1.3551668 1.0365851 1.2884368 1.4061163 1.3735748 0.9259502 1.2516167 1.9383787 1.7264521 1.7151899 1.6908827 1.6643197 1.6540283 1.8111390 1.6497218 
SUCC_BACSU_2_203   1.1185401 0.9442908 0.0000000 0.9613193 0.9288725 1.0946159 1.4385517 0.8313030 1.5943216 1.7031797 1.7732498 1.6065971 1.5059846 1.4621667 1.7666763 1.4579083 1.4013501 1.7335713 1.5490245 1.7421299 1.3864129 2.0906070 
SUCC_AQUAE_2_199   1.3921840 1.1181790 0.9613193 0.0000000 1.1460433 1.2449830 1.5162763 1.4866381 1.3598322 1.6375711 1.5186887 1.6557953 1.7594915 1.5454729 1.6572890 1.6668674 1.8223078 1.7319859 1.8538081 1.8324681 1.4737422 1.9816504 
SUCC_COXBU_2_204   1.2036646 1.3791980 0.9288725 1.1460433 0.0000000 0.6667283 0.9111453 1.2167374 2.0279199 1.9331050 1.6018590 1.6756200 1.7627030 1.5911094 2.3044021 1.7215697 1.6759717 1.7489984 1.7566068 1.8338064 1.6139423 1.8495044 
SUCC_SHIFL_2_203   1.6105687 1.4410259 1.0946159 1.2449830 0.6667283 0.0000000 0.7685645 1.2506599 1.5366754 2.2016118 2.1370351 1.8961777 1.6908946 2.1090573 2.2109008 1.8252643 1.6417788 2.5588921 1.8211243 1.9256723 1.9664483 1.9484387 
SUCC_HAEIN_2_203   1.6402697 1.9104864 1.4385517 1.5162763 0.9111453 0.7685645 0.0000000 1.6154039 2.0010281 1.8879006 2.2839535 2.1094723 2.0385696 1.9946938 2.3783519 2.1523130 2.2376157 2.5546840 2.2704549 2.1844719 2.1384133 2.5158129 
SUCC_RICPR_2_203   1.5375010 1.3551668 0.8313030 1.4866381 1.2167374 1.2506599 1.6154039 0.0000000 1.8130888 1.6489205 1.3949957 1.9924571 1.8505519 1.7590197 1.7002113 1.4898567 1.5629448 1.8846440 1.4826539 1.7395391 1.4687623 2.2809336 
SUCC1_ARCFU_2_195  1.8832464 1.0365851 1.5943216 1.3598322 2.0279199 1.5366754 2.0010281 1.8130888 0.0000000 0.8250100 1.7190215 1.3563562 1.5015153 1.1929328 2.0736366 2.0053547 1.9955982 1.8334989 2.1137803 2.0063433 1.9781908 2.2273178 
SUCC2_ARCFU_2_195  2.0478213 1.2884368 1.7031797 1.6375711 1.9331050 2.2016118 1.8879006 1.6489205 0.8250100 0.0000000 1.4110608 1.4678906 1.5663580 1.3667656 2.2016575 2.1932751 2.2361668 2.0503852 2.2181553 2.1534817 2.1820349 2.9939700 
SUCC_METJA_2_193   2.5230063 1.4061163 1.7732498 1.5186887 1.6018590 2.1370351 2.2839535 1.3949957 1.7190215 1.4110608 0.0000000 1.2158737 1.8730293 2.0826634 1.8869527 1.7353314 2.0719362 1.7109513 2.2299715 1.7907838 1.7835385 2.1887068 
SUCC_METTH_2_194   1.7697690 1.3735748 1.6065971 1.6557953 1.6756200 1.8961777 2.1094723 1.9924571 1.3563562 1.4678906 1.2158737 0.0000000 1.6228032 1.3820563 2.1491932 1.7624553 2.1914094 1.9254299 2.0950868 1.9606651 2.1405985 2.0155835 
SUCC_MYCTU_2_195   2.1209004 0.9259502 1.5059846 1.7594915 1.7627030 1.6908946 2.0385696 1.8505519 1.5015153 1.5663580 1.8730293 1.6228032 0.0000000 0.9450505 2.4998441 2.2835527 1.8394549 2.1370995 1.7036550 1.8722266 2.0935409 2.3214423 
SUCC2_STRCO_2_191  1.7595007 1.2516167 1.4621667 1.5454729 1.5911094 2.1090573 1.9946938 1.7590197 1.1929328 1.3667656 2.0826634 1.3820563 0.9450505 0.0000000 2.1056121 1.9234892 1.8465531 1.7782390 1.7098106 1.7950966 1.8940352 2.6174911 
SUCB_SCHPO_24_232  2.0023518 1.9383787 1.7666763 1.6572890 2.3044021 2.2109008 2.3783519 1.7002113 2.0736366 2.2016575 1.8869527 2.1491932 2.4998441 2.1056121 0.0000000 1.2276710 1.0304826 1.2697620 1.4950453 1.6018339 1.7525859 2.6653947 
SUCB_YEAST_32_240  1.8753241 1.7264521 1.4579083 1.6668674 1.7215697 1.8252643 2.1523130 1.4898567 2.0053547 2.1932751 1.7353314 1.7624553 2.2835527 1.9234892 1.2276710 0.0000000 0.8712545 1.4057029 1.2522916 1.3154651 1.5841425 2.7842925 
SUCB_NEOFR_29_237  1.9159088 1.7151899 1.4013501 1.8223078 1.6759717 1.6417788 2.2376157 1.5629448 1.9955982 2.2361668 2.0719362 2.1914094 1.8394549 1.8465531 1.0304826 0.8712545 0.0000000 1.0012644 1.4189433 1.2438958 1.8318760 2.3626242 
SUCB1_CAEEL_25_233 2.0632826 1.6908827 1.7335713 1.7319859 1.7489984 2.5588921 2.5546840 1.8846440 1.8334989 2.0503852 1.7109513 1.9254299 2.1370995 1.7782390 1.2697620 1.4057029 1.0012644 0.0000000 1.6739465 1.2244045 1.4954911 2.5381633 
SUCB_TRIVA_11_220  2.0763563 1.6643197 1.5490245 1.8538081 1.7566068 1.8211243 2.2704549 1.4826539 2.1137803 2.2181553 2.2299715 2.0950868 1.7036550 1.7098106 1.4950453 1.2522916 1.4189433 1.6739465 0.0000000 1.3437167 1.4635417 2.1101386 
SUCB2_PIG_40_248   2.3854502 1.6540283 1.7421299 1.8324681 1.8338064 1.9256723 2.1844719 1.7395391 2.0063433 2.1534817 1.7907838 1.9606651 1.8722266 1.7950966 1.6018339 1.3154651 1.2438958 1.2244045 1.3437167 0.0000000 0.9191774 2.5232220 
SUCB2_CAEEL_21_231 2.1433253 1.8111390 1.3864129 1.4737422 1.6139423 1.9664483 2.1384133 1.4687623 1.9781908 2.1820349 1.7835385 2.1405985 2.0935409 1.8940352 1.7525859 1.5841425 1.8318760 1.4954911 1.4635417 0.9191774 0.0000000 2.0294173 
SUCC_CHLPN_2_203   2.4263883 1.6497218 2.0906070 1.9816504 1.8495044 1.9484387 2.5158129 2.2809336 2.2273178 2.9939700 2.1887068 2.0155835 2.3214423 2.6174911 2.6653947 2.7842925 2.3626242 2.5381633 2.1101386 2.5232220 2.0294173 0.0000000 
