75
Q9HKW7_THEAC_3_187   0.0000000 0.7533783 0.6487480 0.7290360 0.6506660 0.9751867 1.0033930 0.8924512 0.7971454 0.7865559 0.9846426 1.0458766 0.9557041 1.1559659 0.8578139 1.1047475 0.9356843 0.9336524 0.9850735 1.7055493 1.3916139 0.9845912 1.0565102 1.1530863 1.2284313 1.2105770 1.1659178 0.9168654 1.0051890 1.1679971 1.4703645 1.0424429 1.0890518 1.2520795 1.2223841 1.1956791 1.6104787 1.0659766 0.8887641 0.9425873 1.0931871 1.3936562 1.4784542 0.9050894 0.9115093 1.2271287 2.1700171 1.2073378 1.0307310 1.2065849 1.6856519 1.5501444 1.1003863 1.1836573 1.2822715 2.0490512 1.2601099 1.4999857 2.4448867 1.8993975 1.2721687 1.8333745 1.6858310 2.1873168 1.9195418 1.9381739 1.6517939 1.6273600 1.8792257 1.9307230 2.4277948 1.9032170 1.8833078 1.2544847 2.2770817 
Q97UK9_SULSO_3_184   0.7533783 0.0000000 0.8559779 0.7551549 0.9192126 0.7627386 0.8792080 0.8340322 0.9338861 0.9856515 1.0067157 1.0624737 0.8373175 1.0180623 0.9272265 0.9021347 1.0944742 1.1567911 0.9945120 2.1817396 1.6135393 0.9068252 1.0826695 0.7327607 1.2919346 1.1114187 1.3167554 1.5394701 1.1482455 1.9222974 1.3752510 1.5910251 1.4020579 1.2914897 1.1016230 1.1712026 1.7741664 1.0426377 1.3582848 1.0358449 1.2153958 1.7627798 1.2324567 1.2541263 1.1848241 1.2901219 2.4455168 1.3968184 1.1749787 1.6175610 1.8511963 1.6268449 1.6827033 1.2863606 1.3920333 1.7764328 1.0730592 1.5786274 2.3700316 1.8580359 1.2576859 1.5674018 1.6928677 2.5530235 1.8210141 1.6912314 2.4891373 1.4177894 1.5739884 1.7002532 2.2687343 1.8291815 2.3048261 1.1497885 1.8657358 
O29077_ARCFU_6_190   0.6487480 0.8559779 0.0000000 0.9173677 0.8423332 0.9478526 0.7846759 0.9252920 0.8085800 0.7075054 0.8612593 0.6916411 0.6814463 0.8909483 0.6150043 0.9346816 0.9917029 0.8291120 0.9150441 1.7311668 0.9258952 0.8195861 1.0633205 0.7683836 1.8298674 1.0495091 1.5432411 1.2181925 1.0610399 1.2503921 1.3709836 0.9324145 0.9296224 1.4275714 1.0844328 1.0813523 1.4914106 1.0032403 1.0790688 0.9323443 1.1719232 1.2910003 1.4887049 1.0090028 0.9476693 1.5326413 2.2684540 1.3399670 1.2537720 1.4070600 1.4298003 1.7515122 1.4513736 1.3785148 1.4488783 1.4625951 1.9597689 1.5902243 2.6269315 1.3276703 1.2472482 1.5679144 1.6645110 2.0334893 1.8298219 2.3325916 2.2801651 1.7979683 1.6172755 1.9963283 2.6946389 2.1325483 2.0198694 1.3896443 2.0560874 
Q978T2_THEVO_3_184   0.7290360 0.7551549 0.9173677 0.0000000 0.7583559 0.6746759 0.7046488 1.0229449 0.8645183 0.8683698 0.9596653 1.0138252 1.0434257 1.2913831 1.0922586 1.1433742 1.0439135 1.2233514 1.2419269 1.6158755 1.1893145 1.2325640 1.0484402 0.9663100 1.1251326 1.0727723 1.1643963 1.6542413 1.5527389 1.2053342 1.2931446 1.2628941 1.2882272 1.5678239 1.5239299 1.5161630 1.7795178 1.0594967 1.0653870 1.2046945 1.1037261 1.5144208 1.3250479 0.8047916 0.8980089 1.4607457 2.0582123 1.3620631 1.2352081 1.4219929 1.7343536 1.5904814 1.2513942 1.1081480 1.6157917 1.8349300 1.2293345 1.6706655 3.0645197 2.0367911 1.6370384 2.0100931 1.8662889 1.9290607 2.6528461 2.3920000 2.1442536 1.8266467 1.7752652 1.8591505 2.7219429 1.9601811 2.0634658 1.3110398 2.3691301 
Q96XV4_SULTO_3_183   0.6506660 0.9192126 0.8423332 0.7583559 0.0000000 0.6546275 0.7268947 0.8293364 0.7151941 0.7449140 0.9479243 1.0825687 1.1422656 1.0540509 0.9109330 1.1711722 1.1401311 1.1555737 1.1021133 1.7735689 1.6502440 1.1485139 0.9985889 1.0678089 1.3122382 1.1430816 1.4868358 1.0585505 0.9536494 0.9809126 1.9761308 1.0742749 1.1286511 1.3636236 1.2449154 1.1169586 1.4152872 1.2843044 1.0717322 1.2954669 1.6679030 1.1508113 1.1619011 0.9148511 1.1349722 1.2069733 2.6177432 1.0748854 0.9758945 1.2628739 1.3496597 1.2860377 0.8002612 0.9303656 1.3073300 2.0927601 1.1838203 1.2628357 2.0642367 1.6411666 1.5154972 1.5462880 1.7807940 2.3389815 1.5288745 2.3470360 1.8599741 1.5016168 2.0150122 1.7428936 2.2759357 1.9162594 1.5536717 1.3695973 2.2852041 
Q8ZXA0_PYRAE_2_186   0.9751867 0.7627386 0.9478526 0.6746759 0.6546275 0.0000000 0.7381811 0.8686494 0.8236444 0.6652094 0.6624964 0.9341743 0.7323110 0.9909955 0.9130051 1.1666933 0.8275712 0.9833180 1.0964749 1.8623897 1.2062581 1.2517146 0.9292838 1.0752484 1.3799717 1.1172086 1.2004675 1.2717915 1.0556593 1.0818888 1.3803750 0.6788159 1.0556992 1.2264027 0.9802857 0.7719833 1.2555639 0.9399191 1.0442353 1.0117567 1.2505343 0.9506523 1.0400848 0.8319295 0.8900731 1.3759836 1.7074987 1.5624110 1.7662327 0.8965248 1.3300566 0.9370364 0.9929160 1.1303922 1.5319889 1.5209773 0.9785312 1.2745069 2.4164509 1.4245791 1.3361585 1.1202643 1.5929493 2.3647576 1.8168532 1.7787099 1.8697830 1.0763617 1.8295016 1.6458973 2.1213704 1.7911465 1.6911254 1.2040081 1.9945910 
O29237_ARCFU_3_184   1.0033930 0.8792080 0.7846759 0.7046488 0.7268947 0.7381811 0.0000000 1.0126260 1.0071528 0.9586307 0.9670810 1.0505241 0.9050361 1.2101180 1.0005360 1.0721076 1.1559704 1.1489569 1.2651909 1.7989433 1.4267001 1.1173890 1.3970073 1.0613038 2.0032820 1.1268799 1.5111371 1.3226375 1.0596380 1.3151409 2.0578298 0.9746013 0.9137520 1.3881835 1.1786017 0.8500968 1.2715169 1.5977015 1.3517309 1.5951367 1.5077713 1.2475079 1.3531376 0.8219624 1.3582891 1.3045391 2.3286834 1.6857913 1.3620674 1.4846568 1.7656638 1.7599698 1.0350386 1.5121926 1.5401529 1.9817428 1.3810266 1.4375800 2.2488718 1.6638803 1.0769239 1.4607112 1.8215993 2.3231080 2.3451084 2.2029468 2.1761398 1.9567681 1.6746744 2.3332703 2.5317400 2.2180236 2.1722805 1.5292988 2.0110568 
Q6KYW3_PICTO_2_174   0.8924512 0.8340322 0.9252920 1.0229449 0.8293364 0.8686494 1.0126260 0.0000000 0.7486925 0.8671989 0.9722737 0.8540945 0.8314845 1.2163473 0.8037664 1.1660119 1.4404568 1.1087167 1.3011405 1.6490144 1.2234775 1.0031190 1.0881733 0.8512846 1.1389028 1.1155207 1.3499503 0.9933842 1.0163816 1.1659536 1.8484152 1.0035346 1.1373141 1.3652834 1.4892063 1.3163643 1.6449534 1.6247590 1.0454925 1.3896294 1.3262878 1.4947591 1.4166938 1.0886408 0.9115047 1.0823884 1.9282047 1.0726662 1.2884411 1.1859008 1.8075475 1.3659154 1.2175419 1.4102760 1.2975440 1.6933930 1.3095057 1.1357335 1.6226288 1.4421279 1.1839097 1.8088998 1.6607372 2.6413965 1.5822887 2.3289816 2.3322910 1.3924643 2.1059041 2.3592279 2.4507582 2.8241295 2.2129837 1.3828384 2.4292910 
Q9KBD3_BACHD_3_185   0.7971454 0.9338861 0.8085800 0.8645183 0.7151941 0.8236444 1.0071528 0.7486925 0.0000000 0.4976667 0.7025909 0.8360943 0.7260824 0.7098686 0.7486033 0.9398623 0.8722098 0.9524337 0.8161794 1.2462465 1.0449583 0.6529879 0.8711763 0.7027191 0.9542797 1.1151493 1.3651218 1.0535820 1.1879992 0.9513763 1.2504163 0.7567337 0.9139230 1.3349050 1.1929490 1.2197089 1.3800254 1.0747440 0.8384865 0.8992840 1.1397575 1.1093018 1.1502841 1.0260807 0.9047090 1.1941769 1.7475303 1.3062008 1.0274395 1.1667600 1.4437795 1.1942594 0.9077733 1.0712077 1.3498082 1.6745387 1.2427428 1.2795810 2.0169578 1.4263852 1.5442872 1.4492537 1.7652741 1.9824819 1.7001269 2.1760409 2.1630700 1.0360468 2.2998232 2.4693419 2.6096116 2.3854734 1.3740975 1.2862857 2.2238114 
Q8R5U1_THETN_2_182   0.7865559 0.9856515 0.7075054 0.8683698 0.7449140 0.6652094 0.9586307 0.8671989 0.4976667 0.0000000 0.2811799 0.4872302 0.6599606 0.5214471 0.6060807 0.7422914 0.8832862 0.7466531 0.6679905 1.1437807 0.9701420 0.5589481 0.7969542 0.5804567 1.1398831 0.7734507 1.4168132 1.1560838 1.1138421 0.8848314 1.0457320 0.6508670 0.8625424 1.1257270 1.0777888 1.0986312 1.2420188 0.8645408 0.7334721 0.8865074 1.1747006 0.9325607 1.2792457 1.0448802 0.8806824 1.3371959 1.8765278 1.1290078 0.8662999 1.0154717 1.2773142 1.2084650 0.9829506 1.0279774 1.7326785 1.9590064 1.2621041 1.6310988 2.2605143 1.3074086 1.8475634 1.6825285 1.7828635 2.0190476 2.1060001 2.1328581 2.2167276 1.0247843 1.8485372 2.3227971 2.7176362 2.2430925 1.6856938 1.3386627 2.0342981 
Q8RES5_FUSNN_2_179   0.9846426 1.0067157 0.8612593 0.9596653 0.9479243 0.6624964 0.9670810 0.9722737 0.7025909 0.2811799 0.0000000 0.6561656 0.7153574 0.6774760 0.6334200 0.7329103 0.9205276 0.9900947 0.8645214 1.4626432 0.9608364 0.9496455 0.9208326 0.5741667 1.0758087 0.8072580 1.4557342 1.1638012 1.0908106 0.9131064 1.1819243 0.8565677 1.3021265 1.1561536 1.0633492 1.0456966 1.2947260 0.7545306 0.7745044 0.9228015 1.0977713 0.8264614 1.3998616 1.0906486 0.9073223 1.5128522 1.9383806 1.0644186 1.2703112 1.2766716 1.4264387 1.3025555 1.1245568 1.2262922 1.4264043 1.9199673 1.1074182 1.3645675 2.0674939 1.3790206 1.7208327 2.1929747 1.7052503 2.0857169 1.9535643 2.3307371 2.4600847 1.0607512 1.8934866 2.1676995 2.5063305 2.6147561 1.7092973 1.3075289 2.0683709 
Q8YJI4_BRUME_3_184   1.0458766 1.0624737 0.6916411 1.0138252 1.0825687 0.9341743 1.0505241 0.8540945 0.8360943 0.4872302 0.6561656 0.0000000 0.5411280 0.8249947 0.5154387 0.5838349 0.8806834 0.8823861 0.9739559 1.7956374 0.9871994 0.7442292 0.8534088 0.5621413 1.2473690 0.8863714 1.6504811 1.0504275 1.1288048 0.7075148 0.7890808 0.8653717 1.0044466 1.2710638 1.3286078 0.9164416 1.2154045 1.2265995 1.2172171 1.0857963 1.2380336 1.5477120 1.4828059 1.3340238 0.9237902 1.8894962 2.2110931 1.2456766 1.1102537 1.1518095 1.1824876 1.8311696 1.5791610 1.8967430 1.8978158 1.8171843 1.4852932 1.3014592 2.1819287 1.1384243 1.8131148 1.8634471 1.8450224 1.9931671 2.4942850 2.3212239 2.5131767 1.6765403 2.0991530 2.1904219 2.3431000 2.2568092 2.4204200 1.5270510 1.7654413 
Q9LDF5_ARATH_4_185   0.9557041 0.8373175 0.6814463 1.0434257 1.1422656 0.7323110 0.9050361 0.8314845 0.7260824 0.6599606 0.7153574 0.5411280 0.0000000 0.7985791 0.7063326 0.7086976 0.6374462 0.9008513 0.8162114 1.9857378 1.2291249 0.8964999 0.9964700 0.8499594 1.4943783 0.9884081 1.4513263 1.1015014 1.3438723 1.4036799 1.1674857 0.9903510 1.0157492 1.3261189 1.2935521 1.0785960 1.4883336 1.4831693 1.1255099 1.1195130 1.2337682 1.4384553 1.4033877 1.4329497 1.2227351 1.5411165 2.2881554 1.4620232 1.2666832 1.2654026 1.2034536 1.3205952 1.5074408 1.8224853 1.2401849 1.2868124 1.4933793 1.2448729 2.0639758 1.2050065 2.0801357 1.4845638 1.6755266 2.0109264 2.1625244 1.9813091 2.5496945 1.7797641 2.1469909 2.1178353 2.2744606 2.1633904 1.7497055 1.4335158 1.9087966 
Q8XXV0_RALSO_2_182   1.1559659 1.0180623 0.8909483 1.2913831 1.0540509 0.9909955 1.2101180 1.2163473 0.7098686 0.5214471 0.6774760 0.8249947 0.7985791 0.0000000 0.7933268 0.9051446 0.9295531 0.9427662 0.5654306 1.6753149 1.0166812 0.7579280 1.0158212 0.5956155 1.3495561 1.0437668 1.6283056 1.4541867 1.2591364 1.2831698 1.1565770 0.9752013 0.9981314 1.5125484 1.1077154 1.1230103 1.5099532 1.2025725 1.1613829 1.0481232 1.9274462 1.2426896 0.9669030 1.0572383 1.1363959 1.5875115 1.7719714 1.3501373 1.2297695 1.8491703 1.0013941 1.3475066 1.3832485 1.6170707 1.2454476 1.6487959 1.7000767 1.5529451 2.2271789 1.1068778 1.8131976 1.9217697 1.6619238 2.0178058 1.8759747 2.2082681 3.3231306 1.1770703 1.8032148 2.0910827 2.9894856 2.2762344 1.6015163 1.3259623 2.1062106 
Q8Y2T8_RALSO_3_184   0.8578139 0.9272265 0.6150043 1.0922586 0.9109330 0.9130051 1.0005360 0.8037664 0.7486033 0.6060807 0.6334200 0.5154387 0.7063326 0.7933268 0.0000000 0.8318092 0.8594705 1.0513599 0.9089451 1.3535039 0.9173925 0.8210973 1.1120793 0.7700821 1.5462573 1.0960878 1.2859679 0.8828943 0.7320473 0.8822723 1.2648205 0.7072838 0.8310326 1.1597637 1.0369841 0.8540259 1.5394895 1.3510528 1.1290562 1.0042003 1.1133090 1.3722403 1.7333309 0.9637187 1.1008375 1.4747958 2.1655951 1.2803293 1.1754917 1.2352245 1.2951444 1.6223265 1.3080295 1.3559247 1.2276154 1.6977766 1.8032358 1.5861310 2.4724440 1.2448415 1.3669468 1.4631818 1.6061476 1.9928923 1.6661375 2.1087227 1.9967931 1.7018319 2.0613927 2.0909217 2.2461043 1.9849931 2.2595074 1.4763274 2.6151084 
Q828C1_STRAW_11_194  1.1047475 0.9021347 0.9346816 1.1433742 1.1711722 1.1666933 1.0721076 1.1660119 0.9398623 0.7422914 0.7329103 0.5838349 0.7086976 0.9051446 0.8318092 0.0000000 1.1255591 1.3428572 0.8105600 1.9214851 1.5639432 0.7823981 0.9195738 0.8424022 1.1412736 1.1319989 1.5859818 1.0870711 1.2130926 1.4290252 1.4178420 1.3441321 1.2421587 1.3627320 1.3554160 1.1495604 1.3554625 1.3549277 1.0750984 1.2616169 1.2446231 1.4809437 1.2186607 1.5883322 1.4601978 1.4929613 2.6384291 1.4166914 1.0687527 1.8919114 1.2845208 1.6105276 1.6468797 1.7016935 1.4697012 1.3828153 1.3049871 1.1499603 2.3561760 1.9691229 1.6385346 1.9497361 2.2703344 2.9371029 2.4307591 2.3718998 3.7593559 1.8344575 2.2020957 2.2875193 1.8251440 2.2703781 2.2207829 1.6178288 1.9348098 
Q84T13_EUGGR_22_211  0.9356843 1.0944742 0.9917029 1.0439135 1.1401311 0.8275712 1.1559704 1.4404568 0.8722098 0.8832862 0.9205276 0.8806834 0.6374462 0.9295531 0.8594705 1.1255591 0.0000000 0.9460313 0.6851245 1.8547505 1.3478152 1.1645466 0.9862851 1.2312340 1.2938297 1.4078761 1.5533807 1.2577577 1.4922062 1.3255097 1.2044764 0.9620768 1.0073323 1.3795106 1.0802844 1.0693392 1.2011438 1.1619858 1.3074315 1.2764659 1.1613238 1.4349729 1.6177282 1.4863957 1.3526336 1.6785207 2.2867591 1.7756606 1.2553922 1.4507814 1.5388811 1.7283738 1.2362049 1.6160571 1.4859081 1.6105091 1.7396998 1.4674524 2.8106631 1.4950813 2.1296280 1.8231006 1.9061219 1.7326545 2.5507313 2.2160430 2.4624577 1.8643185 2.2183388 2.0354039 2.4069698 2.2763902 2.0028581 1.0177731 2.4346043 
HCDH2_CAEEL_22_209   0.9336524 1.1567911 0.8291120 1.2233514 1.1555737 0.9833180 1.1489569 1.1087167 0.9524337 0.7466531 0.9900947 0.8823861 0.9008513 0.9427662 1.0513599 1.3428572 0.9460313 0.0000000 0.6797137 2.3991854 1.4825592 0.9660112 0.9703666 0.8949480 1.6174989 1.5321336 1.7020734 1.6526502 1.3915149 1.2011614 1.1013623 0.8952248 1.1868423 1.1200151 0.8961753 1.3273241 1.7067253 1.2487486 1.2819277 1.2940772 1.1816432 1.4895090 1.4935983 1.3186507 1.2538992 2.3806496 2.2214357 1.2689720 0.8842484 1.1767261 1.2690539 1.7432994 1.6941939 1.8364027 1.9946505 1.6682135 1.8920106 1.6334887 2.5128171 1.6336520 2.0091385 2.3438363 2.1071328 1.7152044 2.6622922 3.2750123 2.5836412 1.6672861 2.4424882 2.4462340 2.9275144 2.0608493 2.5266862 1.5725133 3.5573929 
Q6DI22_BRARE_22_209  0.9850735 0.9945120 0.9150441 1.2419269 1.1021133 1.0964749 1.2651909 1.3011405 0.8161794 0.6679905 0.8645214 0.9739559 0.8162114 0.5654306 0.9089451 0.8105600 0.6851245 0.6797137 0.0000000 1.6628870 1.3664385 0.6703298 0.8463253 0.7611051 1.2888657 1.4736658 1.5357949 1.6756885 1.3520074 1.2869329 1.0284451 0.9521456 0.8180662 0.8330079 0.5830548 1.1633000 0.9879431 1.5451909 1.1996956 1.1140288 1.1924673 1.3914428 1.0934295 1.3740091 1.0729497 1.7447341 1.6114161 1.3219520 0.9521798 1.4343758 1.1980310 1.5573319 1.8795657 1.5006977 1.3136287 1.4768211 1.4067297 1.3221058 2.6167368 1.4883341 1.7860177 1.9212736 2.3036623 1.8119448 2.2084250 2.8672631 2.8240298 1.5206629 1.9853264 2.1295666 2.5812757 2.0831361 1.9405192 1.0568540 2.0896199 
Q7BQ74_BACCE_2_184   1.7055493 2.1817396 1.7311668 1.6158755 1.7735689 1.8623897 1.7989433 1.6490144 1.2462465 1.1437807 1.4626432 1.7956374 1.9857378 1.6753149 1.3535039 1.9214851 1.8547505 2.3991854 1.6628870 0.0000000 0.8158967 1.4030408 2.4011543 1.8046715 1.8592003 1.6063229 2.1556185 2.0051981 1.7770722 1.4848083 2.7013914 1.5977583 1.3515705 2.0083627 2.1483179 2.0730431 2.2201783 2.2426865 1.6970271 1.8158095 1.5382563 1.7586133 2.0435273 1.5736911 1.5157922 1.0200323 2.7240895 2.3296653 2.3560220 2.2029960 2.0124884 2.7420525 1.6839140 1.9728608 2.5541880 2.6773111 1.9318387 2.5143522 2.2226555 1.1449011 2.0609921 1.9933254 2.2071182 2.7375195 2.4584727 2.6749931 3.0378754 2.3337637 3.0253059 3.3814449 3.9228294 2.7755709 2.2502140 1.7281735 2.6161575 
Q9ADL9_POLCB_9_194   1.3916139 1.6135393 0.9258952 1.1893145 1.6502440 1.2062581 1.4267001 1.2234775 1.0449583 0.9701420 0.9608364 0.9871994 1.2291249 1.0166812 0.9173925 1.5639432 1.3478152 1.4825592 1.3664385 0.8158967 0.0000000 1.0028789 1.6849597 1.2030679 1.8570596 1.2715868 2.0255900 1.9431728 1.2093655 1.2703182 2.0354538 1.4660125 1.2581833 2.0747921 1.7176717 1.4891811 1.6437522 1.6638604 1.6966935 1.3856617 1.5122666 1.6548482 1.6060695 1.1703579 1.0619359 1.2862038 2.5456328 1.8994697 2.1666524 1.8192021 1.8561982 2.4535219 1.7558144 1.9208399 1.6733087 2.1382366 2.0565768 2.2760594 2.8069448 0.8347288 1.7844097 2.0168096 1.5633213 2.3683291 1.9618512 2.3357979 3.3534774 1.5521273 2.3055496 2.6985048 3.4107612 2.7960762 1.9739499 1.4367406 2.8689706 
Q82J95_STRAW_2_184   0.9845912 0.9068252 0.8195861 1.2325640 1.1485139 1.2517146 1.1173890 1.0031190 0.6529879 0.5589481 0.9496455 0.7442292 0.8964999 0.7579280 0.8210973 0.7823981 1.1645466 0.9660112 0.6703298 1.4030408 1.0028789 0.0000000 1.1855044 0.8479184 1.3461342 1.2186438 1.3337608 1.0939761 1.0786232 1.0779667 1.5073410 1.2179661 0.9178244 0.7118927 0.9928382 1.0475214 1.1097124 1.5159959 0.9930679 0.9497779 1.1272148 1.6390304 1.3109355 1.1539203 1.1916410 1.4542455 2.3052781 1.6409815 1.1718371 1.2124512 1.6737918 1.6279873 1.7763671 1.8632890 1.9906672 1.7585344 1.5494022 1.1205418 2.2060903 1.3108824 1.8626270 2.0258908 2.0729104 2.5010149 2.6752008 2.6262404 3.3754010 1.6764382 2.1192558 2.6977662 2.0503213 2.1678318 2.2851486 1.5733787 1.7968137 
Q6L725_STRKN_311_492 1.0565102 1.0826695 1.0633205 1.0484402 0.9985889 0.9292838 1.3970073 1.0881733 0.8711763 0.7969542 0.9208326 0.8534088 0.9964700 1.0158212 1.1120793 0.9195738 0.9862851 0.9703666 0.8463253 2.4011543 1.6849597 1.1855044 0.0000000 0.7812006 1.1496242 0.7270452 1.8213115 1.7744630 1.6016961 1.2826455 1.3422201 1.0512239 1.6477973 1.9092671 1.4350076 1.4258945 1.5531466 1.0923581 0.9248861 0.9524226 1.3948133 1.3083116 1.0625448 1.2936338 1.0251273 2.1949332 1.4428120 1.1880517 1.0561785 1.2706222 1.2387855 1.5997730 1.3304233 1.3847574 1.4207368 1.6096172 1.5107815 1.6131673 2.1777481 1.6749209 1.9260450 2.3450988 2.1235351 2.1980356 1.9917848 2.1689827 2.2472893 1.5839377 1.8553541 2.0217888 2.2680869 2.5451368 2.6047722 1.1377693 2.2512006 
PAAH_ECOLI_5_186     1.1530863 0.7327607 0.7683836 0.9663100 1.0678089 1.0752484 1.0613038 0.8512846 0.7027191 0.5804567 0.5741667 0.5621413 0.8499594 0.5956155 0.7700821 0.8424022 1.2312340 0.8949480 0.7611051 1.8046715 1.2030679 0.8479184 0.7812006 0.0000000 1.2057939 0.8689323 1.6297884 1.6797771 1.1869678 0.9305242 0.9709169 1.2331466 1.1898876 1.3748723 1.2401598 1.3221167 1.6452271 1.0963305 1.1427788 1.0635897 1.6418954 1.3606349 1.3364119 1.2709343 0.8901993 1.9040470 1.7122321 1.4058212 1.1279791 1.6341084 1.1112524 1.4441435 1.2642021 1.5257972 1.4142598 1.5425118 1.2549135 1.3364094 1.7793312 1.2844100 1.8019996 2.0352259 1.5110477 2.8182500 1.5469283 1.8640133 2.3248644 1.1313009 2.0242275 1.9509385 2.9218508 2.5115108 2.4038855 0.8400536 2.3870804 
Q92TG8_RHIME_44_225  1.2284313 1.2919346 1.8298674 1.1251326 1.3122382 1.3799717 2.0032820 1.1389028 0.9542797 1.1398831 1.0758087 1.2473690 1.4943783 1.3495561 1.5462573 1.1412736 1.2938297 1.6174989 1.2888657 1.8592003 1.8570596 1.3461342 1.1496242 1.2057939 0.0000000 1.1881950 1.2376346 1.6091037 1.9900016 1.3143594 1.2574967 1.6180308 1.9988771 1.4455051 1.5585567 1.6009945 1.9262542 0.8270638 0.6267105 0.8597568 1.0124674 1.3254724 1.3167763 1.5208859 1.1530803 1.7559044 2.6737459 1.4459102 1.1468838 1.3280945 1.7641980 1.6171315 1.2339030 1.8872403 1.2863073 1.7599259 1.2208888 1.3599702 2.0615513 2.5119779 1.9020514 2.5938965 1.6558189 2.4304504 2.5822484 2.6939778 2.8768856 1.6826786 2.4936941 2.4598487 3.0470452 2.4877823 1.8021073 1.4285922 2.6221863 
Q9ZBJ9_STRCO_13_194  1.2105770 1.1114187 1.0495091 1.0727723 1.1430816 1.1172086 1.1268799 1.1155207 1.1151493 0.7734507 0.8072580 0.8863714 0.9884081 1.0437668 1.0960878 1.1319989 1.4078761 1.5321336 1.4736658 1.6063229 1.2715868 1.2186438 0.7270452 0.8689323 1.1881950 0.0000000 1.5801306 1.3199118 1.2800119 1.1343394 1.7431215 1.1152761 1.4557011 1.5326306 1.7009087 1.4987267 2.1313126 1.0630732 1.3674142 1.1946199 1.8226893 1.8274161 1.4818679 1.4530019 1.2387599 1.6313725 1.6567874 1.2442731 1.5051785 1.7058022 1.4355980 2.0085684 1.3019153 1.6223005 1.6915383 2.1771323 1.6449927 1.7361845 1.3825765 1.8019513 1.7890873 2.5920714 1.3277303 2.9113045 2.2966688 2.4678426 2.6457803 1.7161730 1.8761311 2.3811758 3.3205067 2.5890590 2.5294452 1.3629450 1.9870689 
O28262_ARCFU_2_161   1.1659178 1.3167554 1.5432411 1.1643963 1.4868358 1.2004675 1.5111371 1.3499503 1.3651218 1.4168132 1.4557342 1.6504811 1.4513263 1.6283056 1.2859679 1.5859818 1.5533807 1.7020734 1.5357949 2.1556185 2.0255900 1.3337608 1.8213115 1.6297884 1.2376346 1.5801306 0.0000000 1.1971555 1.4279516 1.5529312 2.1325501 1.4232222 1.1611620 1.5588028 1.2281956 1.1272968 1.6837840 0.8178238 1.2350784 0.9748320 1.1043796 1.5105659 1.2665046 1.3160647 1.4922204 1.7740244 2.2492876 1.7272438 1.8222099 1.4249336 1.8227948 1.6353484 1.5705511 1.9286824 1.5437809 2.5654035 1.5563170 1.2848538 3.0165852 2.3509725 1.3325990 1.2722082 2.0038730 3.9919009 2.8679540 2.6100513 2.3722278 2.2377111 1.9711157 1.9798456 2.1216105 2.5678986 2.3413219 1.6656297 2.8930608 
O29815_ARCFU_2_184   0.9168654 1.5394701 1.2181925 1.6542413 1.0585505 1.2717915 1.3226375 0.9933842 1.0535820 1.1560838 1.1638012 1.0504275 1.1015014 1.4541867 0.8828943 1.0870711 1.2577577 1.6526502 1.6756885 2.0051981 1.9431728 1.0939761 1.7744630 1.6797771 1.6091037 1.3199118 1.1971555 0.0000000 1.2071334 1.2030697 2.1530974 1.3897390 1.3064694 1.2175065 1.7557390 1.0308990 1.8224729 1.2821922 1.6483592 1.4852917 1.6232827 1.5955810 2.1071110 1.6232703 1.8957305 1.6337730 3.0343899 1.4661243 1.7432513 1.1462322 2.0111707 1.7889523 1.3577626 2.1255493 1.6667615 2.6357123 1.3786740 1.2847625 2.9127860 1.6978959 1.6897311 1.9422286 2.1219820 3.6618146 2.9889028 2.9438635 2.3163333 2.8800539 2.8994840 2.6819091 2.2484923 2.4484001 2.3677860 1.9809566 2.3446435 
Q9Z9V5_BACHD_3_185   1.0051890 1.1482455 1.0610399 1.5527389 0.9536494 1.0556593 1.0596380 1.0163816 1.1879992 1.1138421 1.0908106 1.1288048 1.3438723 1.2591364 0.7320473 1.2130926 1.4922062 1.3915149 1.3520074 1.7770722 1.2093655 1.0786232 1.6016961 1.1869678 1.9900016 1.2800119 1.4279516 1.2071334 0.0000000 0.9485156 2.0457706 0.9083400 0.8273590 1.4931425 1.1465200 0.9306900 1.4777589 1.7758934 1.4914084 1.4377546 1.3641876 1.6179109 1.5347875 0.9612907 1.1789758 1.7604753 2.1979893 1.3856131 1.4808233 1.2958932 1.3536773 1.6218690 1.1804979 1.6862980 1.6832364 1.7364808 2.0375288 1.5746667 2.8606492 1.4138106 0.9618405 1.7823760 1.4037763 2.3763756 1.7979858 2.0876055 1.8558987 1.8303393 1.9977738 1.8446946 2.4432345 1.8043612 2.1426495 1.3463177 2.4065863 
Q7BRJ6_9PSED_6_188   1.1679971 1.9222974 1.2503921 1.2053342 0.9809126 1.0818888 1.3151409 1.1659536 0.9513763 0.8848314 0.9131064 0.7075148 1.4036799 1.2831698 0.8822723 1.4290252 1.3255097 1.2011614 1.2869329 1.4848083 1.2703182 1.0779667 1.2826455 0.9305242 1.3143594 1.1343394 1.5529312 1.2030697 0.9485156 0.0000000 1.8394902 0.7808655 1.2638095 1.1497569 1.1753928 1.1299100 1.5045105 1.1871636 1.0350932 1.1778426 1.4775294 1.6100868 1.6870281 0.8769070 1.0163682 2.0274877 1.9316418 1.1014133 1.5923435 1.1038605 1.6092174 1.8775183 1.2575481 2.0337298 1.7623814 2.4289959 1.4637650 1.7147202 1.9840422 1.3918426 1.4692624 2.4326700 1.6852797 2.5234897 2.4528310 3.0758249 2.4739644 1.7771928 2.4308413 2.3591501 3.4990108 2.5244385 2.0937183 1.5436503 2.7559466 
Q8FSQ9_COREF_7_190   1.4703645 1.3752510 1.3709836 1.2931446 1.9761308 1.3803750 2.0578298 1.8484152 1.2504163 1.0457320 1.1819243 0.7890808 1.1674857 1.1565770 1.2648205 1.4178420 1.2044764 1.1013623 1.0284451 2.7013914 2.0354538 1.5073410 1.3422201 0.9709169 1.2574967 1.7431215 2.1325501 2.1530974 2.0457706 1.8394902 0.0000000 1.3152589 1.7055892 1.4340714 1.4732692 1.8764067 1.9059836 1.5079368 1.5364629 1.3580549 1.4766083 1.7857992 1.4257551 1.7934993 1.3663972 2.4362478 1.8307236 2.2804285 1.4404308 1.5809414 1.9405877 1.6349344 1.9461356 2.0172661 1.9202578 2.1051071 1.8235920 1.8965100 2.8121452 2.6933306 2.6965207 2.3440455 2.4752591 1.5534006 2.4588446 2.3637325 2.7279330 1.8228281 2.1765712 1.8725143 2.2951015 1.7486355 3.1411081 1.4230195 1.7996326 
Q6MM12_BDEBA_318_499 1.0424429 1.5910251 0.9324145 1.2628941 1.0742749 0.6788159 0.9746013 1.0035346 0.7567337 0.6508670 0.8565677 0.8653717 0.9903510 0.9752013 0.7072838 1.3441321 0.9620768 0.8952248 0.9521456 1.5977583 1.4660125 1.2179661 1.0512239 1.2331466 1.6180308 1.1152761 1.4232222 1.3897390 0.9083400 0.7808655 1.3152589 0.0000000 0.6299433 0.9621235 0.8037267 0.6340560 1.0739083 1.1250517 1.0263284 1.3312210 1.5034622 1.1239492 1.2969139 1.1216788 1.1914334 1.3700877 1.5549596 1.4046348 1.4823609 0.7685429 1.1906162 1.3519855 1.1215451 1.4050689 1.8511372 1.8627694 1.7887149 1.7110885 2.1215494 1.6898017 1.4037708 1.5326254 1.8455005 1.7806903 2.4852303 2.6500632 2.0530274 1.5763895 2.0293267 2.5528322 3.3242093 3.0677587 1.7678224 1.3781519 3.3241374 
FADB_PSESM_314_495   1.0890518 1.4020579 0.9296224 1.2882272 1.1286511 1.0556992 0.9137520 1.1373141 0.9139230 0.8625424 1.3021265 1.0044466 1.0157492 0.9981314 0.8310326 1.2421587 1.0073323 1.1868423 0.8180662 1.3515705 1.2581833 0.9178244 1.6477973 1.1898876 1.9988771 1.4557011 1.1611620 1.3064694 0.8273590 1.2638095 1.7055892 0.6299433 0.0000000 1.2031354 0.7899371 0.7628920 0.8782631 1.4544680 1.1804846 1.3833284 1.1548599 1.6474821 1.4798667 1.3011413 1.3822690 1.2373489 2.5671306 1.7921625 1.4510677 1.0283389 1.0967268 1.6438623 0.9498305 1.7923954 1.8371737 1.5425394 1.5886786 1.5143626 2.1680739 1.4139197 1.3970518 1.4011744 1.7839565 1.9841182 2.0623016 2.3123085 2.0897996 1.5333538 2.0906806 1.9017904 2.7100150 2.2884581 1.9968766 1.1481573 2.3505019 
Q9V397_DROME_373_554 1.2520795 1.2914897 1.4275714 1.5678239 1.3636236 1.2264027 1.3881835 1.3652834 1.3349050 1.1257270 1.1561536 1.2710638 1.3261189 1.5125484 1.1597637 1.3627320 1.3795106 1.1200151 0.8330079 2.0083627 2.0747921 0.7118927 1.9092671 1.3748723 1.4455051 1.5326306 1.5588028 1.2175065 1.4931425 1.1497569 1.4340714 0.9621235 1.2031354 0.0000000 0.8056133 0.9529012 1.2001599 1.3889623 1.4331831 1.5269293 1.1639833 1.7280826 1.7096942 1.7114327 1.8269246 1.9577224 2.5335547 1.7769212 1.5887889 1.3221706 2.0256210 2.5445040 2.1380069 2.4551621 2.3621588 2.3488576 1.3004829 1.3926005 2.2959283 1.9980787 2.7109424 1.9936146 2.7765219 2.9223739 4.1236020 3.9420789 3.6579809 2.8440285 3.5336914 3.1344206 3.1017467 2.8612966 2.4011045 2.0134090 2.5500560 
FADJ_ECOL6_308_490   1.2223841 1.1016230 1.0844328 1.5239299 1.2449154 0.9802857 1.1786017 1.4892063 1.1929490 1.0777888 1.0633492 1.3286078 1.2935521 1.1077154 1.0369841 1.3554160 1.0802844 0.8961753 0.5830548 2.1483179 1.7176717 0.9928382 1.4350076 1.2401598 1.5585567 1.7009087 1.2281956 1.7557390 1.1465200 1.1753928 1.4732692 0.8037267 0.7899371 0.8056133 0.0000000 0.7754808 0.8585885 1.4340551 1.4142930 1.2174500 1.2214281 1.4463274 1.1425910 1.3693476 1.0885063 2.0635464 2.1066229 1.7165452 1.5158881 1.1197813 1.3028645 1.8972411 1.5765204 1.7870836 1.6860050 1.8539028 1.6001758 1.6427648 2.1493631 1.7242564 1.5720692 1.8892173 2.0295304 2.0606382 2.5199733 2.6882318 2.5617819 1.7797308 1.7603947 1.7883572 2.3155392 1.6784376 2.4561066 1.1399160 2.7734323 
Q82MI0_STRAW_321_502 1.1956791 1.1712026 1.0813523 1.5161630 1.1169586 0.7719833 0.8500968 1.3163643 1.2197089 1.0986312 1.0456966 0.9164416 1.0785960 1.1230103 0.8540259 1.1495604 1.0693392 1.3273241 1.1633000 2.0730431 1.4891811 1.0475214 1.4258945 1.3221167 1.6009945 1.4987267 1.1272968 1.0308990 0.9306900 1.1299100 1.8764067 0.6340560 0.7628920 0.9529012 0.7754808 0.0000000 0.8701281 1.0067391 1.1296097 1.0106102 1.3007347 1.3553239 1.1048293 1.2021565 1.2325277 1.4263561 2.4098999 1.2549351 1.4014163 0.9894895 1.1580926 1.6508682 1.2737782 2.1698434 1.5968917 2.1197191 1.3836960 1.0865951 2.5848397 1.4532222 1.5265167 1.2601911 1.8945127 2.0520193 2.0888182 1.6777746 1.7585977 1.9098090 1.9762215 1.7581851 2.4586303 2.5054494 2.0359191 1.4456724 2.6155350 
Q6NBL0_RHOPA_327_508 1.6104787 1.7741664 1.4914106 1.7795178 1.4152872 1.2555639 1.2715169 1.6449534 1.3800254 1.2420188 1.2947260 1.2154045 1.4883336 1.5099532 1.5394895 1.3554625 1.2011438 1.7067253 0.9879431 2.2201783 1.6437522 1.1097124 1.5531466 1.6452271 1.9262542 2.1313126 1.6837840 1.8224729 1.4777589 1.5045105 1.9059836 1.0739083 0.8782631 1.2001599 0.8585885 0.8701281 0.0000000 1.7668583 1.2914971 1.5073537 1.7511791 1.3243021 1.6218312 2.1046145 1.4691267 1.9655739 1.9699436 1.4759954 1.9639315 1.5591188 1.4715279 2.2176837 1.7698636 2.2322024 1.8174912 2.4970081 1.5226505 1.3308088 2.5731734 1.6804837 2.0638740 2.2584248 2.4915806 2.6676814 2.4600573 3.3006818 3.3514547 2.3107320 3.2797766 2.7587163 2.9889797 3.1203075 3.1640562 1.6769273 3.3081450 
ECHP_CAVPO_298_478   1.0659766 1.0426377 1.0032403 1.0594967 1.2843044 0.9399191 1.5977015 1.6247590 1.0747440 0.8645408 0.7545306 1.2265995 1.4831693 1.2025725 1.3510528 1.3549277 1.1619858 1.2487486 1.5451909 2.2426865 1.6638604 1.5159959 1.0923581 1.0963305 0.8270638 1.0630732 0.8178238 1.2821922 1.7758934 1.1871636 1.5079368 1.1250517 1.4544680 1.3889623 1.4340551 1.0067391 1.7668583 0.0000000 0.6367505 0.5312199 0.9814940 0.7277084 1.4069138 1.3981066 1.0477010 2.1139335 2.3770155 1.5466065 1.6188955 1.1857460 1.6521009 1.8315279 1.2824215 1.5590041 1.6759279 1.9070129 1.2505316 1.6632911 2.6106249 2.2923388 1.4369292 1.9676254 1.6627828 2.9119473 2.5707130 2.3557215 1.9377636 1.6001737 1.7760866 1.9004146 2.8498461 2.2774470 2.3778237 1.4335053 2.6787826 
Q9RUA4_DEIRA_307_488 0.8887641 1.3582848 1.0790688 1.0653870 1.0717322 1.0442353 1.3517309 1.0454925 0.8384865 0.7334721 0.7745044 1.2172171 1.1255099 1.1613829 1.1290562 1.0750984 1.3074315 1.2819277 1.1996956 1.6970271 1.6966935 0.9930679 0.9248861 1.1427788 0.6267105 1.3674142 1.2350784 1.6483592 1.4914084 1.0350932 1.5364629 1.0263284 1.1804846 1.4331831 1.4142930 1.1296097 1.2914971 0.6367505 0.0000000 0.5528553 0.7665786 0.7397129 1.3052467 1.1247365 0.7838161 1.7170196 2.0083252 0.9827600 1.0591039 0.9304885 1.4387442 1.5255033 1.2446915 1.4780237 1.4999929 1.7364433 1.4389289 1.1972096 2.2106764 1.9429156 1.7419346 2.0377277 2.1901355 2.0875165 1.9900127 2.4781023 2.3795124 1.5744710 2.1744292 2.0994932 2.5550195 2.3147080 1.6504013 1.4067927 2.6226354 
Q88L88_PSEPK_7_188   0.9425873 1.0358449 0.9323443 1.2046945 1.2954669 1.0117567 1.5951367 1.3896294 0.8992840 0.8865074 0.9228015 1.0857963 1.1195130 1.0481232 1.0042003 1.2616169 1.2764659 1.2940772 1.1140288 1.8158095 1.3856617 0.9497779 0.9524226 1.0635897 0.8597568 1.1946199 0.9748320 1.4852917 1.4377546 1.1778426 1.3580549 1.3312210 1.3833284 1.5269293 1.2174500 1.0106102 1.5073537 0.5312199 0.5528553 0.0000000 0.6595748 0.9032297 1.0951504 1.1681782 0.7817013 1.6955325 2.4507450 1.6457449 1.5245501 1.2741223 1.6312721 1.7511023 1.4416112 1.8176610 1.3403026 1.7387777 1.5341057 1.3225931 2.5636708 1.8229505 1.4100044 1.6029911 1.7120487 2.8000437 2.1234633 1.9729098 1.7938973 1.8683830 1.8094261 1.9093738 3.0558907 2.2336786 2.1017772 1.1630455 2.4956997 
MFPA_BRANA_312_493   1.0931871 1.2153958 1.1719232 1.1037261 1.6679030 1.2505343 1.5077713 1.3262878 1.1397575 1.1747006 1.0977713 1.2380336 1.2337682 1.9274462 1.1133090 1.2446231 1.1613238 1.1816432 1.1924673 1.5382563 1.5122666 1.1272148 1.3948133 1.6418954 1.0124674 1.8226893 1.1043796 1.6232827 1.3641876 1.4775294 1.4766083 1.5034622 1.1548599 1.1639833 1.2214281 1.3007347 1.7511791 0.9814940 0.7665786 0.6595748 0.0000000 1.2387099 1.3596279 1.2538176 0.9913998 1.4567399 3.1338381 2.0242349 1.1253448 1.1344542 1.9172639 2.0680767 1.8719141 1.8753505 1.7747304 1.7536564 1.5110314 1.5695200 3.5186158 2.1905327 1.6211864 1.8575484 1.8185724 2.6462095 2.8193183 2.3097075 2.0493994 2.1536545 1.9384077 1.7095097 2.0641455 1.9882732 1.6517270 1.2820220 2.3181339 
O17761_CAEEL_39_220  1.3936562 1.7627798 1.2910003 1.5144208 1.1508113 0.9506523 1.2475079 1.4947591 1.1093018 0.9325607 0.8264614 1.5477120 1.4384553 1.2426896 1.3722403 1.4809437 1.4349729 1.4895090 1.3914428 1.7586133 1.6548482 1.6390304 1.3083116 1.3606349 1.3254724 1.8274161 1.5105659 1.5955810 1.6179109 1.6100868 1.7857992 1.1239492 1.6474821 1.7280826 1.4463274 1.3553239 1.3243021 0.7277084 0.7397129 0.9032297 1.2387099 0.0000000 1.2411763 1.0633039 1.0473411 1.8183552 1.9125971 1.5749210 1.4464809 1.4348654 1.5892285 1.4141451 1.3642706 1.4660868 1.9665263 1.8961628 1.7188985 1.4306315 3.0579653 1.4093030 1.3518785 1.8023988 1.9700884 2.4126566 1.9660366 2.2450898 2.0730031 1.5915409 1.7577513 2.1390461 3.0320765 2.0290266 1.9795538 1.5869953 2.6686366 
Q7D836_MYCTU_7_175   1.4784542 1.2324567 1.4887049 1.3250479 1.1619011 1.0400848 1.3531376 1.4166938 1.1502841 1.2792457 1.3998616 1.4828059 1.4033877 0.9669030 1.7333309 1.2186607 1.6177282 1.4935983 1.0934295 2.0435273 1.6060695 1.3109355 1.0625448 1.3364119 1.3167763 1.4818679 1.2665046 2.1071110 1.5347875 1.6870281 1.4257551 1.2969139 1.4798667 1.7096942 1.1425910 1.1048293 1.6218312 1.4069138 1.3052467 1.0951504 1.3596279 1.2411763 0.0000000 0.7753486 0.9544316 1.5687752 1.8217519 1.9335541 1.6717142 1.5353664 1.3481771 1.4526236 1.3364448 1.3410208 1.3832775 1.5174555 1.3995302 1.4619126 2.4732298 1.9165615 1.6622935 1.6145059 1.8558490 2.2981776 1.6564880 1.4685728 2.3593546 0.9756241 1.3099321 1.2735466 1.9274539 1.7503796 1.6877112 1.1433527 2.1362823 
Q7WM92_BORBR_6_178   0.9050894 1.2541263 1.0090028 0.8047916 0.9148511 0.8319295 0.8219624 1.0886408 1.0260807 1.0448802 1.0906486 1.3340238 1.4329497 1.0572383 0.9637187 1.5883322 1.4863957 1.3186507 1.3740091 1.5736911 1.1703579 1.1539203 1.2936338 1.2709343 1.5208859 1.4530019 1.3160647 1.6232703 0.9612907 0.8769070 1.7934993 1.1216788 1.3011413 1.7114327 1.3693476 1.2021565 2.1046145 1.3981066 1.1247365 1.1681782 1.2538176 1.0633039 0.7753486 0.0000000 0.7456656 1.3802888 1.7337860 1.3278040 1.5307958 1.2490993 1.8291978 1.3364543 1.2432715 1.2208187 1.6244300 2.0240941 1.9635098 1.9619131 2.6087413 1.9486139 0.9221519 1.5168628 1.3366145 2.2469395 1.7044413 1.6796461 1.5161875 1.1757250 1.2347866 1.5457647 2.6302050 1.4732716 1.5566968 1.2220568 2.3782719 
Q7W0C8_BORPE_5_181   0.9115093 1.1848241 0.9476693 0.8980089 1.1349722 0.8900731 1.3582891 0.9115047 0.9047090 0.8806824 0.9073223 0.9237902 1.2227351 1.1363959 1.1008375 1.4601978 1.3526336 1.2538992 1.0729497 1.5157922 1.0619359 1.1916410 1.0251273 0.8901993 1.1530803 1.2387599 1.4922204 1.8957305 1.1789758 1.0163682 1.3663972 1.1914334 1.3822690 1.8269246 1.0885063 1.2325277 1.4691267 1.0477010 0.7838161 0.7817013 0.9913998 1.0473411 0.9544316 0.7456656 0.0000000 1.3213535 1.2985020 1.0793748 1.2191465 1.0872541 1.2101154 1.3826052 1.2662473 1.1783543 1.1422606 1.3743020 1.2661294 1.4426678 2.0121691 1.8058976 1.2905854 1.8016636 1.2721234 2.2377686 1.2446147 1.6643325 1.6642129 0.9282165 1.5624265 1.7080775 2.8656236 1.5897445 1.9213766 0.9913135 2.1259513 
Q988C8_RHILO_2_182   1.2271287 1.2901219 1.5326413 1.4607457 1.2069733 1.3759836 1.3045391 1.0823884 1.1941769 1.3371959 1.5128522 1.8894962 1.5411165 1.5875115 1.4747958 1.4929613 1.6785207 2.3806496 1.7447341 1.0200323 1.2862038 1.4542455 2.1949332 1.9040470 1.7559044 1.6313725 1.7740244 1.6337730 1.7604753 2.0274877 2.4362478 1.3700877 1.2373489 1.9577224 2.0635464 1.4263561 1.9655739 2.1139335 1.7170196 1.6955325 1.4567399 1.8183552 1.5687752 1.3802888 1.3213535 0.0000000 2.5526617 1.7220285 1.7210840 2.0782312 2.2369978 2.0360540 1.1280495 1.3182672 1.3317683 1.6632904 1.3927785 1.2903310 1.8492852 1.7380006 1.4188779 1.4118884 1.3539078 3.1245303 0.9908716 1.4744428 1.7241534 1.2965749 1.8927282 2.4115305 2.1822880 2.2700362 1.3297075 1.5298324 2.1173688 
Q6V1N6_9ACTO_5_171   2.1700171 2.4455168 2.2684540 2.0582123 2.6177432 1.7074987 2.3286834 1.9282047 1.7475303 1.8765278 1.9383806 2.2110931 2.2881554 1.7719714 2.1655951 2.6384291 2.2867591 2.2214357 1.6114161 2.7240895 2.5456328 2.3052781 1.4428120 1.7122321 2.6737459 1.6567874 2.2492876 3.0343899 2.1979893 1.9316418 1.8307236 1.5549596 2.5671306 2.5335547 2.1066229 2.4098999 1.9699436 2.3770155 2.0083252 2.4507450 3.1338381 1.9125971 1.8217519 1.7337860 1.2985020 2.5526617 0.0000000 1.6940096 2.7272962 2.2088643 1.9623328 1.9524320 2.5618402 2.0822283 2.0120509 2.4997621 1.9178052 2.8812212 3.0592544 2.6886862 2.3763280 2.5637037 2.4979143 2.3024942 2.1645375 2.9644672 4.0493692 1.7640570 2.5128155 2.9622576 3.9198965 3.2748783 3.2629868 2.2269648 2.8954852 
Q8FRT3_COREF_20_196  1.2073378 1.3968184 1.3399670 1.3620631 1.0748854 1.5624110 1.6857913 1.0726662 1.3062008 1.1290078 1.0644186 1.2456766 1.4620232 1.3501373 1.2803293 1.4166914 1.7756606 1.2689720 1.3219520 2.3296653 1.8994697 1.6409815 1.1880517 1.4058212 1.4459102 1.2442731 1.7272438 1.4661243 1.3856131 1.1014133 2.2804285 1.4046348 1.7921625 1.7769212 1.7165452 1.2549351 1.4759954 1.5466065 0.9827600 1.6457449 2.0242349 1.5749210 1.9335541 1.3278040 1.0793748 1.7220285 1.6940096 0.0000000 0.9756019 1.3533431 1.3107404 1.6012367 1.8484970 1.5477777 1.4395277 2.7124925 1.8852044 1.4732374 2.6185291 1.8697207 1.5270870 2.6331469 1.7859376 2.6035551 1.8492762 3.4614461 2.7761225 1.9187782 2.3226645 2.5179618 3.2323112 3.1036536 2.8975491 1.6651118 3.1469347 
O44608_CAEEL_10_200  1.0307310 1.1749787 1.2537720 1.2352081 0.9758945 1.7662327 1.3620674 1.2884411 1.0274395 0.8662999 1.2703112 1.1102537 1.2666832 1.2297695 1.1754917 1.0687527 1.2553922 0.8842484 0.9521798 2.3560220 2.1666524 1.1718371 1.0561785 1.1279791 1.1468838 1.5051785 1.8222099 1.7432513 1.4808233 1.5923435 1.4404308 1.4823609 1.4510677 1.5887889 1.5158881 1.4014163 1.9639315 1.6188955 1.0591039 1.5245501 1.1253448 1.4464809 1.6717142 1.5307958 1.2191465 1.7210840 2.7272962 0.9756019 0.0000000 1.3839387 1.5119210 1.7430473 1.3904962 1.4236307 1.7319794 2.1056758 1.6740776 1.5179020 2.6307537 2.3464062 2.6295246 2.3567903 3.0327358 2.1045514 2.6458079 3.2844735 2.7120682 1.9004953 2.3753927 2.2989878 3.0145211 2.2059954 2.2354644 1.8688089 3.1190489 
O69856_STRCO_338_521 1.2065849 1.6175610 1.4070600 1.4219929 1.2628739 0.8965248 1.4846568 1.1859008 1.1667600 1.0154717 1.2766716 1.1518095 1.2654026 1.8491703 1.2352245 1.8919114 1.4507814 1.1767261 1.4343758 2.2029960 1.8192021 1.2124512 1.2706222 1.6341084 1.3280945 1.7058022 1.4249336 1.1462322 1.2958932 1.1038605 1.5809414 0.7685429 1.0283389 1.3221706 1.1197813 0.9894895 1.5591188 1.1857460 0.9304885 1.2741223 1.1344542 1.4348654 1.5353664 1.2490993 1.0872541 2.0782312 2.2088643 1.3533431 1.3839387 0.0000000 1.5778111 1.3137045 1.2500801 1.7784816 1.9606333 2.3298231 1.4381913 1.9061548 3.6618275 2.2849830 2.2570733 1.8240533 2.2319901 2.1164175 2.2589669 2.3637319 1.8271098 1.4872034 1.8406039 1.8636788 2.4147425 1.9759654 1.9263991 1.3172803 2.5293009 
Q7WLF5_BORBR_305_482 1.6856519 1.8511963 1.4298003 1.7343536 1.3496597 1.3300566 1.7656638 1.8075475 1.4437795 1.2773142 1.4264387 1.1824876 1.2034536 1.0013941 1.2951444 1.2845208 1.5388811 1.2690539 1.1980310 2.0124884 1.8561982 1.6737918 1.2387855 1.1112524 1.7641980 1.4355980 1.8227948 2.0111707 1.3536773 1.6092174 1.9405877 1.1906162 1.0967268 2.0256210 1.3028645 1.1580926 1.4715279 1.6521009 1.4387442 1.6312721 1.9172639 1.5892285 1.3481771 1.8291978 1.2101154 2.2369978 1.9623328 1.3107404 1.5119210 1.5778111 0.0000000 1.5207085 1.5159710 2.0280213 1.4037949 1.5304950 1.6385775 1.3904154 2.2230380 1.5693550 2.5257100 2.4689816 1.6633208 2.1654964 2.3460298 2.3508622 3.1735315 1.9879496 2.7822697 2.1603590 3.2924366 2.5098243 2.4108965 1.3176884 3.0960176 
