8
Q84712_9CORO_231_734 0.0000000 1.4952543 1.3874561 1.7001529 3.2696401 3.5862639 3.2100214 3.1023915 
SPIKE_CVH22_32_536   1.4952543 0.0000000 1.4983679 1.9773439 3.0974196 3.0695976 2.8261745 2.9157060 
SPIKE_CVCAI_259_790  1.3874561 1.4983679 0.0000000 1.4366651 3.1745592 3.5508164 3.2989179 3.1416544 
Q66951_9CORO_272_808 1.7001529 1.9773439 1.4366651 0.0000000 3.5957224 4.2028145 3.8728200 3.8323980 
SPIKE_IBVD2_20_538   3.2696401 3.0974196 3.1745592 3.5957224 0.0000000 0.2103996 0.1739388 0.1475954 
Q64930_9CORO_20_543  3.5862639 3.0695976 3.5508164 4.2028145 0.2103996 0.0000000 0.1950201 0.1764474 
Q82666_9CORO_20_541  3.2100214 2.8261745 3.2989179 3.8728200 0.1739388 0.1950201 0.0000000 0.1878881 
SPIKE_IBVM_20_537    3.1023915 2.9157060 3.1416544 3.8323980 0.1475954 0.1764474 0.1878881 0.0000000 
