14
Q20862_CAEEL_5_93   0.0000000 1.5022361 2.0308842 2.2111704 2.1586109 2.1328202 2.8714241 1.9123965 2.7500410 1.9365776 2.1450572 1.4785661 1.9870347 1.8761568 
ENDR_BOVIN_42_130   1.5022361 0.0000000 1.7134531 1.9746635 1.9440729 1.4078586 1.5160764 1.7672416 2.3887817 1.3715685 1.6472161 1.5945325 1.5233536 1.5973685 
ACBP_CAEEL_1_85     2.0308842 1.7134531 0.0000000 0.6184136 0.5808225 0.6562465 0.7517870 0.7618137 1.4351436 1.4220884 1.1809246 1.3778555 1.2253980 0.9987378 
ACBP_DROME_2_86     2.2111704 1.9746635 0.6184136 0.0000000 0.6262607 0.7119870 0.8035073 0.8690436 1.7132501 1.1746248 1.2367285 1.4685228 1.1185744 0.9751756 
ACBP_MANSE_3_88     2.1586109 1.9440729 0.5808225 0.6262607 0.0000000 0.7298703 0.7525008 1.0703262 1.4762125 1.5954353 1.2195061 1.6952536 1.4087193 1.1449313 
ACBP_BOVIN_1_85     2.1328202 1.4078586 0.6562465 0.7119870 0.7298703 0.0000000 0.4785181 0.9682762 1.0613938 1.2132909 1.1844372 1.3855640 0.9514280 0.8503553 
ACBP_ANAPL_18_102   2.8714241 1.5160764 0.7517870 0.8035073 0.7525008 0.4785181 0.0000000 1.0195467 1.2671297 1.8009012 1.5632097 1.7872700 1.0341500 0.8809179 
ACBP_YEAST_1_85     1.9123965 1.7672416 0.7618137 0.8690436 1.0703262 0.9682762 1.0195467 0.0000000 1.8379887 1.7278920 1.4162507 1.4186831 1.0053956 0.8441303 
DBIL5_MOUSE_2_86    2.7500410 2.3887817 1.4351436 1.7132501 1.4762125 1.0613938 1.2671297 1.8379887 0.0000000 2.0222305 2.0556067 2.5089194 1.6243475 1.7589476 
O42310_CYPCA_4_88   1.9365776 1.3715685 1.4220884 1.1746248 1.5954353 1.2132909 1.8009012 1.7278920 2.0222305 0.0000000 1.0316253 1.5259614 1.4538296 1.5607658 
Q09603_CAEEL_25_109 2.1450572 1.6472161 1.1809246 1.2367285 1.2195061 1.1844372 1.5632097 1.4162507 2.0556067 1.0316253 0.0000000 1.5628888 1.2701233 1.3125109 
YAI7_CAEEL_3_91     1.4785661 1.5945325 1.3778555 1.4685228 1.6952536 1.3855640 1.7872700 1.4186831 2.5089194 1.5259614 1.5628888 0.0000000 1.3386807 1.1785947 
ACBP_RICCO_3_87     1.9870347 1.5233536 1.2253980 1.1185744 1.4087193 0.9514280 1.0341500 1.0053956 1.6243475 1.4538296 1.2701233 1.3386807 0.0000000 0.1610194 
ACBP_BRANA_3_87     1.8761568 1.5973685 0.9987378 0.9751756 1.1449313 0.8503553 0.8809179 0.8441303 1.7589476 1.5607658 1.3125109 1.1785947 0.1610194 0.0000000 
