9
NAR1_HUMAN_39_274   0.0000000 0.1009194 0.8616351 0.9961549 1.3535178 1.2467482 1.2148698 1.6818054 4.5777152 
NAR1_MOUSE_39_269   0.1009194 0.0000000 0.8538584 1.0636683 1.2560295 1.1499785 1.1196676 1.7380815 4.1246434 
NARE_CHICK_37_257   0.8616351 0.8538584 0.0000000 0.6817899 1.4177409 1.4070874 1.2029710 1.5846054 4.0414966 
NRT1_CHICK_37_257   0.9961549 1.0636683 0.6817899 0.0000000 1.3461543 1.3972804 1.6374818 1.5921855 4.7242251 
NAR2A_RAT_27_239    1.3535178 1.2560295 1.4177409 1.3461543 0.0000000 0.4038554 1.1734689 1.3352167 5.1193007 
NAR2A_MOUSE_27_242  1.2467482 1.1499785 1.4070874 1.3972804 0.4038554 0.0000000 1.2090828 1.3196452 4.9949281 
NAR5_MOUSE_29_255   1.2148698 1.1196676 1.2029710 1.6374818 1.1734689 1.2090828 0.0000000 1.4815769 4.3736931 
NAR3_HUMAN_29_252   1.6818054 1.7380815 1.5846054 1.5921855 1.3352167 1.3196452 1.4815769 0.0000000 6.8442267 
Q87WF6_PSESM_58_297 4.5777152 4.1246434 4.0414966 4.7242251 5.1193007 4.9949281 4.3736931 6.8442267 0.0000000 
