8
O17697_CAEEL_308_388 0.0000000 2.4756062 3.2396558 2.8299687 2.4843625 2.5378509 1.9157979 2.4386561 
KCNN4_HUMAN_304_377  2.4756062 0.0000000 1.1900421 0.8560025 1.0685574 1.0394592 1.2561893 1.7170512 
KCNN1_RAT_380_459    3.2396558 1.1900421 0.0000000 0.1650241 0.3282993 0.6524688 0.9198472 1.4957547 
KCNN3_HUMAN_566_642  2.8299687 0.8560025 0.1650241 0.0000000 0.2718840 0.5625106 0.7454060 1.1646515 
Q9W4C6_DROME_355_431 2.4843625 1.0685574 0.3282993 0.2718840 0.0000000 0.4407271 0.7222016 1.2566742 
Q19186_CAEEL_501_577 2.5378509 1.0394592 0.6524688 0.5625106 0.4407271 0.0000000 0.6581155 1.3228933 
Q9XTJ3_CAEEL_561_637 1.9157979 1.2561893 0.9198472 0.7454060 0.7222016 0.6581155 0.0000000 1.2345938 
YX11_CAEEL_367_441   2.4386561 1.7170512 1.4957547 1.1646515 1.2566742 1.3228933 1.2345938 0.0000000 
