7
Q8JHB0_SQUAC_92_157  0.0000000 0.7143296 0.8884423 0.7152016 2.0655158 1.7373028 2.5021627 
S12A1_RAT_93_158     0.7143296 0.0000000 0.9486297 0.7917567 1.6041333 1.2737793 2.8915561 
Q7ZTH1_ANGAN_151_212 0.8884423 0.9486297 0.0000000 0.2105689 1.6073442 1.5122265 2.0925460 
O18978_BOVIN_201_262 0.7152016 0.7917567 0.2105689 0.0000000 1.6537909 1.3977213 2.2268086 
Q592E3_BRARE_38_105  2.0655158 1.6041333 1.6073442 1.6537909 0.0000000 0.3325604 3.3070591 
Q6R523_OREMO_40_107  1.7373028 1.2737793 1.5122265 1.3977213 0.3325604 0.0000000 3.6732908 
Q5RBK2_PONPY_52_120  2.5021627 2.8915561 2.0925460 2.2268086 3.3070591 3.6732908 0.0000000 
