6
VP24_NPVOP_12_192   0.0000000 0.2104012 0.3074359 0.8905311 0.8047952 1.8784283 
Q9QCZ8_NPVHC_12_195 0.2104012 0.0000000 0.3454305 0.9382412 0.8619281 2.0257885 
VP24_NPVAC_14_198   0.3074359 0.3454305 0.0000000 0.9463046 0.7610050 1.8630035 
Q9IFJ6_9NUCL_27_248 0.8905311 0.9382412 0.9463046 0.0000000 0.4307779 1.8974153 
Q9J8C4_9NUCL_27_248 0.8047952 0.8619281 0.7610050 0.4307779 0.0000000 2.0848266 
Q9PYW3_GVXN_15_182  1.8784283 2.0257885 1.8630035 1.8974153 2.0848266 0.0000000 
