7
VGLY_MOPEI_1_483   0.0000000 0.2329493 1.0313290 1.0150706 1.3012189 1.4664726 1.3970109 
VGLY_LASSG_1_484   0.2329493 0.0000000 1.0851829 1.0346528 1.1953265 1.3778387 1.2885683 
O11997_PIARV_1_499 1.0313290 1.0851829 0.0000000 0.8401763 1.1393232 1.2307206 1.2373215 
Q84168_9VIRU_1_509 1.0150706 1.0346528 0.8401763 0.0000000 0.8628705 1.0536623 0.9997073 
Q90037_9VIRU_1_480 1.3012189 1.1953265 1.1393232 0.8628705 0.0000000 0.6886637 0.6400857 
VGLY_TACV_1_487    1.4664726 1.3778387 1.2307206 1.0536623 0.6886637 0.0000000 0.3389379 
O10428_JUNIN_1_477 1.3970109 1.2885683 1.2373215 0.9997073 0.6400857 0.3389379 0.0000000 
