8
PIVA2_ADEG1_62_432  0.0000000 0.2338384 1.3560074 1.3340166 1.3336162 1.3204579 1.4174353 1.3795058 
Q9YYR3_ADEG8_20_391 0.2338384 0.0000000 1.2805618 1.2836933 1.3086877 1.3751102 1.4073242 1.5017778 
PIVA2_ADECC_75_446  1.3560074 1.2805618 0.0000000 0.4571556 0.4646587 0.5417072 0.9967315 1.6398927 
O71092_ADEB3_2_373  1.3340166 1.2836933 0.4571556 0.0000000 0.3354464 0.4871412 1.1574868 1.6411282 
PIVA2_ADE02_76_447  1.3336162 1.3086877 0.4646587 0.3354464 0.0000000 0.4594698 1.1156181 1.6362586 
PIVA2_ADEM1_73_444  1.3204579 1.3751102 0.5417072 0.4871412 0.4594698 0.0000000 1.0753796 1.7132339 
O11413_9ADEN_34_396 1.4174353 1.4073242 0.9967315 1.1574868 1.1156181 1.0753796 0.0000000 1.5381529 
Q9YUR7_9ADEN_1_364  1.3795058 1.5017778 1.6398927 1.6411282 1.6362586 1.7132339 1.5381529 0.0000000 
