7
Q9J822_9NUCL_2_320  0.0000000 0.4969203 0.6161484 1.1633466 0.9639800 1.3943853 1.3521316 
Q9YMS6_NPVLD_1_312  0.4969203 0.0000000 0.6648757 1.0854109 0.9312178 1.3716200 1.5109292 
Q99H12_9NUCL_18_333 0.6161484 0.6648757 0.0000000 1.1747840 0.9314487 1.7472011 1.4021195 
VP47_NPVOP_6_320    1.1633466 1.0854109 1.1747840 0.0000000 0.5278486 1.9411769 1.9800131 
VP47_NPVAC_1_316    0.9639800 0.9312178 0.9314487 0.5278486 0.0000000 1.6740559 1.6130981 
Q9PYW5_GVXN_1_314   1.3943853 1.3716200 1.7472011 1.9411769 1.6740559 0.0000000 0.9928348 
Q9DVY2_9BACU_2_307  1.3521316 1.5109292 1.4021195 1.9800131 1.6130981 0.9928348 0.0000000 
