19
FLAB3_METVO_8_232 0.0000000 0.2886676 0.3443351 0.6801251 0.5600473 0.5734800 0.6758971 0.7532202 0.5025641 0.7422392 0.6847338 0.5002395 0.5887026 0.5780702 1.2349770 2.2350146 1.9603797 6.0805288 5.2352424 
FLAB3_METJA_8_209 0.2886676 0.0000000 0.4120403 0.7568602 0.6549706 0.4989833 0.6782144 0.6581634 0.6032730 0.7287178 0.7833512 0.5945837 0.4943610 0.5888867 1.1656104 2.1669981 2.1102875 4.8294201 5.9550833 
FLAB3_METVA_8_200 0.3443351 0.4120403 0.0000000 0.6536974 0.6468656 0.5915464 0.6968421 0.8219853 0.5964759 0.8405104 0.8793145 0.6265777 0.5837658 0.5505819 1.1640931 1.9892839 1.8364686 6.2722459 5.6300127 
FLAB1_METVO_9_211 0.6801251 0.7568602 0.6536974 0.0000000 0.2785928 0.4264367 0.3873473 0.4738428 0.2858984 0.6480590 0.9478474 0.6116645 0.4821794 0.4591909 0.8453598 2.0404999 1.9059037 3.6698393 3.9085222 
FLAB1_METVA_9_208 0.5600473 0.6549706 0.6468656 0.2785928 0.0000000 0.3721357 0.3529069 0.4452130 0.2710604 0.5956152 0.7048599 0.4731526 0.4990016 0.4402827 0.7531364 1.7785312 1.5792803 4.0925136 3.2890287 
FLAB2_METJA_9_208 0.5734800 0.4989833 0.5915464 0.4264367 0.3721357 0.0000000 0.2170469 0.4064002 0.2691685 0.5011840 0.6984340 0.3643603 0.3206041 0.3328166 0.7247069 1.7968333 1.7154662 4.4820780 4.3899717 
FLAB1_METJA_9_210 0.6758971 0.6782144 0.6968421 0.3873473 0.3529069 0.2170469 0.0000000 0.5399324 0.3530008 0.6523289 0.7777334 0.4507047 0.5145816 0.4519698 0.7102159 2.0064522 1.9469445 3.8776462 3.8341020 
FLAB2_METVA_9_213 0.7532202 0.6581634 0.8219853 0.4738428 0.4452130 0.4064002 0.5399324 0.0000000 0.2531638 0.6779390 0.9323279 0.6279569 0.5040979 0.5805021 0.6329896 2.2141817 2.0842879 4.9036180 4.7318286 
FLAB2_METVO_9_207 0.5025641 0.6032730 0.5964759 0.2858984 0.2710604 0.2691685 0.3530008 0.2531638 0.0000000 0.5644561 0.7105419 0.4072562 0.3936365 0.4118000 0.6524945 1.7935380 1.7087368 4.5167884 3.8443685 
FLAB5_PYRHO_1_248 0.7422392 0.7287178 0.8405104 0.6480590 0.5956152 0.5011840 0.6523289 0.6779390 0.5644561 0.0000000 0.4146248 0.3058426 0.3363701 0.3422740 0.9900866 1.8623927 1.7735945 4.9220199 3.9418580 
FLAB4_PYRHO_1_207 0.6847338 0.7833512 0.8793145 0.9478474 0.7048599 0.6984340 0.7777334 0.9323279 0.7105419 0.4146248 0.0000000 0.4094246 0.5200121 0.4307087 1.4557401 1.8673841 1.8740057 4.6039728 4.2634197 
FLA2_PYRHO_1_200  0.5002395 0.5945837 0.6265777 0.6116645 0.4731526 0.3643603 0.4507047 0.6279569 0.4072562 0.3058426 0.4094246 0.0000000 0.2044948 0.1510363 0.9174318 1.7507923 1.5869102 4.0236856 4.1292996 
FLA1_PYRHO_5_230  0.5887026 0.4943610 0.5837658 0.4821794 0.4990016 0.3206041 0.5145816 0.5040979 0.3936365 0.3363701 0.5200121 0.2044948 0.0000000 0.1671604 0.8823613 1.9268213 1.8904884 4.5617742 4.3485191 
FLA3_PYRHO_1_327  0.5780702 0.5888867 0.5505819 0.4591909 0.4402827 0.3328166 0.4519698 0.5805021 0.4118000 0.3422740 0.4307087 0.1510363 0.1671604 0.0000000 1.0421595 1.9399748 1.8722119 4.0802438 4.1781502 
FLAA_METVO_9_210  1.2349770 1.1656104 1.1640931 0.8453598 0.7531364 0.7247069 0.7102159 0.6329896 0.6524945 0.9900866 1.4557401 0.9174318 0.8823613 1.0421595 0.0000000 1.7765878 1.6462877 4.9911144 4.2950038 
FLAB2_HALSA_7_189 2.2350146 2.1669981 1.9892839 2.0404999 1.7785312 1.7968333 2.0064522 2.2141817 1.7935380 1.8623927 1.8673841 1.7507923 1.9268213 1.9399748 1.7765878 0.0000000 0.0798959 5.6984885 6.1308348 
FLAA2_HALSA_7_187 1.9603797 2.1102875 1.8364686 1.9059037 1.5792803 1.7154662 1.9469445 2.0842879 1.7087368 1.7735945 1.8740057 1.5869102 1.8904884 1.8722119 1.6462877 0.0798959 0.0000000 5.5382132 5.8725623 
FLAB1_ARCFU_8_196 6.0805288 4.8294201 6.2722459 3.6698393 4.0925136 4.4820780 3.8776462 4.9036180 4.5167884 4.9220199 4.6039728 4.0236856 4.5617742 4.0802438 4.9911144 5.6984885 5.5382132 0.0000000 1.1345299 
FLAB2_ARCFU_9_202 5.2352424 5.9550833 5.6300127 3.9085222 3.2890287 4.3899717 3.8341020 4.7318286 3.8443685 3.9418580 4.2634197 4.1292996 4.3485191 4.1781502 4.2950038 6.1308348 5.8725623 1.1345299 0.0000000 
