12
O29530_ARCFU_24_211 0.0000000 0.3205185 0.3760461 0.4360904 0.4344633 0.5299367 2.2233078 2.3318945 2.8998716 4.3002505 4.5941847 3.6424587 
CBIM_SALTY_53_240   0.3205185 0.0000000 0.2780774 0.3402483 0.4349594 0.4586255 2.2074140 2.2969336 2.6190127 3.1375000 4.7422250 2.9947833 
O68103_RHOCA_23_209 0.3760461 0.2780774 0.0000000 0.1925834 0.2866527 0.3410512 2.1016785 2.7640594 2.4879680 3.2546380 4.7762891 2.8293157 
O54190_STRCO_48_235 0.4360904 0.3402483 0.1925834 0.0000000 0.3069683 0.3404425 2.2256537 2.5622731 2.4420973 2.9869407 5.0122999 3.4152218 
O26233_METTH_23_207 0.4344633 0.4349594 0.2866527 0.3069683 0.0000000 0.2883665 2.2523866 2.3541018 2.0032750 2.9871899 3.7709012 2.5744177 
CBIM_METJA_23_208   0.5299367 0.4586255 0.3410512 0.3404425 0.2883665 0.0000000 2.5795620 2.6913957 2.4921747 3.4208017 4.3469285 2.7546379 
O27742_METTH_23_207 2.2233078 2.2074140 2.1016785 2.2256537 2.2523866 2.5795620 0.0000000 0.7529424 1.1171092 2.4078015 4.1910482 2.7820883 
O28435_ARCFU_1_183  2.3318945 2.2969336 2.7640594 2.5622731 2.3541018 2.6913957 0.7529424 0.0000000 1.1063068 2.5899037 3.2200606 2.7237528 
Y1569_METJA_23_215  2.8998716 2.6190127 2.4879680 2.4420973 2.0032750 2.4921747 1.1171092 1.1063068 0.0000000 3.3616583 4.5050525 3.5719060 
O26302_METTH_23_207 4.3002505 3.1375000 3.2546380 2.9869407 2.9871899 3.4208017 2.4078015 2.5899037 3.3616583 0.0000000 4.5922815 2.9043138 
Y1621_HAEIN_23_197  4.5941847 4.7422250 4.7762891 5.0122999 3.7709012 4.3469285 4.1910482 3.2200606 4.5050525 4.5922815 0.0000000 1.5518923 
Q55742_SYNY3_23_210 3.6424587 2.9947833 2.8293157 3.4152218 2.5744177 2.7546379 2.7820883 2.7237528 3.5719060 2.9043138 1.5518923 0.0000000 
