6
Q96724_9VIRU_727_984 0.0000000 5.0424345 5.4201108 7.2310933 7.4045091 6.4814924 
POLS_IBDVP_720_956   5.0424345 0.0000000 0.0559099 1.4824011 1.5488667 1.5069093 
POLS_IBDVO_739_975   5.4201108 0.0559099 0.0000000 1.4718740 1.5673702 1.5513216 
POLS_IPNVN_723_939   7.2310933 1.4824011 1.4718740 0.0000000 0.2110400 0.1859930 
O55651_9VIRU_723_939 7.4045091 1.5488667 1.5673702 0.2110400 0.0000000 0.0994577 
POLS_IPNVJ_723_939   6.4814924 1.5069093 1.5513216 0.1859930 0.0994577 0.0000000 
