6
AMELX_RAT_17_209    0.0000000 0.2341473 0.1972388 0.4963041 1.0666119 0.9448227 
Q9TUI3_HORSE_17_192 0.2341473 0.0000000 0.2851682 0.5344658 1.1668155 1.0216253 
AMEL_MONDO_1_202    0.1972388 0.2851682 0.0000000 0.4611066 0.9334577 0.7657989 
Q9YHT7_PALPA_17_199 0.4963041 0.5344658 0.4611066 0.0000000 0.8901547 0.7696554 
Q9YHT5_XENLA_17_184 1.0666119 1.1668155 0.9334577 0.8901547 0.0000000 0.1806221 
Q9YHT6_XENLA_17_173 0.9448227 1.0216253 0.7657989 0.7696554 0.1806221 0.0000000 
