9
CEAN_ECOLI_185_382   0.0000000 0.5265068 0.6437341 0.6173078 2.0349666 2.2497529 2.2053411 2.1247843 2.0084502 
CEA_CITFR_389_587    0.5265068 0.0000000 0.4049609 0.4717797 2.0857495 2.3392197 1.8794969 1.9532861 2.1602925 
O24681_SHIBO_416_614 0.6437341 0.4049609 0.0000000 0.2394730 1.9530062 2.2217485 1.9289199 2.1416795 2.1244865 
CEAB_ECOLI_310_508   0.6173078 0.4717797 0.2394730 0.0000000 1.7970304 2.1071230 1.8346764 2.2497853 2.2890509 
Q06308_SERMA_258_446 2.0349666 2.0857495 1.9530062 1.7970304 0.0000000 2.0760914 1.9343818 2.4171536 2.2325815 
CEIA_ECOLI_438_624   2.2497529 2.3392197 2.2217485 2.1071230 2.0760914 0.0000000 1.0899998 1.3707104 1.3702275 
CEIB_ECOLI_438_624   2.2053411 1.8794969 1.9289199 1.8346764 1.9343818 1.0899998 0.0000000 1.2643331 1.3716583 
CEAK_ECOLI_360_546   2.1247843 1.9532861 2.1416795 2.2497853 2.4171536 1.3707104 1.2643331 0.0000000 0.5544464 
CEA1_ECOLI_334_520   2.0084502 2.1602925 2.1244865 2.2890509 2.2325815 1.3702275 1.3716583 0.5544464 0.0000000 
