22
OXAA_BORBU_341_544 0.0000000 0.9853735 1.0662093 0.8133534 1.0368569 1.1489419 1.2412356 1.1256546 1.2825715 0.8882131 0.6864855 1.3183438 1.4260290 1.1017274 1.0844219 1.0383603 1.2969017 1.7492937 0.9064218 1.4829140 1.7321391 1.4312228 
OXAA_TREPA_415_618 0.9853735 0.0000000 1.0996441 0.8425144 1.1464401 1.1528880 1.1873433 1.1739903 1.2377086 1.1328553 1.2152965 1.2815995 1.4958266 1.1296639 1.2617566 1.2697773 1.5908284 1.7167625 1.1700516 1.6490787 1.8519638 1.6899071 
OXAA_ECOLI_352_536 1.0662093 1.0996441 0.0000000 0.3276812 0.2999768 0.6736534 0.8630176 1.0139238 0.7763747 1.2698675 1.1803082 1.2305850 1.2712112 1.0896610 1.0447536 0.8719424 1.3498594 1.3398554 1.3800652 1.2162907 1.6207703 1.5779324 
OXAA_HAEIN_348_532 0.8133534 0.8425144 0.3276812 0.0000000 0.4382410 0.5989266 0.8606621 1.0525572 0.7312360 1.0656499 0.9639222 1.1298224 1.0880455 0.8727100 0.9117889 0.9214515 1.2038888 1.3866254 0.9663157 1.1524866 1.3252527 1.3310073 
OXAA_BUCAP_347_531 1.0368569 1.1464401 0.2999768 0.4382410 0.0000000 0.6911062 0.8775124 0.9343141 0.8681272 1.2930485 1.1639475 1.2052631 1.2148763 1.1253787 1.0659372 1.0370067 1.4826165 1.4759900 1.4910472 1.3156612 1.8376216 1.4528742 
OXAA_PSEPU_369_552 1.1489419 1.1528880 0.6736534 0.5989266 0.6911062 0.0000000 0.5453463 0.9193975 1.0665728 1.0412826 0.9193538 1.3460964 1.0045427 1.2925252 1.0445279 1.0411827 1.6082185 1.4668542 1.3018387 1.5093614 1.9894622 1.5095199 
OXAA_COXBU_367_550 1.2412356 1.1873433 0.8630176 0.8606621 0.8775124 0.5453463 0.0000000 1.0776155 1.2151253 1.3451460 0.9418350 1.3602786 1.0247139 1.2826582 1.1020135 1.1230643 1.3245129 1.6325649 1.4392998 1.4757023 2.1128202 1.5664725 
OXAA_RICPR_359_560 1.1256546 1.1739903 1.0139238 1.0525572 0.9343141 0.9193975 1.0776155 0.0000000 1.0810666 1.0678349 1.1994055 1.0457378 1.3060725 1.2490249 1.1851510 1.3027908 1.7120628 1.6563869 1.3312967 1.6697071 2.3474944 1.7049291 
OXAA_ZYMMO_358_560 1.2825715 1.2377086 0.7763747 0.7312360 0.8681272 1.0665728 1.2151253 1.0810666 0.0000000 1.3731626 1.4266996 1.5622109 1.3752178 1.1959855 1.1431772 1.1387487 1.6933309 1.7734390 1.4559545 1.3179068 2.0350241 1.6171377 
OXAA_AQUAE_310_491 0.8882131 1.1328553 1.2698675 1.0656499 1.2930485 1.0412826 1.3451460 1.0678349 1.3731626 0.0000000 0.6312996 1.2716535 1.1189488 1.3878481 1.2356499 1.2456731 1.5980625 1.7188933 1.1155679 1.2770262 2.0132810 1.3643056 
OXAA_HELPY_350_534 0.6864855 1.2152965 1.1803082 0.9639222 1.1639475 0.9193538 0.9418350 1.1994055 1.4266996 0.6312996 0.0000000 1.0687819 0.9641067 1.1292992 1.1426959 1.1100489 1.4424548 1.7614802 1.2304853 1.2463609 1.9061038 1.4921878 
OXAA_CHLTR_568_773 1.3183438 1.2815995 1.2305850 1.1298224 1.2052631 1.3460964 1.3602786 1.0457378 1.5622109 1.2716535 1.0687819 0.0000000 1.0271784 1.1481146 1.2363937 1.3594647 1.4186325 1.5196723 1.6134481 1.4918855 1.5745664 1.6274775 
OXAA_LEPIN_420_618 1.4260290 1.4958266 1.2712112 1.0880455 1.2148763 1.0045427 1.0247139 1.3060725 1.3752178 1.1189488 0.9641067 1.0271784 0.0000000 1.1662896 1.1685239 1.2311135 1.5830137 1.6638445 1.3834746 1.3032465 1.5700673 1.6592778 
ALB3_ARATH_140_356 1.1017274 1.1296639 1.0896610 0.8727100 1.1253787 1.2925252 1.2826582 1.2490249 1.1959855 1.3878481 1.1292992 1.1481146 1.1662896 0.0000000 1.1233306 1.1911131 1.3542291 1.7290038 1.0973094 1.3532006 1.5526199 1.2839413 
OXAA1_BACSU_59_246 1.0844219 1.2617566 1.0447536 0.9117889 1.0659372 1.0445279 1.1020135 1.1851510 1.1431772 1.2356499 1.1426959 1.2363937 1.1685239 1.1233306 0.0000000 0.1801730 0.8603767 1.0273776 1.1231336 1.5014117 1.4028284 1.4574445 
OXAA1_BACHD_57_241 1.0383603 1.2697773 0.8719424 0.9214515 1.0370067 1.0411827 1.1230643 1.3027908 1.1387487 1.2456731 1.1100489 1.3594647 1.2311135 1.1911131 0.1801730 0.0000000 1.0206541 0.9366980 1.2192465 1.4628075 1.3975344 1.5079355 
OXAA2_BACSU_61_262 1.2969017 1.5908284 1.3498594 1.2038888 1.4826165 1.6082185 1.3245129 1.7120628 1.6933309 1.5980625 1.4424548 1.4186325 1.5830137 1.3542291 0.8603767 1.0206541 0.0000000 0.9621105 1.3279563 1.5636612 1.7198693 1.6267069 
OXAA2_LISMO_55_247 1.7492937 1.7167625 1.3398554 1.3866254 1.4759900 1.4668542 1.6325649 1.6563869 1.7734390 1.7188933 1.7614802 1.5196723 1.6638445 1.7290038 1.0273776 0.9366980 0.9621105 0.0000000 1.8842736 1.8142529 2.2069210 2.2928784 
OXAA_STRCO_38_259  0.9064218 1.1700516 1.3800652 0.9663157 1.4910472 1.3018387 1.4392998 1.3312967 1.4559545 1.1155679 1.2304853 1.6134481 1.3834746 1.0973094 1.1231336 1.2192465 1.3279563 1.8842736 0.0000000 1.6704190 1.9002860 0.9831164 
OXAA_THEMA_246_429 1.4829140 1.6490787 1.2162907 1.1524866 1.3156612 1.5093614 1.4757023 1.6697071 1.3179068 1.2770262 1.2463609 1.4918855 1.3032465 1.3532006 1.5014117 1.4628075 1.5636612 1.8142529 1.6704190 0.0000000 1.7325435 1.6799629 
OXAA_DEIRA_211_394 1.7321391 1.8519638 1.6207703 1.3252527 1.8376216 1.9894622 2.1128202 2.3474944 2.0350241 2.0132810 1.9061038 1.5745664 1.5700673 1.5526199 1.4028284 1.3975344 1.7198693 2.2069210 1.9002860 1.7325435 0.0000000 1.8871425 
OXAA_MYCTU_40_278  1.4312228 1.6899071 1.5779324 1.3310073 1.4528742 1.5095199 1.5664725 1.7049291 1.6171377 1.3643056 1.4921878 1.6274775 1.6592778 1.2839413 1.4574445 1.5079355 1.6267069 2.2928784 0.9831164 1.6799629 1.8871425 0.0000000 
