11
Q8QL69_9NUCL_4_274 0.0000000 0.4565356 0.4968303 0.5847061 0.6758063 0.6225339 0.5826697 2.6360645 2.5601348 1.9639987 2.0594212 
O10617_9NUCL_4_280 0.4565356 0.0000000 0.5381709 0.4838921 0.6889745 0.5329619 0.5322843 2.2135271 2.1312974 1.8085273 1.7903886 
Q9YMV6_NPVLD_4_280 0.4968303 0.5381709 0.0000000 0.6715752 0.7209146 0.6827090 0.6964133 2.5396873 2.4885687 1.9140310 2.1569261 
Q91BK2_NPVST_1_281 0.5847061 0.4838921 0.6715752 0.0000000 0.8552538 0.7843126 0.7999226 2.5177432 2.3579975 1.8336765 1.9625381 
OE27_NPVOP_4_293   0.6758063 0.6889745 0.7209146 0.8552538 0.0000000 0.2094014 0.3040715 2.7665868 2.6739671 1.9410655 2.2563354 
Q91GC9_NPVEP_4_295 0.6225339 0.5329619 0.6827090 0.7843126 0.2094014 0.0000000 0.2098692 2.5011722 2.4919913 1.9412897 2.0504846 
O92496_NPVBM_4_286 0.5826697 0.5322843 0.6964133 0.7999226 0.3040715 0.2098692 0.0000000 2.4412813 2.4469235 1.8690951 1.9043904 
Q8JRX0_9BACU_4_285 2.6360645 2.2135271 2.5396873 2.5177432 2.7665868 2.5011722 2.4412813 0.0000000 0.5117108 0.9614681 0.8859413 
Q91EV8_GVCP_4_288  2.5601348 2.1312974 2.4885687 2.3579975 2.6739671 2.4919913 2.4469235 0.5117108 0.0000000 0.8696723 1.0173559 
Q9DVV3_9BACU_4_286 1.9639987 1.8085273 1.9140310 1.8336765 1.9410655 1.9412897 1.8690951 0.9614681 0.8696723 0.0000000 0.7659901 
P89277_GVXN_4_288  2.0594212 1.7903886 2.1569261 1.9625381 2.2563354 2.0504846 1.9043904 0.8859413 1.0173559 0.7659901 0.0000000 
