21
Q6CL34_KLULA_769_1477 0.0000000 0.2613070 0.2656291 0.5108333 0.4922797 0.6163065 0.7364930 0.6990876 0.7675698 1.2162636 1.2744297 1.6246623 1.6886558 1.5997736 1.9285117 2.3119048 2.2673176 2.3420185 2.3360916 2.2344594 2.2689717 
Q75EK8_ASHGO_768_1477 0.2613070 0.0000000 0.3270332 0.5238880 0.4959184 0.6004288 0.6900674 0.6421101 0.7503664 1.1893699 1.2071868 1.7733197 1.7224505 1.5918075 1.8067386 2.1556399 2.1986857 2.1894890 2.1927398 2.1393401 2.1516047 
COAC_YEAST_768_1479   0.2656291 0.3270332 0.0000000 0.5168400 0.5263865 0.6124753 0.7071272 0.6540748 0.7287086 1.1614996 1.2188739 1.6282111 1.7141335 1.6084088 1.8448019 2.2675848 2.2082141 2.3158519 2.2907096 2.2591747 2.3747412 
Q6BX58_DEBHA_830_1544 0.5108333 0.5238880 0.5168400 0.0000000 0.2593839 0.5820236 0.6683594 0.6531410 0.7386077 1.1788594 1.3645220 1.7335512 1.7215135 1.5761541 1.9659755 2.3513447 2.2875732 2.4266258 2.4046241 2.2075313 2.2834236 
Q5AAM4_CANAL_808_1520 0.4922797 0.4959184 0.5263865 0.2593839 0.0000000 0.5606436 0.6321210 0.6661318 0.6945933 1.0697800 1.2497204 1.7776228 1.7332014 1.5656881 1.8835054 2.2002646 2.1871251 2.2726717 2.2079315 2.1363287 2.1497998 
Q6CC91_YARLI_776_1516 0.6163065 0.6004288 0.6124753 0.5820236 0.5606436 0.0000000 0.6310597 0.6023515 0.6644858 1.1207716 1.1735028 2.0355909 1.7074965 1.7109929 1.8191742 2.3479235 2.3024123 2.4651105 2.3047687 2.2100744 2.2380304 
O60033_EMENI_760_1504 0.7364930 0.6900674 0.7071272 0.6683594 0.6321210 0.6310597 0.0000000 0.3774119 0.5720259 1.1237153 1.1617269 1.8558374 1.6964136 1.5269899 1.7118170 2.4805779 2.4020840 2.4162767 2.4408865 2.3934167 2.5588662 
Q7SBL5_NEUCR_760_1500 0.6990876 0.6421101 0.6540748 0.6531410 0.6661318 0.6023515 0.3774119 0.0000000 0.5786222 1.0615583 1.1902761 1.9480889 1.6745324 1.5720048 1.6866956 2.3485765 2.3906724 2.3727895 2.4484710 2.3912163 2.4303453 
COAC_SCHPO_778_1517   0.7675698 0.7503664 0.7287086 0.7386077 0.6945933 0.6644858 0.5720259 0.5786222 0.0000000 1.0926127 1.1634092 2.0124787 1.5969637 1.5324621 1.6860475 2.2674308 2.1681572 2.3546620 2.2805153 2.3096881 2.3462904 
Q5KFC9_CRYNE_759_1477 1.2162636 1.1893699 1.1614996 1.1788594 1.0697800 1.1207716 1.1237153 1.0615583 1.0926127 0.0000000 1.1042163 2.3302755 1.6469691 1.6207387 1.8353680 2.7524984 2.8690690 2.8264453 2.6779503 2.5359230 2.6017282 
Q12721_USTMA_747_1451 1.2744297 1.2071868 1.2188739 1.3645220 1.2497204 1.1735028 1.1617269 1.1902761 1.1634092 1.1042163 0.0000000 2.4237978 1.8908348 1.7392648 1.8902813 2.5546490 2.6563920 2.8171972 2.6859558 2.5518353 2.5929884 
HFA1_YEAST_837_1525   1.6246623 1.7733197 1.6282111 1.7335512 1.7776228 2.0355909 1.8558374 1.9480889 2.0124787 2.3302755 2.4237978 0.0000000 2.6047381 2.4334979 2.8274016 3.1108516 3.0787514 3.0994343 3.0462165 3.0819786 3.1811687 
COA2_HUMAN_960_1713   1.6886558 1.7224505 1.7141335 1.7215135 1.7332014 1.7074965 1.6964136 1.6745324 1.5969637 1.6469691 1.8908348 2.6047381 0.0000000 0.2443556 0.5547406 2.5624945 2.5849172 2.6388976 2.5570055 2.3499929 2.6113762 
COAC_CHICK_819_1546   1.5997736 1.5918075 1.6084088 1.5761541 1.5656881 1.7109929 1.5269899 1.5720048 1.5324621 1.6207387 1.7392648 2.4334979 0.2443556 0.0000000 0.4991512 2.5111676 2.5961802 2.5938046 2.4409543 2.3548476 2.6615623 
Q9V346_DROME_797_1541 1.9285117 1.8067386 1.8448019 1.9659755 1.8835054 1.8191742 1.7118170 1.6866956 1.6860475 1.8353680 1.8902813 2.8274016 0.5547406 0.4991512 0.0000000 2.4346137 2.6031569 2.6967311 2.6408120 2.5291001 2.8484927 
Q38970_ARATH_744_1485 2.3119048 2.1556399 2.2675848 2.3513447 2.2002646 2.3479235 2.4805779 2.3485765 2.2674308 2.7524984 2.5546490 3.1108516 2.5624945 2.5111676 2.4346137 0.0000000 0.1674698 0.2052456 0.3786242 0.5429597 0.4870192 
Q42617_BRANA_840_1541 2.2673176 2.1986857 2.2082141 2.2875732 2.1871251 2.3024123 2.4020840 2.3906724 2.1681572 2.8690690 2.6563920 3.0787514 2.5849172 2.5961802 2.6031569 0.1674698 0.0000000 0.3102872 0.4748512 0.6204025 0.5932121 
Q40326_MEDSA_746_1487 2.3420185 2.1894890 2.3158519 2.4266258 2.2726717 2.4651105 2.4162767 2.3727895 2.3546620 2.8264453 2.8171972 3.0994343 2.6388976 2.5938046 2.6967311 0.2052456 0.3102872 0.0000000 0.3514208 0.5613097 0.5200465 
Q41511_WHEAT_733_1479 2.3360916 2.1927398 2.2907096 2.4046241 2.2079315 2.3047687 2.4408865 2.4484710 2.2805153 2.6779503 2.6859558 3.0462165 2.5570055 2.4409543 2.6408120 0.3786242 0.4748512 0.3514208 0.0000000 0.3894869 0.3836819 
Q41743_MAIZE_839_1553 2.2344594 2.1393401 2.2591747 2.2075313 2.1363287 2.2100744 2.3934167 2.3912163 2.3096881 2.5359230 2.5518353 3.0819786 2.3499929 2.3548476 2.5291001 0.5429597 0.6204025 0.5613097 0.3894869 0.0000000 0.1903984 
O48959_WHEAT_839_1544 2.2689717 2.1516047 2.3747412 2.2834236 2.1497998 2.2380304 2.5588662 2.4303453 2.3462904 2.6017282 2.5929884 3.1811687 2.6113762 2.6615623 2.8484927 0.4870192 0.5932121 0.5200465 0.3836819 0.1903984 0.0000000 
