25
Y1017_SYNY3_44_434  0.0000000 0.7065836 0.6874339 0.8902025 1.3079124 1.0851339 1.1008794 0.9549055 1.3086362 2.4240764 1.5385958 1.2434039 1.2798878 1.1651925 1.1036260 1.4637610 1.4772246 1.3937718 1.4268244 1.5129120 1.2674404 2.6857932 2.6392769 2.7200972 4.2033033 
Y108_SYNY3_91_486   0.7065836 0.0000000 0.5540684 0.8450662 1.2430127 0.9594309 0.9345339 1.0256312 1.3619099 1.7707412 1.4930963 0.9254329 1.1842279 1.0172368 1.0923990 1.2143287 1.2135854 0.9852452 1.5239813 1.3701480 1.1330744 2.4441259 2.5775347 3.1580295 5.0639744 
O28528_ARCFU_40_448 0.6874339 0.5540684 0.0000000 0.7482350 1.1414967 0.9978255 0.8970971 0.8956186 1.1315603 1.7732491 1.4039288 0.9911631 1.1559908 0.9359713 1.1034445 1.0882308 1.6608301 1.4488539 1.7531330 1.5830630 0.9991040 2.2262084 2.3731203 2.8400983 4.3734958 
Y537_SYNY3_7_404    0.8902025 0.8450662 0.7482350 0.0000000 1.2637032 1.0075012 0.9642966 1.1920499 1.5215036 1.5440827 1.4059377 1.1093696 1.2256825 1.0013681 1.1685241 1.3826673 1.5825585 1.4597960 1.5321391 1.7194362 1.2984432 2.5247244 2.3992533 2.9216993 4.0591402 
AMT1_CAEEL_31_448   1.3079124 1.2430127 1.1414967 1.2637032 0.0000000 1.0637914 1.0239717 1.6939944 1.1470554 1.9453529 1.8786204 1.6521098 1.6523514 1.4806465 1.5677045 1.4303286 1.8686648 1.7133564 1.8497939 1.6480894 1.8603291 4.2127044 4.0034802 4.2689086 5.8288682 
O04400_ORYSA_36_460 1.0851339 0.9594309 0.9978255 1.0075012 1.0637914 0.0000000 0.1112002 1.5609768 1.4139488 1.6778377 1.4191339 1.1284655 1.1084891 1.0819038 1.1920933 1.0540376 1.4279665 1.4306969 1.6813133 1.6802988 1.2970108 2.8462137 2.6630284 2.9067808 4.9156517 
AMT11_ARATH_43_467  1.1008794 0.9345339 0.8970971 0.9642966 1.0239717 0.1112002 0.0000000 1.5039417 1.3380027 1.6661318 1.4562577 1.1869190 1.1012485 1.0920418 1.2024326 1.1166404 1.4204494 1.3886753 1.5689822 1.6832420 1.2984194 2.9402567 2.6212269 2.9989697 4.9397139 
Y1343_METJA_34_414  0.9549055 1.0256312 0.8956186 1.1920499 1.6939944 1.5609768 1.5039417 0.0000000 0.6399842 1.9530052 1.9884659 1.4309583 1.6328436 1.5829913 1.5753704 1.7218805 1.7799257 1.4680079 1.5549852 2.2278405 1.5433274 2.3073578 2.0407258 2.6642835 4.3791759 
Y058_METJA_12_388   1.3086362 1.3619099 1.1315603 1.5215036 1.1470554 1.4139488 1.3380027 0.6399842 0.0000000 1.6198568 1.9135011 1.4039838 1.7499687 1.6399697 1.6617688 1.5889638 1.4868097 1.4214080 1.3568585 1.6500642 1.4597605 2.7815991 2.3438100 2.6335999 4.1262015 
MEP1_YEAST_20_424   2.4240764 1.7707412 1.7732491 1.5440827 1.9453529 1.6778377 1.6661318 1.9530052 1.6198568 0.0000000 1.1626625 1.1278283 1.3343816 1.3688420 1.5714174 1.1518838 1.3506021 1.0701429 1.5602968 1.9996831 2.2311087 2.7844275 3.3047146 3.9156133 4.2906782 
MEP2_YEAST_33_444   1.5385958 1.4930963 1.4039288 1.4059377 1.8786204 1.4191339 1.4562577 1.9884659 1.9135011 1.1626625 0.0000000 1.0030624 0.8676697 0.9022075 0.8752319 0.8926880 1.1167612 1.2480789 1.4697486 1.8075253 1.9385728 2.5864885 2.5636380 3.0941809 3.5978194 
Y663_METTH_16_410   1.2434039 0.9254329 0.9911631 1.1093696 1.6521098 1.1284655 1.1869190 1.4309583 1.4039838 1.1278283 1.0030624 0.0000000 0.4727473 0.5392765 0.4956031 0.4950357 0.7275511 0.5841127 0.8246478 1.8403849 1.5304470 2.9821692 2.6794336 3.2953115 4.6176063 
Y661_METTH_9_404    1.2798878 1.1842279 1.1559908 1.2256825 1.6523514 1.1084891 1.1012485 1.6328436 1.7499687 1.3343816 0.8676697 0.4727473 0.0000000 0.6183544 0.5805240 0.6138748 0.8469840 0.7299649 1.0525805 2.0086465 1.8395420 2.8107949 2.9150123 3.3651858 5.2656934 
O28525_ARCFU_7_387  1.1651925 1.0172368 0.9359713 1.0013681 1.4806465 1.0819038 1.0920418 1.5829913 1.6399697 1.3688420 0.9022075 0.5392765 0.6183544 0.0000000 0.2305914 0.6267921 0.7759077 0.8341269 0.7791722 1.8705787 1.6740087 2.6504014 2.4786288 3.1586309 3.8097482 
O29285_ARCFU_7_390  1.1036260 1.0923990 1.1034445 1.1685241 1.5677045 1.1920933 1.2024326 1.5753704 1.6617688 1.5714174 0.8752319 0.4956031 0.5805240 0.2305914 0.0000000 0.5755805 0.7655629 0.8608079 0.9624893 2.3212601 1.9478888 2.7967122 2.4006984 3.2729216 3.7765470 
NRGA_BACSU_7_400    1.4637610 1.2143287 1.0882308 1.3826673 1.4303286 1.0540376 1.1166404 1.7218805 1.5889638 1.1518838 0.8926880 0.4950357 0.6138748 0.6267921 0.5755805 0.0000000 0.8023895 0.8950309 0.8936789 1.6457775 1.7317690 2.6283144 2.6913895 3.2372643 4.9697918 
AMT_MYCTU_16_441    1.4772246 1.2135854 1.6608301 1.5825585 1.8686648 1.4279665 1.4204494 1.7799257 1.4868097 1.3506021 1.1167612 0.7275511 0.8469840 0.7759077 0.7655629 0.8023895 0.0000000 0.7998972 0.7026429 1.9126951 1.6705181 3.1653429 3.0773845 3.8110965 4.7635668 
AMTB_ECOLI_33_426   1.3937718 0.9852452 1.4488539 1.4597960 1.7133564 1.4306969 1.3886753 1.4680079 1.4214080 1.0701429 1.2480789 0.5841127 0.7299649 0.8341269 0.8608079 0.8950309 0.7998972 0.0000000 1.0395014 1.8919236 1.7525912 2.6031579 2.5267930 3.0181398 4.5039554 
AMT_CORGL_7_407     1.4268244 1.5239813 1.7531330 1.5321391 1.8497939 1.6813133 1.5689822 1.5549852 1.3568585 1.5602968 1.4697486 0.8246478 1.0525805 0.7791722 0.9624893 0.8936789 0.7026429 1.0395014 0.0000000 1.9831695 1.9531556 2.5535618 2.9404675 3.2667149 4.8008368 
AMT2_CAEEL_34_491   1.5129120 1.3701480 1.5830630 1.7194362 1.6480894 1.6802988 1.6832420 2.2278405 1.6500642 1.9996831 1.8075253 1.8403849 2.0086465 1.8705787 2.3212601 1.6457775 1.9126951 1.8919236 1.9831695 0.0000000 0.7927800 3.3161994 3.3583985 3.2207696 4.2374464 
AMT3_CAEEL_39_451   1.2674404 1.1330744 0.9991040 1.2984432 1.8603291 1.2970108 1.2984194 1.5433274 1.4597605 2.2311087 1.9385728 1.5304470 1.8395420 1.6740087 1.9478888 1.7317690 1.6705181 1.7525912 1.9531556 0.7927800 0.0000000 3.2486468 2.9725190 2.9322070 4.6070622 
RHAG_HUMAN_15_402   2.6857932 2.4441259 2.2262084 2.5247244 4.2127044 2.8462137 2.9402567 2.3073578 2.7815991 2.7844275 2.5864885 2.9821692 2.8107949 2.6504014 2.7967122 2.6283144 3.1653429 2.6031579 2.5535618 3.3161994 3.2486468 0.0000000 0.7668991 0.8947558 1.6311588 
Q22947_CAEEL_20_430 2.6392769 2.5775347 2.3731203 2.3992533 4.0034802 2.6630284 2.6212269 2.0407258 2.3438100 3.3047146 2.5636380 2.6794336 2.9150123 2.4786288 2.4006984 2.6913895 3.0773845 2.5267930 2.9404675 3.3583985 2.9725190 0.7668991 0.0000000 0.6642051 1.7680224 
Q17463_CAEEL_20_426 2.7200972 3.1580295 2.8400983 2.9216993 4.2689086 2.9067808 2.9989697 2.6642835 2.6335999 3.9156133 3.0941809 3.2953115 3.3651858 3.1586309 3.2729216 3.2372643 3.8110965 3.0181398 3.2667149 3.2207696 2.9322070 0.8947558 0.6642051 0.0000000 1.9502193 
RHL_MACMU_14_412    4.2033033 5.0639744 4.3734958 4.0591402 5.8288682 4.9156517 4.9397139 4.3791759 4.1262015 4.2906782 3.5978194 4.6176063 5.2656934 3.8097482 3.7765470 4.9697918 4.7635668 4.5039554 4.8008368 4.2374464 4.6070622 1.6311588 1.7680224 1.9502193 0.0000000 
