39
Q92QZ4_RHIME_90_373  0.0000000 0.1823336 0.2207965 0.2502331 0.2106384 0.5963000 0.5141204 0.6329573 0.7408909 0.7704927 0.8878561 0.7708904 0.7593497 0.7800360 0.8410102 0.6793588 0.7865203 0.8197958 1.4054202 0.9518336 0.9489658 1.5921418 1.2533996 1.6932466 1.4353343 1.2904781 0.9257343 1.3588321 1.3934680 1.4605879 1.4796979 1.3124795 1.3967836 1.5320508 1.6968479 1.7740571 1.0888116 1.5164055 1.1480411 
Q8UGD9_AGRT5_32_316  0.1823336 0.0000000 0.2587086 0.3167622 0.3188060 0.6175348 0.6182033 0.7574962 0.8072134 0.7426439 0.9507155 0.9296331 0.8870530 0.9006074 0.9570764 0.8053352 0.9336731 0.8336974 1.4068239 0.9739090 0.9072553 1.4492036 1.0151506 1.3872785 1.4551768 1.2175530 0.9441343 1.1794814 1.2885320 1.4310549 1.1755823 1.4078505 1.5035720 1.5093052 1.6889720 1.6986388 1.3479108 1.4967384 1.2111327 
Q984T1_RHILO_38_321  0.2207965 0.2587086 0.0000000 0.3643801 0.3410586 0.6506239 0.5964854 0.6784671 0.7228947 0.8217123 0.8594227 0.8784600 0.7691991 0.7270741 0.7957388 0.7685371 0.8656316 0.8339273 1.7178240 1.1181966 1.1330997 1.5666356 1.2878956 1.6246205 1.5035694 1.2596118 0.9895684 1.2976544 1.6792573 1.5531897 1.5742985 1.3621595 1.6840350 1.7586826 1.9178077 1.8421118 1.2741852 1.6939782 1.1335499 
Q8YFP9_BRUME_106_389 0.2502331 0.3167622 0.3643801 0.0000000 0.3077344 0.5558886 0.5678400 0.6365948 0.7068829 0.7491922 0.8181505 0.7225021 0.7720975 0.7436015 0.8615764 0.6317374 0.9990238 0.9878919 1.6927608 1.2073898 1.0875243 1.9421552 1.5732997 2.2342880 1.3009893 1.1692865 1.1356202 1.4645703 1.3420641 1.3956353 1.4096356 1.5237433 1.6120425 1.4712210 1.7639511 1.8571709 1.2514762 2.0237275 1.2034570 
Q9A7P1_CAUCR_68_346  0.2106384 0.3188060 0.3410586 0.3077344 0.0000000 0.6457514 0.5905065 0.5994693 0.9436803 0.7973864 0.8314254 0.7279738 0.7688575 0.7988206 0.7781473 0.8960820 0.9325182 0.8524935 1.5550419 1.0907864 1.0774345 1.6823972 1.5188536 1.6629929 1.7606410 1.3847555 0.8630157 1.1702704 1.3267729 1.4699939 1.5225085 1.1822877 1.6933758 1.4960558 1.6178125 1.6166302 1.2365270 1.7896316 1.2976590 
Q9CKF0_PASMU_40_340  0.5963000 0.6175348 0.6506239 0.5558886 0.6457514 0.0000000 0.2734894 0.4474422 0.5906896 0.6456165 0.8627953 0.7583395 0.7995555 0.8645638 0.8943408 0.7903113 0.9956489 1.1362233 1.8860816 1.2242437 1.0795432 2.2597042 1.6309463 2.0047683 1.7812988 1.6373934 1.2193284 1.5227639 1.4573623 1.7653406 1.4070508 1.6093824 1.8350654 1.7924886 2.1485295 2.0635200 1.4183867 2.0415958 1.1996857 
Y457_HAEIN_40_339    0.5141204 0.6182033 0.5964854 0.5678400 0.5905065 0.2734894 0.0000000 0.4691459 0.6121057 0.6355408 0.9151521 0.8457677 0.9114853 0.8113749 0.8169953 0.8408266 0.8506727 1.1812501 1.8421585 1.2190504 1.1742524 2.1703399 1.7774130 1.6952101 1.7637250 1.5113796 1.1452061 1.4039901 1.6303149 1.3411211 1.4089048 1.7280258 1.6843553 1.9748692 1.7696053 1.7587614 1.2323117 1.9714641 1.2523590 
Q9KQI1_VIBCH_41_333  0.6329573 0.7574962 0.6784671 0.6365948 0.5994693 0.4474422 0.4691459 0.0000000 0.6376206 0.6235458 0.8647169 0.7117177 0.7214065 0.7452582 0.6377699 0.8931913 0.9475819 0.8521204 1.3540458 1.2017463 0.8803590 2.0100111 1.6009019 2.2125630 1.9113078 1.2990890 1.0912013 1.4374084 1.3184074 1.4296948 1.3073070 1.5833544 1.7365423 1.7900704 2.2673240 2.0058232 1.4717866 1.9435868 1.1777145 
YCEG_ECOLI_40_333    0.7408909 0.8072134 0.7228947 0.7068829 0.9436803 0.5906896 0.6121057 0.6376206 0.0000000 0.7959534 0.9239805 0.7748660 0.7907879 0.7528456 1.0364526 0.8461983 1.1784481 0.9783428 1.6619706 1.1132693 1.1939242 2.0898222 1.7059234 2.1005857 1.6790499 1.3909911 1.3749058 1.7149293 1.6719298 1.4979563 1.3331516 1.9993392 1.6598272 2.3143779 1.5878721 1.7169170 1.3764587 2.1832185 1.4009542 
Q9RA30_VIBMA_39_331  0.7704927 0.7426439 0.8217123 0.7491922 0.7973864 0.6456165 0.6355408 0.6235458 0.7959534 0.0000000 1.0843503 0.9984530 0.9397963 0.7220106 0.8666518 0.8531884 1.1250361 1.2425279 1.7847072 1.1195568 0.9891663 2.2631023 1.7454879 2.1143415 1.5612470 1.6228652 1.3977290 1.3962692 1.4904838 1.2702243 1.4464337 2.2012424 1.7600509 1.9020023 2.1290739 2.0942238 1.9931815 2.7804771 1.5803448 
Q9PFI2_XYLFA_43_338  0.8878561 0.9507155 0.8594227 0.8181505 0.8314254 0.8627953 0.9151521 0.8647169 0.9239805 1.0843503 0.0000000 0.4961357 0.4330130 1.0495937 0.8641352 1.1211582 1.1063373 0.9189773 2.0572640 1.3683931 1.4651946 2.0165548 1.9566693 2.2843126 1.6780107 1.3703471 1.3573761 1.4273179 1.5630687 1.6088049 1.5835765 1.7810129 1.8582362 1.4288207 1.5043463 1.5239168 1.7315757 2.1330506 1.4648259 
Q9EZH8_XANAL_52_347  0.7708904 0.9296331 0.8784600 0.7225021 0.7279738 0.7583395 0.8457677 0.7117177 0.7748660 0.9984530 0.4961357 0.0000000 0.2804455 0.6727986 0.4972926 0.6497033 1.1975052 0.9758983 1.8938343 1.3042530 1.3863311 2.1515953 1.6883601 2.4113619 1.6693650 1.3624589 1.1314339 1.3082609 1.5829271 1.3025460 1.3349133 1.5261278 1.7038427 1.2734033 1.6188301 1.7545220 1.5665908 2.0895879 1.1329985 
Q8PBU6_XANCP_49_344  0.7593497 0.8870530 0.7691991 0.7720975 0.7688575 0.7995555 0.9114853 0.7214065 0.7907879 0.9397963 0.4330130 0.2804455 0.0000000 0.7048273 0.5972797 0.8177814 1.0347842 1.0350417 1.8727212 1.1161890 1.2749129 2.1622515 1.6818042 2.3668087 1.8541441 1.4990716 1.2844281 1.3731366 1.4899702 1.5510195 1.4486461 1.5324439 1.6112122 1.5147460 1.8529378 1.9106765 1.5990822 2.1971233 1.3893238 
Q8XYH5_RALSO_83_375  0.7800360 0.9006074 0.7270741 0.7436015 0.7988206 0.8645638 0.8113749 0.7452582 0.7528456 0.7220106 1.0495937 0.6727986 0.7048273 0.0000000 0.9479329 0.3988301 0.9253669 1.1904437 1.7028179 0.8761879 1.0048896 1.6457067 1.6347398 2.0198980 1.3476416 1.4035847 1.2579003 1.3070466 1.5841467 1.4494224 1.5294736 1.5029918 1.5950125 2.0542792 1.5264742 1.6323782 1.4775393 2.1566323 1.1886513 
Q9HZN7_PSEAE_40_332  0.8410102 0.9570764 0.7957388 0.8615764 0.7781473 0.8943408 0.8169953 0.6377699 1.0364526 0.8666518 0.8641352 0.4972926 0.5972797 0.9479329 0.0000000 0.9850294 1.3495837 1.2200623 1.6382220 1.2384743 1.3291670 2.0885458 1.7312299 2.1621356 1.9076235 1.5465089 1.3848382 1.5337644 1.9645286 1.1859220 1.5690992 2.1637178 1.8509320 1.7159494 1.8314499 1.7615863 1.5401570 2.1209619 1.4135327 
Q9K0E0_NEIMB_34_330  0.6793588 0.8053352 0.7685371 0.6317374 0.8960820 0.7903113 0.8408266 0.8931913 0.8461983 0.8531884 1.1211582 0.6497033 0.8177814 0.3988301 0.9850294 0.0000000 1.3056073 1.3009522 2.0889554 1.0899991 1.1124410 1.9531644 1.5319054 2.0300290 1.7970659 1.4101734 1.4982068 1.8788890 1.9233500 1.7084334 1.6052200 1.5485871 2.0091257 2.2465105 1.4817370 1.5299902 1.3710554 1.8869398 1.1046208 
Q9ZDK6_RICPR_43_324  0.7865203 0.9336731 0.8656316 0.9990238 0.9325182 0.9956489 0.8506727 0.9475819 1.1784481 1.1250361 1.1063373 1.1975052 1.0347842 0.9253669 1.3495837 1.3056073 0.0000000 0.9851066 1.8367713 1.3620131 1.0931321 1.5123094 1.9471756 1.7223010 1.6123003 1.6564505 1.0693324 1.2266631 1.4013244 1.4092172 1.3148875 1.3707900 1.2648343 1.5748630 2.3247301 2.5644343 1.9333253 1.9488355 1.6173024 
Q8KAE0_CHLTE_43_335  0.8197958 0.8336974 0.8339273 0.9878919 0.8524935 1.1362233 1.1812501 0.8521204 0.9783428 1.2425279 0.9189773 0.9758983 1.0350417 1.1904437 1.2200623 1.3009522 0.9851066 0.0000000 1.4815363 1.1967331 1.0396000 2.0416116 1.3701613 1.7525080 1.4833644 1.1703278 0.8740425 1.0567124 1.2107396 1.1423496 1.3102546 1.1426290 1.3653368 1.4571295 2.1313600 2.1984392 2.0005062 1.5595568 1.2922678 
Q9KDE2_BACHD_64_371  1.4054202 1.4068239 1.7178240 1.6927608 1.5550419 1.8860816 1.8421585 1.3540458 1.6619706 1.7847072 2.0572640 1.8938343 1.8727212 1.7028179 1.6382220 2.0889554 1.8367713 1.4815363 0.0000000 0.9249627 0.8925130 1.3897989 1.3216200 1.6536924 1.9884656 1.7893917 1.1048446 0.9408768 1.4619701 1.5509975 1.4244862 1.3876589 1.8015456 1.7665096 1.6631634 1.7264132 1.5037854 1.5595314 1.1698305 
O34758_BACSU_50_356  0.9518336 0.9739090 1.1181966 1.2073898 1.0907864 1.2242437 1.2190504 1.2017463 1.1132693 1.1195568 1.3683931 1.3042530 1.1161890 0.8761879 1.2384743 1.0899991 1.3620131 1.1967331 0.9249627 0.0000000 0.4219742 1.0596818 0.7558338 1.1315218 1.5231725 1.3520566 1.0144293 1.1474609 1.1366897 1.6092665 1.1295853 1.5977633 1.5172707 1.8421550 1.5248118 1.6066386 1.3755206 1.4550767 1.2662184 
Q92BL4_LISIN_46_354  0.9489658 0.9072553 1.1330997 1.0875243 1.0774345 1.0795432 1.1742524 0.8803590 1.1939242 0.9891663 1.4651946 1.3863311 1.2749129 1.0048896 1.3291670 1.1124410 1.0931321 1.0396000 0.8925130 0.4219742 0.0000000 1.0210788 0.7447758 1.1056686 1.4796161 1.2836986 0.9058573 0.9163142 1.0896373 1.3693356 1.0494140 1.5156934 1.2742050 1.7076404 1.8503455 1.9509052 1.5014771 1.3683455 1.1793806 
Q97PT1_STRPN_226_548 1.5921418 1.4492036 1.5666356 1.9421552 1.6823972 2.2597042 2.1703399 2.0100111 2.0898222 2.2631023 2.0165548 2.1515953 2.1622515 1.6457067 2.0885458 1.9531644 1.5123094 2.0416116 1.3897989 1.0596818 1.0210788 0.0000000 0.5690138 0.8480599 2.4292611 1.8225673 1.8826927 1.7502021 1.9156795 1.9118659 1.6597365 1.6983819 1.9916876 1.6728537 2.3353902 2.3709736 2.2129213 2.0037951 1.7944720 
Q8K8J4_STRP3_194_519 1.2533996 1.0151506 1.2878956 1.5732997 1.5188536 1.6309463 1.7774130 1.6009019 1.7059234 1.7454879 1.9566693 1.6883601 1.6818042 1.6347398 1.7312299 1.5319054 1.9471756 1.3701613 1.3216200 0.7558338 0.7447758 0.5690138 0.0000000 0.6159154 1.7588978 1.6118669 1.4381736 1.4535253 1.4617487 1.6414597 1.6035626 1.8630270 2.1869041 1.8941931 1.8780364 1.9029327 1.8619043 1.3336752 1.4910414 
Q9CHT3_LACLA_220_546 1.6932466 1.3872785 1.6246205 2.2342880 1.6629929 2.0047683 1.6952101 2.2125630 2.1005857 2.1143415 2.2843126 2.4113619 2.3668087 2.0198980 2.1621356 2.0300290 1.7223010 1.7525080 1.6536924 1.1315218 1.1056686 0.8480599 0.6159154 0.0000000 2.5320896 2.0724308 1.8480118 1.6371045 1.8342732 1.9568498 1.9251188 2.0600203 2.1332430 2.3814683 2.1655770 2.2876876 2.5336461 2.0376667 2.1585581 
O51652_BORBU_37_338  1.4353343 1.4551768 1.5035694 1.3009893 1.7606410 1.7812988 1.7637250 1.9113078 1.6790499 1.5612470 1.6780107 1.6693650 1.8541441 1.3476416 1.9076235 1.7970659 1.6123003 1.4833644 1.9884656 1.5231725 1.4796161 2.4292611 1.7588978 2.5320896 0.0000000 0.7867431 1.4921449 1.2606002 1.2429067 1.3193568 1.7025932 2.1454322 1.9228718 1.9599911 2.0400764 2.0615880 2.3660779 2.0910114 1.5271675 
O83504_TREPA_51_333  1.2904781 1.2175530 1.2596118 1.1692865 1.3847555 1.6373934 1.5113796 1.2990890 1.3909911 1.6228652 1.3703471 1.3624589 1.4990716 1.4035847 1.5465089 1.4101734 1.6564505 1.1703278 1.7893917 1.3520566 1.2836986 1.8225673 1.6118669 2.0724308 0.7867431 0.0000000 1.3639049 1.2736752 1.3940539 1.2866199 1.4424995 1.8728950 1.8398400 2.0194229 2.0814904 2.1362626 2.1766815 1.7027103 1.1571524 
O66972_AQUAE_33_326  0.9257343 0.9441343 0.9895684 1.1356202 0.8630157 1.2193284 1.1452061 1.0912013 1.3749058 1.3977290 1.3573761 1.1314339 1.2844281 1.2579003 1.3848382 1.4982068 1.0693324 0.8740425 1.1048446 1.0144293 0.9058573 1.8826927 1.4381736 1.8480118 1.4921449 1.3639049 0.0000000 0.7758792 1.2442287 1.5603726 1.1241340 1.4589539 1.3815746 1.3237750 1.4466948 1.6217785 1.8561570 1.1310796 1.4376102 
Q8RAG8_THETN_45_344  1.3588321 1.1794814 1.2976544 1.4645703 1.1702704 1.5227639 1.4039901 1.4374084 1.7149293 1.3962692 1.4273179 1.3082609 1.3731366 1.3070466 1.5337644 1.8788890 1.2266631 1.0567124 0.9408768 1.1474609 0.9163142 1.7502021 1.4535253 1.6371045 1.2606002 1.2736752 0.7758792 0.0000000 1.2790726 0.8828322 1.1142090 1.5040653 1.1283182 1.4764399 1.3350842 1.3343344 1.6583639 1.5623389 1.2887627 
Q8R6D5_FUSNN_31_310  1.3934680 1.2885320 1.6792573 1.3420641 1.3267729 1.4573623 1.6303149 1.3184074 1.6719298 1.4904838 1.5630687 1.5829271 1.4899702 1.5841467 1.9645286 1.9233500 1.4013244 1.2107396 1.4619701 1.1366897 1.0896373 1.9156795 1.4617487 1.8342732 1.2429067 1.3940539 1.2442287 1.2790726 0.0000000 1.3694418 1.2123897 1.7959893 1.5863235 1.3737647 1.8411164 1.9771286 2.0492970 2.1650885 1.1644350 
Q97IF6_CLOAB_43_339  1.4605879 1.4310549 1.5531897 1.3956353 1.4699939 1.7653406 1.3411211 1.4296948 1.4979563 1.2702243 1.6088049 1.3025460 1.5510195 1.4494224 1.1859220 1.7084334 1.4092172 1.1423496 1.5509975 1.6092665 1.3693356 1.9118659 1.6414597 1.9568498 1.3193568 1.2866199 1.5603726 0.8828322 1.3694418 0.0000000 0.9978838 1.9320482 1.5769960 1.7994756 1.5025625 1.6978426 1.9625848 1.8415008 1.3049474 
Q8XJI3_CLOPE_46_340  1.4796979 1.1755823 1.5742985 1.4096356 1.5225085 1.4070508 1.4089048 1.3073070 1.3331516 1.4464337 1.5835765 1.3349133 1.4486461 1.5294736 1.5690992 1.6052200 1.3148875 1.3102546 1.4244862 1.1295853 1.0494140 1.6597365 1.6035626 1.9251188 1.7025932 1.4424995 1.1241340 1.1142090 1.2123897 0.9978838 0.0000000 1.5444825 1.3246210 1.1909653 1.5296620 1.6381307 1.8262722 1.6588629 1.1465674 
Q9RRE0_DEIRA_47_343  1.3124795 1.4078505 1.3621595 1.5237433 1.1822877 1.6093824 1.7280258 1.5833544 1.9993392 2.2012424 1.7810129 1.5261278 1.5324439 1.5029918 2.1637178 1.5485871 1.3707900 1.1426290 1.3876589 1.5977633 1.5156934 1.6983819 1.8630270 2.0600203 2.1454322 1.8728950 1.4589539 1.5040653 1.7959893 1.9320482 1.5444825 0.0000000 2.1176204 1.7108549 1.7900235 1.8920082 1.7769173 1.6858364 1.3261270 
Q9PHY5_CAMJE_52_333  1.3967836 1.5035720 1.6840350 1.6120425 1.6933758 1.8350654 1.6843553 1.7365423 1.6598272 1.7600509 1.8582362 1.7038427 1.6112122 1.5950125 1.8509320 2.0091257 1.2648343 1.3653368 1.8015456 1.5172707 1.2742050 1.9916876 2.1869041 2.1332430 1.9228718 1.8398400 1.3815746 1.1283182 1.5863235 1.5769960 1.3246210 2.1176204 0.0000000 0.7203180 1.6987051 1.7577570 1.6022065 2.1219050 1.2466765 
O25309_HELPY_42_328  1.5320508 1.5093052 1.7586826 1.4712210 1.4960558 1.7924886 1.9748692 1.7900704 2.3143779 1.9020023 1.4288207 1.2734033 1.5147460 2.0542792 1.7159494 2.2465105 1.5748630 1.4571295 1.7665096 1.8421550 1.7076404 1.6728537 1.8941931 2.3814683 1.9599911 2.0194229 1.3237750 1.4764399 1.3737647 1.7994756 1.1909653 1.7108549 0.7203180 0.0000000 1.6785841 1.9394457 1.5302507 1.8987791 1.0698190 
P95000_MYCTU_84_410  1.6968479 1.6889720 1.9178077 1.7639511 1.6178125 2.1485295 1.7696053 2.2673240 1.5878721 2.1290739 1.5043463 1.6188301 1.8529378 1.5264742 1.8314499 1.4817370 2.3247301 2.1313600 1.6631634 1.5248118 1.8503455 2.3353902 1.8780364 2.1655770 2.0400764 2.0814904 1.4466948 1.3350842 1.8411164 1.5025625 1.5296620 1.7900235 1.6987051 1.6785841 0.0000000 0.1042655 0.9163887 1.1088471 0.8524817 
Q9CCS8_MYCLE_88_414  1.7740571 1.6986388 1.8421118 1.8571709 1.6166302 2.0635200 1.7587614 2.0058232 1.7169170 2.0942238 1.5239168 1.7545220 1.9106765 1.6323782 1.7615863 1.5299902 2.5644343 2.1984392 1.7264132 1.6066386 1.9509052 2.3709736 1.9029327 2.2876876 2.0615880 2.1362626 1.6217785 1.3343344 1.9771286 1.6978426 1.6381307 1.8920082 1.7577570 1.9394457 0.1042655 0.0000000 0.9320854 1.2499167 0.8881257 
Q8NQ24_CORGL_59_382  1.0888116 1.3479108 1.2741852 1.2514762 1.2365270 1.4183867 1.2323117 1.4717866 1.3764587 1.9931815 1.7315757 1.5665908 1.5990822 1.4775393 1.5401570 1.3710554 1.9333253 2.0005062 1.5037854 1.3755206 1.5014771 2.2129213 1.8619043 2.5336461 2.3660779 2.1766815 1.8561570 1.6583639 2.0492970 1.9625848 1.8262722 1.7769173 1.6022065 1.5302507 0.9163887 0.9320854 0.0000000 1.3381027 1.1337032 
Q9KXQ1_STRCO_272_579 1.5164055 1.4967384 1.6939782 2.0237275 1.7896316 2.0415958 1.9714641 1.9435868 2.1832185 2.7804771 2.1330506 2.0895879 2.1971233 2.1566323 2.1209619 1.8869398 1.9488355 1.5595568 1.5595314 1.4550767 1.3683455 2.0037951 1.3336752 2.0376667 2.0910114 1.7027103 1.1310796 1.5623389 2.1650885 1.8415008 1.6588629 1.6858364 2.1219050 1.8987791 1.1088471 1.2499167 1.3381027 0.0000000 0.9386146 
Q9L9G6_STRSH_35_278  1.1480411 1.2111327 1.1335499 1.2034570 1.2976590 1.1996857 1.2523590 1.1777145 1.4009542 1.5803448 1.4648259 1.1329985 1.3893238 1.1886513 1.4135327 1.1046208 1.6173024 1.2922678 1.1698305 1.2662184 1.1793806 1.7944720 1.4910414 2.1585581 1.5271675 1.1571524 1.4376102 1.2887627 1.1644350 1.3049474 1.1465674 1.3261270 1.2466765 1.0698190 0.8524817 0.8881257 1.1337032 0.9386146 0.0000000 
