6
ATG3_YEAST_1_131   0.0000000 1.0928763 1.9893035 0.9757687 0.9074709 0.9742445 
ATG3_SCHPO_4_134   1.0928763 0.0000000 0.9263646 1.0090909 1.0166752 1.1524914 
Q9FKG9_ARATH_6_156 1.9893035 0.9263646 0.0000000 1.0588208 0.8253145 1.1247934 
ATG3_RAT_7_156     0.9757687 1.0090909 1.0588208 0.0000000 0.1827261 0.3730753 
Q9VVS6_DROME_7_162 0.9074709 1.0166752 0.8253145 0.1827261 0.0000000 0.2777983 
Q9N369_CAEEL_7_153 0.9742445 1.1524914 1.1247934 0.3730753 0.2777983 0.0000000 
