10
NBEA_CAEEL_1829_2106   0.0000000 0.5567361 0.8664887 1.0319134 1.0286344 0.9894065 0.9383386 1.1388627 1.0776972 1.8822837 
LRBA_HUMAN_2212_2489   0.5567361 0.0000000 0.6959430 0.8493412 0.8799083 0.8727186 0.8130347 0.8471922 1.0904741 2.0281111 
O64634_ARATH_2232_2509 0.8664887 0.6959430 0.0000000 0.8207379 0.7434579 0.9061539 0.8789188 0.8695738 1.0323486 1.7182844 
FAN_MOUSE_302_575      1.0319134 0.8493412 0.8207379 0.0000000 0.8137036 0.8664274 0.9403744 0.9618103 1.0241141 1.9384148 
Q9ZQX5_ARATH_2886_3166 1.0286344 0.8799083 0.7434579 0.8137036 0.0000000 0.8178183 0.8506993 0.9010741 0.8534790 1.4778158 
O18116_CAEEL_163_444   0.9894065 0.8727186 0.9061539 0.8664274 0.8178183 0.0000000 0.6757135 0.7341609 1.0875773 1.8306639 
O74390_SCHPO_1919_2202 0.9383386 0.8130347 0.8789188 0.9403744 0.8506993 0.6757135 0.0000000 0.4730387 1.1310156 1.8671428 
BPH1_YEAST_1557_1839   1.1388627 0.8471922 0.8695738 0.9618103 0.9010741 0.7341609 0.4730387 0.0000000 1.0756862 2.0250212 
O97699_BOVIN_3127_3417 1.0776972 1.0904741 1.0323486 1.0241141 0.8534790 1.0875773 1.1310156 1.0756862 0.0000000 1.6452464 
Q21547_CAEEL_2019_2305 1.8822837 2.0281111 1.7182844 1.9384148 1.4778158 1.8306639 1.8671428 2.0250212 1.6452464 0.0000000 
