7
Q9FKG9_ARATH_187_304 0.0000000 0.4724417 0.4386978 0.7293427 0.9136858 1.2860214 3.5357987 
Q9VVS6_DROME_207_325 0.4724417 0.0000000 0.2013592 0.4447511 0.8125971 1.0715255 2.9086058 
ATG3_RAT_192_310     0.4386978 0.2013592 0.0000000 0.4590897 0.8435106 1.1160484 2.8818800 
Q9N369_CAEEL_184_301 0.7293427 0.4447511 0.4590897 0.0000000 0.9572323 1.1362407 2.6117822 
ATG3_SCHPO_154_273   0.9136858 0.8125971 0.8435106 0.9572323 0.0000000 1.1019500 3.2781480 
ATG3_YEAST_161_307   1.2860214 1.0715255 1.1160484 1.1362407 1.1019500 0.0000000 2.7903304 
ATG10_MOUSE_87_209   3.5357987 2.9086058 2.8818800 2.6117822 3.2781480 2.7903304 0.0000000 
