9
Q99H27_9NUCL_358_612 0.0000000 0.3892405 0.4840520 0.5656493 0.5395405 0.9594978 0.7215649 1.0593589 1.5540345 
Q9IBR0_9NUCL_333_584 0.3892405 0.0000000 0.5012043 0.4928995 0.4597161 0.9353615 0.7626281 1.1932680 1.6880395 
Q9YMU7_NPVLD_326_574 0.4840520 0.5012043 0.0000000 0.5143404 0.4941983 0.9368445 0.7274928 1.1669216 1.4936226 
O92491_NPVBM_333_583 0.5656493 0.4928995 0.5143404 0.0000000 0.2167847 0.9638327 0.5812971 1.0403134 1.6528626 
VP74_NPVOP_332_582   0.5395405 0.4597161 0.4941983 0.2167847 0.0000000 0.9547649 0.6382196 1.0649537 1.6214498 
O55562_NPVLS_37_281  0.9594978 0.9353615 0.9368445 0.9638327 0.9547649 0.0000000 0.6197934 1.4917612 1.8342172 
O93127_NPVSL_338_587 0.7215649 0.7626281 0.7274928 0.5812971 0.6382196 0.6197934 0.0000000 1.3334312 1.7757279 
Q9DVY3_9BACU_327_573 1.0593589 1.1932680 1.1669216 1.0403134 1.0649537 1.4917612 1.3334312 0.0000000 2.1199851 
Q99GQ3_9NUCL_1_250   1.5540345 1.6880395 1.4936226 1.6528626 1.6214498 1.8342172 1.7757279 2.1199851 0.0000000 
