7
O65176_MESCR_57_110  0.0000000 0.3502505 0.3217077 0.3297336 0.3850487 0.3934920 0.5658513 
ASR1_LYCES_25_78     0.3502505 0.0000000 0.2802280 0.3341727 0.4346120 0.4256516 0.3470631 
O50000_PRUAR_114_167 0.3217077 0.2802280 0.0000000 0.2890875 0.3065409 0.3933517 0.4691880 
Q41087_PINTA_40_93   0.3297336 0.3341727 0.2890875 0.0000000 0.3639655 0.4344557 0.5627462 
O49149_ORYSA_51_104  0.3850487 0.4346120 0.3065409 0.3639655 0.0000000 0.5212612 0.4734205 
Q39537_CITMA_10_63   0.3934920 0.4256516 0.3933517 0.4344557 0.5212612 0.0000000 0.7267260 
ASR3_LYCES_25_78     0.5658513 0.3470631 0.4691880 0.5627462 0.4734205 0.7267260 0.0000000 
