7
Q9Y0T4_POLPA_231_337 0.0000000 0.2477521 0.2477521 0.9473827 0.9660936 0.9660936 2.1993589 
O15813_DICDI_231_337 0.2477521 0.0000000 0.0000010 0.8941732 0.9199833 0.9199833 1.9457456 
Q54HG2_DICDI_231_337 0.2477521 0.0000010 0.0000000 0.8941732 0.9199833 0.9199833 1.9457456 
Q9Y0T3_POLPA_235_341 0.9473827 0.8941732 0.8941732 0.0000000 0.2123991 0.2123991 2.0946350 
O15814_DICDI_233_339 0.9660936 0.9199833 0.9199833 0.2123991 0.0000000 0.0000010 2.1752036 
Q550R2_DICDI_233_339 0.9660936 0.9199833 0.9199833 0.2123991 0.0000010 0.0000000 2.1752036 
Q4P8W6_USTMA_214_326 2.1993589 1.9457456 1.9457456 2.0946350 2.1752036 2.1752036 0.0000000 
