112
Q5HXC9_CAMJR_7_325  0.0000000 0.1162646 0.2414459 0.3170757 0.4284384 0.3934219 0.4151782 0.3061101 0.4841831 0.5197066 0.3640109 0.3509000 0.4827701 0.5664065 0.5420893 0.4381762 0.5915940 0.4584835 0.3113466 0.4956339 0.6383794 0.4465993 0.4845407 0.5196139 0.3965704 0.5069907 0.5511252 0.5465093 0.5077671 0.5129275 0.5764323 0.5195347 0.6338366 0.6722136 0.6909964 0.6703619 0.9048432 0.7961541 0.8128074 0.7719529 0.7719529 0.7274513 0.8831700 0.9316453 0.7225954 0.9603211 0.8280919 0.8002763 1.2621491 1.4147419 1.5049025 1.3130702 1.3137772 1.1697579 1.1718365 1.7953542 0.9237746 0.9493795 0.8253472 1.0459628 1.1310590 2.1207836 2.1437992 1.7763898 1.7439307 1.6520638 1.6815203 1.4843902 1.6831124 1.7856374 1.7380046 1.6096038 2.1219285 2.4156984 1.7530859 3.0528665 2.1597788 1.9855340 1.9021624 2.5878553 2.6937284 1.8205092 1.5566165 1.3500564 1.8712379 1.1954346 1.2768913 1.2577750 1.6654684 1.3734185 1.2612322 1.4660287 1.0678942 1.1631614 1.4321509 1.7044734 1.3764880 2.0361585 2.0056152 1.9409795 1.9207443 1.9767759 1.7582451 1.1149816 1.0015591 1.5354555 1.0928393 1.4041136 1.5348747 1.7749879 1.6425317 8.2621005 
Q7VIE4_HELHP_53_372 0.1162646 0.0000000 0.3527173 0.4170454 0.5378039 0.5059915 0.5252707 0.3747901 0.5515727 0.5005917 0.4369446 0.4225495 0.5656051 0.5687259 0.6246195 0.3622101 0.6143123 0.4611740 0.3541407 0.6049961 0.6313493 0.4951581 0.5352388 0.6022134 0.4704127 0.5030600 0.5480191 0.5433146 0.5038394 0.4673663 0.6674275 0.5566101 0.6971874 0.7370115 0.7169081 0.6969313 0.8489076 0.6847494 0.7622675 0.7242233 0.7242233 0.6892057 0.8006707 0.8455192 0.6899315 0.9862074 0.8475464 0.7504013 1.3356873 1.3381026 1.4218571 1.2426796 1.1637751 1.1142282 1.1512148 1.4281860 0.8067849 0.8314941 0.7199157 0.9620846 0.9439432 1.8149905 1.8899520 1.5125562 1.4905255 1.4100181 1.4369653 1.2640290 1.5734172 1.6723969 1.6253404 1.5057274 1.9882871 2.0619244 1.6434392 2.5955868 1.8738927 1.7493394 1.6587459 2.2401886 2.3028417 1.6883797 1.7479251 1.3584013 1.5785657 1.3289639 1.4352585 1.5128783 1.7098601 1.4809744 1.3625064 1.4985012 1.1978248 1.2581332 1.7089442 1.7620132 1.5391358 2.3370488 1.5857329 1.8319466 1.8929224 1.6932357 1.6583059 0.9288830 0.8095063 1.3800414 0.8893713 1.1879988 1.2989948 2.0622596 1.9160768 6.3270807 
Q6LI34_PHOPR_29_348 0.2414459 0.3527173 0.0000000 0.1245159 0.2202195 0.2194982 0.3022936 0.1670167 0.4115626 0.4271808 0.2693238 0.4376192 0.5077760 0.3511747 0.3925102 0.3643005 0.5627770 0.4444846 0.3900566 0.4791092 0.4218327 0.4148294 0.3884844 0.4627529 0.3251255 0.3591127 0.4208106 0.4397111 0.4178433 0.3755169 0.5535896 0.3987238 0.5492644 0.6330509 0.5959867 0.5721955 0.7978083 0.7286161 0.7125842 0.6754844 0.6754844 0.6350703 0.8882365 0.9365844 0.7561115 0.9160458 0.9412755 0.6064297 1.2552748 1.3758593 1.5601197 1.3354526 1.3085692 1.1059393 1.2987732 1.6068556 1.0076757 1.0244244 0.8767410 1.1262731 1.2348165 1.9976117 2.5093851 1.5879016 1.7164469 1.6158965 1.5929166 1.5871170 1.6085530 1.7461776 1.8428600 1.6474992 2.2450844 2.3437254 1.7424774 2.9271487 1.8111751 2.1959319 2.1762915 2.8544918 2.3997045 1.5672275 1.4040466 1.1014450 1.6188127 1.1877803 0.8806821 1.0067266 1.2600969 1.3078287 1.1003887 1.3092946 0.8605172 0.9342738 1.3353594 1.6680457 1.3521598 2.0585941 1.8534390 1.8242165 1.8163743 1.8653561 1.5869871 1.3780445 1.1339177 1.3704249 1.3345830 1.5119345 1.4995480 1.7178196 1.6477347 8.4646909 
Q5PMK6_SALPA_25_342 0.3170757 0.4170454 0.1245159 0.0000000 0.2164032 0.1695116 0.2504487 0.1398049 0.3742351 0.4826831 0.3132833 0.4908873 0.5496833 0.3853915 0.4876782 0.4048390 0.5776383 0.5208232 0.3734877 0.5255328 0.5118326 0.5438639 0.4943433 0.5153500 0.4511745 0.4873940 0.5761416 0.5896273 0.5296398 0.5175268 0.7042334 0.5613590 0.5146302 0.5690734 0.5589477 0.5130083 0.7449414 0.6510350 0.6411364 0.6317937 0.6317937 0.5948815 0.7405643 0.7802955 0.8908531 1.0627555 0.9870998 0.7487920 1.2611352 1.3947794 1.5849510 1.4132447 1.3411822 1.2204125 1.1881248 1.7930367 0.9796266 0.9861401 0.8759322 1.0741808 1.2295033 1.8413131 2.5503271 1.7057317 1.8267687 1.7464036 1.7136617 1.7670910 1.8492275 1.7986172 1.8309426 1.6018980 2.0305489 2.6615554 1.6707343 3.0210542 1.5938621 2.9374890 2.8198171 3.4113164 2.1704928 1.9725140 1.6476552 1.4625198 1.9694840 1.4721079 1.3011604 1.4733784 1.5465515 1.5344784 1.3582177 1.4995933 1.1345146 1.1760521 1.5623107 2.0454916 1.7307614 2.4666307 2.2226641 2.0354518 2.0277457 2.0903499 1.6801926 1.5210458 1.3544943 1.8077411 1.6013685 1.7966016 1.7836447 2.0406519 1.9630817 8.2644802 
Q66CJ2_YERPS_25_339 0.4284384 0.5378039 0.2202195 0.2164032 0.0000000 0.1414351 0.1583127 0.1955112 0.3478111 0.3903606 0.2656722 0.5188202 0.4497222 0.3874575 0.3173189 0.3882579 0.5675288 0.3753522 0.3653211 0.4321117 0.7097956 0.4101855 0.4542169 0.4268180 0.3803003 0.5386082 0.6031800 0.6218780 0.6552242 0.5339114 0.6879317 0.4814568 0.5221110 0.5284829 0.5172083 0.6683578 0.6115343 0.6817198 0.5757255 0.6224602 0.6224602 0.5841912 0.6587101 0.6967757 0.8385844 0.9511362 0.9243159 0.7592243 1.0864943 1.1709777 1.2142240 1.1701747 1.2054160 0.9738934 1.0041170 2.0086454 0.8894806 1.0419169 0.9334339 1.2137492 0.9851610 1.8898036 2.5680477 1.4938471 1.7571084 1.5893718 1.5488149 1.6379793 1.8475640 1.8777369 1.8971883 1.6942997 2.2864421 2.1797819 1.7888597 2.5530874 1.9968553 2.3189174 2.9074064 2.7413641 2.0322220 1.9850245 1.7218624 1.7538879 2.1587194 1.8241322 1.5822670 1.7944094 1.8132573 1.8544396 1.6419867 2.0844138 1.3020649 1.5540288 1.7356961 2.4075404 2.0280148 2.8031197 2.6980578 1.8596889 1.8785904 1.9667895 1.5424738 1.8318252 1.3624692 1.4403441 1.5278940 2.1453526 2.1322356 1.9809460 1.9286315 4.5619818 
ASPG2_HAEIN_26_343  0.3934219 0.5059915 0.2194982 0.1695116 0.1414351 0.0000000 0.1818999 0.1939899 0.3766733 0.3878013 0.3590868 0.5121519 0.5131213 0.3571202 0.4501681 0.3834749 0.6191800 0.3794091 0.3785979 0.4458062 0.7276890 0.5836716 0.5366591 0.5415182 0.4328041 0.6012977 0.6998161 0.7129347 0.6503726 0.5816250 0.6591718 0.5464919 0.6578269 0.6617032 0.6376686 0.7022459 0.7832579 0.7222149 0.7430267 0.6963553 0.6963553 0.6548803 0.7906394 0.8334098 0.7237190 1.0491681 1.1172184 0.7980476 1.2350138 1.3272451 1.5335031 1.3129748 1.3037503 1.0666317 0.9970905 1.5726370 0.9697645 0.9893875 0.8685894 1.2318141 1.0032439 1.8518421 2.2107091 1.7408480 1.8010673 1.5830379 1.5434661 1.8855102 1.7532341 1.7258804 1.7336476 1.8097714 1.8765221 2.1666725 1.6952945 2.7164463 1.8599785 2.4754362 2.4739969 2.7767982 2.0748723 1.8005564 1.5871878 1.5970039 1.9488691 1.6114579 1.4050160 1.5844375 1.6483222 1.6348264 1.4527413 1.8204853 1.1617835 1.3763461 1.5365115 2.1701866 1.8354621 2.5129143 2.3876134 1.9210898 1.8069027 1.8550570 1.4950114 1.3406822 1.0555531 1.3455695 1.4542133 1.9183230 1.9052409 2.0117423 2.0938856 6.4144202 
Q7N6D9_PHOLL_25_341 0.4151782 0.5252707 0.3022936 0.2504487 0.1583127 0.1818999 0.0000000 0.1828501 0.5079433 0.4039188 0.4142357 0.4025820 0.3908010 0.5248744 0.5697733 0.3760919 0.4902677 0.3962151 0.4225569 0.4586268 0.7331573 0.5129136 0.5421201 0.6147943 0.5851582 0.6717327 0.7082113 0.7287748 0.6499105 0.5579337 0.6333622 0.6349023 0.6910120 0.6311590 0.7917844 0.7595489 0.7831271 0.8391617 0.7061055 0.7063354 0.7063354 0.6639079 0.8692372 0.8426423 0.9351849 1.0038904 0.9561454 0.9149383 1.2145781 1.2090188 1.2586331 1.2122039 1.2103644 1.1157341 1.0223977 1.7673469 0.8835882 0.9398132 0.8618793 1.0751862 1.0258173 1.7621334 2.2119388 1.5181399 1.7673579 1.6006429 1.5602717 1.6489282 1.8550190 1.5173830 1.5204650 1.6519102 1.9961441 2.2100113 1.7560425 2.5072691 1.8554111 2.3786172 2.6583351 3.0126556 1.9453895 1.7001386 1.5513481 1.6357906 2.0324391 1.5341060 1.5000941 1.5078389 1.7208934 1.4862542 1.3957662 1.7290937 1.0184309 1.3087416 1.5176451 1.8660829 1.7042649 2.4289145 2.0763948 1.7293104 1.8844136 1.9777634 1.4341228 1.5054222 1.2006580 1.5129454 1.6204873 1.9361063 1.9230718 1.7526640 1.7250980 5.3237695 
Q64NH4_BACFR_27_346 0.3061101 0.3747901 0.1670167 0.1398049 0.1955112 0.1939899 0.1828501 0.0000000 0.4055887 0.3944442 0.3260401 0.3325253 0.3859595 0.3906760 0.4913613 0.3915828 0.5089554 0.4268019 0.3619416 0.4392599 0.5577341 0.5058697 0.4585540 0.5832769 0.4742019 0.5086535 0.5978941 0.6167238 0.5512428 0.4698163 0.6052323 0.5102460 0.5598932 0.6569034 0.6647329 0.6534944 0.8265682 0.7343448 0.7497959 0.7039830 0.7039830 0.6634201 0.9595044 1.0101772 0.8782738 0.9440787 0.8898124 0.8123948 1.1520663 1.1476915 1.2595095 1.2138744 1.1167656 1.1181950 1.3214359 1.6171212 0.9303520 0.9251284 0.8311705 0.9321517 1.2056901 2.1957764 2.7646013 1.7640553 1.9872517 1.8742167 1.8285628 1.8377174 1.8873218 1.8922032 1.7224438 1.6383418 2.3876987 2.9803279 1.9100601 3.1490711 1.8734104 2.5879602 2.5393219 2.6780443 2.8589357 1.7189410 1.5677280 1.4669430 1.8909517 1.3900830 1.1901812 1.3426312 1.3755158 1.3574213 1.2733439 1.5095312 1.0504093 1.0461629 1.3894435 1.7960919 1.5763874 2.2339234 2.0304884 2.1975717 2.2199318 2.2069277 1.8379176 1.4558549 1.1553786 1.5093573 1.3507192 1.4957761 1.7054003 1.9351294 1.9061563 6.2897028 
ASPG_HELPY_7_324    0.4841831 0.5515727 0.4115626 0.3742351 0.3478111 0.3766733 0.5079433 0.4055887 0.0000000 0.4279093 0.4078017 0.5233021 0.5464344 0.5314322 0.5148695 0.6091788 0.6671358 0.5658255 0.4603818 0.5450278 0.7655689 0.6952843 0.7112013 0.6366413 0.5446154 0.6448487 0.7455442 0.7661357 0.7679643 0.8508814 0.9299171 0.7015655 0.6011369 0.5727558 0.5968233 0.6357144 0.5958949 0.5930382 0.5964325 0.5246339 0.5246339 0.5109727 0.7666003 0.8855586 0.7822246 1.0842091 0.8283773 0.7319930 1.2353774 1.3526072 1.4041554 1.2502292 1.2305800 1.0339829 1.2309074 1.8639282 0.8961056 0.9488532 0.8326636 0.8273276 0.9105816 2.6247104 3.3873473 2.0368879 2.1389978 1.9631012 1.9158113 2.1755626 2.5259526 2.1594618 2.2675310 2.0449918 2.5141519 3.6921864 2.1686227 3.2228405 2.4610034 2.3003501 2.6628589 2.9100096 2.6704010 1.3149608 1.2216825 1.1195109 1.4997150 1.2577465 1.0790497 1.2320503 1.3608363 1.3553631 1.2216410 1.4879460 1.0498913 1.2110332 1.2175223 1.8934289 1.5228795 2.1328967 2.0098878 2.7655693 2.7972968 2.4072524 2.2583070 2.0171552 1.5189914 1.8479161 1.7840729 2.2848649 2.1607967 2.3405834 2.2797967 7.3663374 
Q5P3F1_AZOSE_38_355 0.5197066 0.5005917 0.4271808 0.4826831 0.3903606 0.3878013 0.4039188 0.3944442 0.4279093 0.0000000 0.3850542 0.5492204 0.5351463 0.6149559 0.5452736 0.5550991 0.6228052 0.3917318 0.3517986 0.4232608 0.8356381 0.6458962 0.6132344 0.6594932 0.5427574 0.6648938 0.7212657 0.7422204 0.7112931 0.6248874 0.8431905 0.6367061 0.8272487 0.8277278 0.8129965 0.8781662 0.8811096 0.7957658 0.8291383 0.7879890 0.7879890 0.7900313 1.0086708 1.1344239 0.7259588 0.9028485 0.9970285 0.8310321 1.4713480 1.5029742 1.4368564 1.3707145 1.4215088 1.2260751 0.9770918 1.5986009 0.7819153 0.8686022 0.7088302 1.1383723 1.1035567 1.8627727 2.4850433 1.5244528 1.7275323 1.5659141 1.5265696 1.6289327 2.0257035 1.7344751 1.9177681 1.9141588 2.0520302 2.4455365 2.1600369 2.7928514 2.1803832 1.8920446 2.2444340 2.6754663 2.0409412 1.6905608 1.6901844 1.5431525 1.8014144 1.5627577 1.5385856 1.6264107 1.7593659 1.6072004 1.3082318 1.6464924 1.0739754 1.4190820 1.7820192 2.1115801 1.8499371 2.4985255 2.1057399 2.2962933 2.4140790 1.8344365 2.0045801 1.5713883 0.9955596 1.3304066 1.4303815 1.5039551 1.4917009 2.0249460 1.9257060 7.3215320 
ASPG2_BACSU_52_369  0.3640109 0.4369446 0.2693238 0.3132833 0.2656722 0.3590868 0.4142357 0.3260401 0.4078017 0.3850542 0.0000000 0.4840633 0.3713383 0.4222476 0.2546645 0.3783887 0.6362567 0.4496717 0.4488099 0.5602705 0.8000961 0.3453935 0.3210649 0.2971594 0.3523922 0.4226173 0.4757555 0.4713090 0.4572047 0.4406027 0.4755215 0.4602326 0.5753361 0.5678506 0.5426769 0.6811509 0.7383157 0.6462403 0.6599093 0.7161249 0.7161249 0.6758305 0.6347647 0.7371584 0.6128646 0.9685753 0.8424693 0.7149304 1.1492353 1.2258444 1.3185406 1.1678967 1.3096609 0.9321197 1.0963775 1.6046697 1.0623085 1.1606304 0.9701042 1.0815454 1.1155282 1.7239594 2.2354126 1.6336874 1.8372490 1.6616471 1.7354704 1.7119763 2.1015856 1.9227815 2.0536604 1.8325439 2.1795488 2.3361775 2.2768023 2.5921933 1.9711377 2.0930807 2.3719045 2.9176575 2.4090204 1.5040823 1.5656397 1.4090428 1.6357075 1.4512917 1.2263730 1.4100229 1.4813001 1.4897751 1.4784997 1.5216252 1.0572397 1.2593560 1.5140741 1.5891798 1.5218914 2.2204555 2.1485503 1.9534460 1.9331286 2.0252562 1.7091307 1.5565114 1.1702136 1.1736008 1.4190708 1.5515197 1.5390597 1.6535159 1.5327377 5.7819681 
ASPQ_ACIGL_3_325    0.3509000 0.4225495 0.4376192 0.4908873 0.5188202 0.5121519 0.4025820 0.3325253 0.5233021 0.5492204 0.4840633 0.0000000 0.3174979 0.5970287 0.6224679 0.5926987 0.5941908 0.6305992 0.4678889 0.5645870 0.8366745 0.6201652 0.6468074 0.6456336 0.5411026 0.5473651 0.5977960 0.6171101 0.5513020 0.5188554 0.7055343 0.6638698 0.8834231 0.8532582 1.0897195 0.9258892 1.0414716 1.0979860 0.9619255 0.8971515 0.8971515 0.8243230 1.0746896 1.1442567 1.0075658 0.9890800 0.8868769 1.1464176 1.5573395 1.5486181 1.5255541 1.4531890 1.5079586 1.2958851 1.4403423 1.9966696 0.9733154 1.0920367 0.8783335 1.1781348 1.5297356 2.6565506 2.4652263 1.9215163 2.1251573 2.0161961 1.9686105 1.8153382 1.9746347 1.8056525 1.8539860 1.7829937 2.1205977 2.5001027 2.1468352 3.7757924 2.4587173 2.5037341 2.3951346 3.1171497 3.0570077 1.7995644 1.4773484 1.4963921 1.6575072 1.3923325 1.3647897 1.5091019 1.8385845 1.4005780 1.2109335 1.5566072 0.9796129 1.2211885 1.5245500 1.7873579 1.6671479 2.1771754 2.2278394 2.1355653 2.3272802 2.4534521 1.9356100 1.3529767 1.0111035 1.3606364 1.3871422 1.5795994 1.8006300 1.9114897 1.8306535 8.5868317 
ASPQ_PSEFL_36_356   0.4827701 0.5656051 0.5077760 0.5496833 0.4497222 0.5131213 0.3908010 0.3859595 0.5464344 0.5351463 0.3713383 0.3174979 0.0000000 0.6272151 0.5824154 0.5959750 0.7269197 0.5422850 0.4839093 0.6282914 0.9149224 0.4874548 0.5083914 0.6244715 0.6078206 0.6352796 0.6575813 0.6723429 0.6557393 0.6815845 0.6809548 0.6948970 0.9713467 0.7815778 0.9317112 0.9695074 0.9270840 0.9670938 0.9168386 0.9647300 0.9647300 0.8926325 1.0790177 1.1483463 1.0580877 1.1744493 1.0819011 1.2480165 1.2903038 1.2056617 1.3065241 1.0666807 1.3037324 1.1157282 1.3964270 2.2521718 1.0807716 1.3149220 1.1881469 1.1944607 1.2723145 1.9250261 2.4063563 1.7228013 1.9105553 1.7337514 1.6913805 1.7839829 2.2531416 1.8924847 1.8716134 1.8923350 2.1384593 2.3281572 2.1752808 3.3882957 2.5764363 2.3323581 2.8831951 3.0556274 2.3178436 1.6539889 1.5553685 1.9241777 1.8377052 1.7016126 1.6150188 1.6489609 2.0596945 1.4666538 1.4272934 1.6715819 1.2203768 1.3575440 1.5461315 1.6556705 1.9004326 2.1956448 2.1906245 2.0654388 2.1822942 2.1724620 1.9219212 1.6005564 1.1875346 1.4832246 1.6332221 1.8618864 1.9549433 2.0541849 1.9994530 6.9319473 
Q63IL0_BURPS_27_344 0.5664065 0.5687259 0.3511747 0.3853915 0.3874575 0.3571202 0.5248744 0.3906760 0.5314322 0.6149559 0.4222476 0.5970287 0.6272151 0.0000000 0.3304889 0.3632745 0.8390736 0.7178829 0.6235503 0.6185847 0.7304581 0.6655935 0.6810946 0.6365573 0.4693746 0.4441538 0.5239081 0.5342436 0.5115097 0.4814717 0.7396492 0.5335439 0.8195798 0.8101993 0.8042376 0.8641016 0.9676754 0.8027499 0.9025164 0.8511326 0.8511326 0.7640978 1.0241602 1.0770728 0.6673453 1.1818222 1.2871572 0.9213104 1.4335089 1.4158708 1.6060344 1.2214754 1.4674528 1.0710235 1.1564582 1.6500272 1.0192919 1.0552359 0.8214407 1.1592925 1.2155350 2.6984271 2.8807450 1.9833824 2.2177451 2.0366351 2.0080098 2.1490692 2.1835447 1.8116894 1.8699905 1.6435398 2.4681210 2.7822985 2.0287254 3.3155474 2.0817546 2.3518339 2.4306502 2.8193902 2.6956759 1.3816732 1.2997826 1.2856907 1.5667282 1.4427339 1.1437487 1.5316604 1.7004228 1.5499722 1.5155506 1.7044969 1.0593265 1.2852940 1.5742953 1.8173066 1.7093428 1.9462031 2.0406186 2.2516010 2.2443987 2.0230406 2.0208863 1.6091460 1.2433886 1.5933864 1.5728569 1.7330411 1.7204388 2.2654491 2.1974392 6.1645731 
Q89KF7_BRAJA_53_372 0.5420893 0.6246195 0.3925102 0.4876782 0.3173189 0.4501681 0.5697733 0.4913613 0.5148695 0.5452736 0.2546645 0.6224679 0.5824154 0.3304889 0.0000000 0.3950788 0.7477048 0.6348666 0.5357364 0.4994277 0.8156718 0.5958455 0.5524801 0.3538482 0.3369175 0.4462470 0.5000210 0.5473521 0.5460653 0.5221303 0.5874872 0.4213028 0.6964918 0.6870348 0.5392073 0.7864298 0.8030296 0.7320653 0.7484429 0.8161596 0.8161596 0.7043406 0.8333633 0.8440117 0.4777163 0.9522019 0.8830195 0.7664424 1.1962923 1.2716166 1.3348064 1.2833578 1.4028048 0.7906463 0.9964112 1.7580002 0.9674329 0.9949578 0.8228856 1.2958238 0.9922162 2.0971558 2.3204884 1.8940614 2.1481734 1.9403355 2.0044606 2.0182662 2.2176871 2.0441882 2.1465155 1.9112091 2.3893548 2.3372046 2.6258992 2.7681695 2.2363170 1.8990908 2.1534591 2.4014182 2.4079711 1.5834214 1.5822939 1.5883991 1.8288731 1.6804947 1.4246052 1.6350303 1.7311224 1.9070800 1.8121215 1.6894805 1.1975122 1.5791259 1.6921980 1.9527728 1.6966418 2.3373018 2.3724519 2.1364616 2.1360172 1.9878784 1.9865520 1.9152404 1.3231675 1.3074967 1.6640572 1.6018361 1.5889505 1.8419632 1.6715959 4.8104639 
Q5NLV3_ZYMMO_42_359 0.4381762 0.3622101 0.3643005 0.4048390 0.3882579 0.3834749 0.3760919 0.3915828 0.6091788 0.5550991 0.3783887 0.5926987 0.5959750 0.3632745 0.3950788 0.0000000 0.5762328 0.5532385 0.5279967 0.5786139 0.7234977 0.4752967 0.5504319 0.5227884 0.4236809 0.4627101 0.5417737 0.5372224 0.5015917 0.4080101 0.6099237 0.5662096 0.5882183 0.5331462 0.5370993 0.4876952 0.6229897 0.5909525 0.6007945 0.5730925 0.5730925 0.4534077 0.6834894 0.6592302 0.6304237 0.8391946 0.8838975 0.6169817 1.3146883 1.1619446 1.2751950 1.0466909 1.2525690 0.6833756 0.9572841 1.3080759 0.8236353 0.8908234 0.7372360 0.9552723 0.9718035 2.0847324 2.3435416 1.6487743 1.7293113 1.5653088 1.6269321 1.6130680 1.8646976 1.5556695 1.6494660 1.5319158 2.3247616 2.4116261 1.7669024 2.7511210 1.7853151 1.9231531 2.2373502 2.9621160 2.0973666 1.8721859 1.6482708 1.6353140 1.6451559 1.5429335 1.4638270 1.5869675 1.6528438 1.4230358 1.3928419 1.5838389 1.0902449 1.5238569 1.4475658 1.6705410 1.6714908 2.4421126 1.9380668 1.8604026 2.1029001 2.1048007 1.5155506 1.2291583 1.0987159 1.3034966 1.3948391 1.5156461 1.5033646 1.8766013 1.7463986 5.6231321 
Q8XZT9_RALSO_42_361 0.5915940 0.6143123 0.5627770 0.5776383 0.5675288 0.6191800 0.4902677 0.5089554 0.6671358 0.6228052 0.6362567 0.5941908 0.7269197 0.8390736 0.7477048 0.5762328 0.0000000 0.2534429 0.6359906 0.4742792 1.0428808 0.5580186 0.5560248 0.6570127 0.6137247 0.7518000 0.7906611 0.8122550 0.8144711 0.7398376 0.8707655 0.8636049 0.5681555 0.6167239 0.8396447 0.7815749 0.8112280 0.9049072 0.7173354 0.7329817 0.7329817 0.6493577 0.8717239 0.8454855 0.7052470 0.9800938 1.0687144 0.8614967 1.3551068 1.3584578 1.2423426 1.1864426 1.2974847 0.9647889 1.1408037 1.5731731 1.0311569 1.1335797 0.9307623 1.2427887 1.0615625 2.2627730 2.8132209 1.6315867 1.5991395 1.4878943 1.4484185 1.5127155 1.8381573 1.9734103 2.2137276 2.0232631 2.1104568 2.5751050 1.9745662 2.2447036 1.9786520 1.9057736 2.2375777 2.3766607 2.0907432 1.6304739 1.3058746 1.1128748 1.4322777 1.4879665 1.2938286 1.3018976 1.2024266 1.2511420 1.1288962 1.3853228 1.2178009 1.3285054 1.5816134 1.9426022 1.6977264 2.5025091 2.3875251 1.6912433 1.8416811 1.9208709 1.5078980 1.4870015 1.2635788 1.2138301 1.3388305 1.7321298 1.8615465 1.6939843 1.6158741 6.3748573 
Q62JQ1_BURMA_22_341 0.4584835 0.4611740 0.4444846 0.5208232 0.3753522 0.3794091 0.3962151 0.4268019 0.5658255 0.3917318 0.4496717 0.6305992 0.5422850 0.7178829 0.6348666 0.5532385 0.2534429 0.0000000 0.3547021 0.3718026 0.8854014 0.4700276 0.5025097 0.5110628 0.4505390 0.6717019 0.7061926 0.7256935 0.7274368 0.5892214 0.7452949 0.6557042 0.5808592 0.6397153 0.6906029 0.7844319 0.7509600 0.7430422 0.7027925 0.7116688 0.7116688 0.7041425 0.7516763 0.7928009 0.5825099 0.8757331 0.9492926 0.7916942 1.3714704 1.3709944 1.3554333 1.3026274 1.3985951 1.1599570 0.8112048 1.2972951 0.8000567 0.8839431 0.7589775 1.0792455 0.9553349 1.7093698 2.2467346 1.3401675 1.4913614 1.3417483 1.3048519 1.3874472 1.6348359 1.4848882 1.6412911 1.6808628 1.7601738 2.1849673 1.7248700 2.2391225 1.9831682 1.6336263 2.1269348 2.4257282 1.7234737 1.5847810 1.3696971 1.4006726 1.4902093 1.4058955 1.4661827 1.4744067 1.4938015 1.4657047 1.3403505 1.5627974 1.2837705 1.2607314 1.6103253 1.9354625 1.6858590 2.3966955 2.6348602 1.8769805 1.8906607 1.8779112 1.6075467 1.2173722 1.0671151 1.0236398 1.1143934 1.3588193 1.4586790 1.4294337 1.3905296 5.3401917 
Q7W2H6_BORPA_8_327  0.3113466 0.3541407 0.3900566 0.3734877 0.3653211 0.3785979 0.4225569 0.3619416 0.4603818 0.3517986 0.4488099 0.4678889 0.4839093 0.6235503 0.5357364 0.5279967 0.6359906 0.3547021 0.0000000 0.3883887 0.8456509 0.5382675 0.5710803 0.5687156 0.4101789 0.5302287 0.5763847 0.5942388 0.6126003 0.5860653 0.7247980 0.5677474 0.6438270 0.6748577 0.7622272 0.8132453 0.9362305 0.8044415 0.8515767 0.8390722 0.8390722 0.7925238 1.0313331 1.0448405 0.7826761 0.9598621 1.0030382 0.8867524 1.1847855 1.0882209 1.1891760 1.2301500 1.1359167 1.2740622 0.8893962 1.5724576 0.6903679 0.8539437 0.7378576 1.3060931 1.0934776 2.0471621 2.4028026 1.5697647 1.7611403 1.6687739 1.6235064 1.5007732 1.9931587 1.7438967 1.7605155 1.7409617 2.1167626 2.4805367 2.0143374 3.0359405 1.9902782 2.2031718 2.3957628 2.7162953 2.1397877 1.8810594 1.5193917 1.6467135 1.8415463 1.4624796 1.5616284 1.5697331 1.9308303 1.5962721 1.4665927 1.7604906 1.2374750 1.2991520 1.8447551 2.0081487 1.7503561 2.3714476 2.3673974 2.3402545 2.3649411 2.2009369 1.9651635 1.4186115 1.2036504 1.4575996 1.1962873 1.7756086 1.8120069 1.8260857 1.7776032 7.3630588 
Q7U3W0_SYNPX_4_321  0.4956339 0.6049961 0.4791092 0.5255328 0.4321117 0.4458062 0.4586268 0.4392599 0.5450278 0.4232608 0.5602705 0.5645870 0.6282914 0.6185847 0.4994277 0.5786139 0.4742792 0.3718026 0.3883887 0.0000000 0.9160629 0.7238491 0.7188745 0.5638357 0.4993972 0.6507203 0.7022302 0.7214127 0.7417362 0.7333921 0.6998153 0.6391442 0.6510198 0.7429655 0.7882220 0.9027710 0.9281897 0.9305611 0.8793258 0.8324334 0.8324334 0.7407434 0.9637771 1.0148458 0.6565550 1.0835190 1.0502610 1.1098100 1.4374139 1.5374811 1.6952154 1.6184767 1.7662835 1.2612898 1.0022667 1.4587585 0.7195445 0.7635305 0.6142953 1.1970673 1.0645006 2.3430993 2.3200154 1.6807851 1.9622027 1.7716138 1.7265359 1.8251849 1.8518464 1.6162688 1.6553848 1.5838085 2.1212690 2.4295674 2.1920338 2.8431144 1.8637039 1.9083111 2.2316259 2.5885250 2.3985665 1.6636546 1.4359276 1.4288402 1.8821465 1.4950977 1.3823426 1.3904972 1.6801620 1.4604788 1.4178176 1.6804815 1.1250034 1.3997266 1.6322881 2.1678449 1.7124429 2.3697896 2.7813903 2.1067861 2.1355421 2.0183189 1.7101032 1.3227068 1.0646133 1.1713597 1.1775725 1.6040679 1.6999811 1.6552165 1.5283696 6.2328925 
Q5NHJ0_FRATT_28_348 0.6383794 0.6313493 0.4218327 0.5118326 0.7097956 0.7276890 0.7331573 0.5577341 0.7655689 0.8356381 0.8000961 0.8366745 0.9149224 0.7304581 0.8156718 0.7234977 1.0428808 0.8854014 0.8456509 0.9160629 0.0000000 0.9768815 0.9154577 1.0444378 0.7655019 0.7701664 0.8400622 0.8551941 0.7714305 0.7944305 1.0798783 1.0012261 1.0914977 1.0369233 0.8949652 0.8816751 0.9432547 0.9986341 0.9431717 0.8971768 0.8971768 0.8878255 1.2126595 1.2790475 1.0640455 1.4640128 1.3457193 1.0712651 1.5553057 1.5393582 1.6362660 1.4197156 1.8601558 1.7700492 1.8337817 2.5757456 1.4256947 1.4335219 1.2293388 1.5772640 1.8605051 1.8646327 2.6959712 1.7112302 1.7673338 1.6969387 1.6599657 1.7185220 1.6868355 2.0668998 2.1097103 1.8172244 2.8195492 3.0812802 1.8518340 3.1505872 2.0916801 2.4668928 2.3205522 2.9764599 2.4467391 1.7716089 1.6508995 1.2714024 1.9788220 1.4352029 1.3747948 1.3376862 1.8434896 1.5071116 1.3426591 1.5481440 1.1757842 1.2665512 1.6934502 1.8489890 1.6147158 1.7537273 1.9497404 2.1677444 2.2504650 2.0558422 1.8987185 1.6883848 1.3961007 1.8967904 1.5977732 1.7578209 1.5856361 2.3970357 2.3327458 8.9999989 
ASPG4_SCHPO_37_350  0.4465993 0.4951581 0.4148294 0.5438639 0.4101855 0.5836716 0.5129136 0.5058697 0.6952843 0.6458962 0.3453935 0.6201652 0.4874548 0.6655935 0.5958455 0.4752967 0.5580186 0.4700276 0.5382675 0.7238491 0.9768815 0.0000000 0.0728784 0.2881007 0.2786251 0.3856330 0.4313198 0.4271029 0.4143819 0.4142882 0.5364234 0.4942414 0.6867505 0.5830266 0.7943724 0.7569710 0.8387757 0.7703894 0.7503357 0.7860666 0.7860666 0.6990578 0.8014661 0.7749618 0.9309947 0.9327789 0.8358091 0.7311060 1.2487763 1.1491395 1.2712397 1.0520406 1.3167393 0.9769909 1.0093281 1.6391207 0.8290012 1.0460329 0.9195221 1.3182181 1.1988762 1.9185728 2.4275563 1.4257693 1.6475985 1.4842854 1.4630776 1.5325163 2.0329662 1.9051876 2.1331739 1.8949050 2.3000614 2.2967130 1.7949756 2.5296508 2.3571063 2.0520298 2.5193200 3.5126686 1.7359638 1.6832604 1.4298298 1.4672973 1.8804052 1.5880733 1.3778497 1.5599760 1.7740854 1.5011216 1.3764086 1.9523172 1.3578077 1.3257490 1.4753814 2.0456665 1.9383678 2.8285971 2.4158673 2.0589173 2.2002708 2.3220067 1.7333764 1.5618863 1.3820187 1.5012848 1.3938242 1.8737350 1.9644848 1.7483658 1.6633559 5.8659335 
ASPG1_SCHPO_40_353  0.4845407 0.5352388 0.3884844 0.4943433 0.4542169 0.5366591 0.5421201 0.4585540 0.7112013 0.6132344 0.3210649 0.6468074 0.5083914 0.6810946 0.5524801 0.5504319 0.5560248 0.5025097 0.5710803 0.7188745 0.9154577 0.0728784 0.0000000 0.2626499 0.2764426 0.4043075 0.4527599 0.4483287 0.4477391 0.3891893 0.4824863 0.4769363 0.7941208 0.6847843 0.8343149 0.8782333 0.9587433 0.8836124 0.8621025 0.9010336 0.9010336 0.8057059 0.9190324 0.8906205 0.8585400 1.0125135 0.8795995 0.8493055 1.3039336 1.2000206 1.3273273 1.0993293 1.4532096 1.0416376 1.1079898 1.6206576 0.9900694 1.1943023 0.9580466 1.4437439 1.2243046 1.9112256 2.3132965 1.5128974 1.7461257 1.5750010 1.5523361 1.6247587 2.0335759 1.9491777 2.3047378 2.0451263 2.0540834 2.3391097 1.9013752 2.6897416 2.2607300 2.2764737 2.5411242 3.4049831 1.6993258 1.5124420 1.5432940 1.4302914 1.6977200 1.6531256 1.3425956 1.4019089 1.5911799 1.4636228 1.2922335 1.6885974 1.2761238 1.2046264 1.4151405 1.8607140 1.7602539 2.7813538 2.0281299 2.2460777 2.4017014 2.5348092 1.9048505 1.6941891 1.4952011 1.5153105 1.5046102 1.9410568 2.0377110 2.0760522 1.9719973 4.8560018 
Q5BGN0_EMENI_54_370 0.5196139 0.6022134 0.4627529 0.5153500 0.4268180 0.5415182 0.6147943 0.5832769 0.6366413 0.6594932 0.2971594 0.6456336 0.6244715 0.6365573 0.3538482 0.5227884 0.6570127 0.5110628 0.5687156 0.5638357 1.0444378 0.2881007 0.2626499 0.0000000 0.2075445 0.3925839 0.4422675 0.4380420 0.4251289 0.4081118 0.3866222 0.2667282 0.7129565 0.5715712 0.6283272 0.7269579 0.7245337 0.7693275 0.6779186 0.7369004 0.7369004 0.6264562 0.6822769 0.6694858 0.7028871 0.9621883 0.9362788 0.7798944 1.1365509 1.3378370 1.4313668 1.2230258 1.5638097 0.9704228 1.0298904 1.6134816 1.0598519 1.1746040 0.9011374 1.3480300 1.0253111 2.0704044 2.3100217 1.6965566 1.9509556 1.7650780 1.7547962 1.8175982 2.1482628 1.9522103 2.1783861 1.9419861 2.1168715 2.2553194 2.0136853 2.8395997 2.3538386 2.1756854 2.7460355 3.3662020 2.0749404 1.7073246 1.7233201 1.6460247 1.9008419 1.7148373 1.5555014 1.6269032 1.7303741 1.6251730 1.5338714 1.6803900 1.4236681 1.4822233 1.5199810 2.0758566 1.7979004 2.7942086 2.5110083 2.2024772 2.3497238 2.4925920 1.8237149 1.6760879 1.5070310 1.4419154 1.5476989 1.8329136 1.9242948 1.9252054 1.8321247 4.0958546 
Q6CZM5_ERWCT_30_344 0.3965704 0.4704127 0.3251255 0.4511745 0.3803003 0.4328041 0.5851582 0.4742019 0.5446154 0.5427574 0.3523922 0.5411026 0.6078206 0.4693746 0.3369175 0.4236809 0.6137247 0.4505390 0.4101789 0.4993972 0.7655019 0.2786251 0.2764426 0.2075445 0.0000000 0.3688903 0.4118732 0.4078759 0.4286314 0.3884840 0.4098009 0.3186565 0.6335328 0.6281992 0.6301394 0.7462424 0.8080317 0.7743084 0.7593569 0.7941639 0.7941639 0.6821135 0.8024376 0.8453391 0.6440544 0.8275623 0.8654690 0.6804843 1.1362579 1.3497267 1.4310244 1.1168784 1.4396082 0.8970012 1.0316388 1.5772202 0.8508656 0.9953969 0.7681749 1.1143384 1.0298400 1.5493163 2.0344230 1.5245344 1.6418966 1.5525808 1.5303684 1.3916461 1.7576428 1.8420131 1.9786692 1.7641308 1.9564353 2.0777804 2.1198586 2.4643752 2.2680556 2.0054645 2.2990442 2.9806528 2.0560956 1.7214043 1.4885691 1.3316497 1.7991057 1.4107406 1.2172439 1.3764283 1.6230836 1.5077685 1.4461185 1.6821716 1.3491579 1.2480123 1.5762264 1.9770490 1.5507197 2.1698219 2.1947184 2.0182888 1.9912771 2.0360070 1.6890377 1.4963870 1.2723690 1.3326069 1.1686589 1.7842414 1.7763770 2.1168762 2.0149790 6.0829153 
Q6FRP1_CANGA_46_369 0.5069907 0.5030600 0.3591127 0.4873940 0.5386082 0.6012977 0.6717327 0.5086535 0.6448487 0.6648938 0.4226173 0.5473651 0.6352796 0.4441538 0.4462470 0.4627101 0.7518000 0.6717019 0.5302287 0.6507203 0.7701664 0.3856330 0.4043075 0.3925839 0.3688903 0.0000000 0.0532277 0.0718391 0.0713423 0.2214924 0.5161192 0.3665028 0.9543787 0.9077585 0.9527583 0.8283491 1.0965537 0.8739881 0.9910042 0.9433454 0.9433454 0.7870131 0.9918498 0.8428355 0.8886313 0.8793940 0.9696118 0.7771110 1.3273210 1.2757478 1.3976777 1.0713352 1.3477436 1.2736758 1.4358266 1.6054718 1.1557636 1.3179598 1.0455702 1.4190514 1.2430024 2.1104681 2.3275147 1.5514948 1.5753512 1.5660326 1.5433406 1.5897831 1.6702521 1.5185180 1.7108614 1.4979541 2.0919944 2.1272869 1.5917835 2.9768126 2.2949023 2.0951240 2.4316174 2.9688283 2.0373184 1.5877587 1.3849046 1.6155569 1.8794368 1.5009085 1.1328389 1.4812610 1.8490143 1.5274069 1.3418820 1.6098776 0.9091383 1.1494143 1.5205670 1.6341378 1.5984163 2.4789021 2.0974389 1.7760715 2.0751783 1.8290096 1.7303939 1.3670713 1.1109179 1.0554871 1.1768908 1.5321410 1.5956660 1.9134583 1.7350417 7.3604944 
ASPG1_YEAST_55_372  0.5511252 0.5480191 0.4208106 0.5761416 0.6031800 0.6998161 0.7082113 0.5978941 0.7455442 0.7212657 0.4757555 0.5977960 0.6575813 0.5239081 0.5000210 0.5417737 0.7906611 0.7061926 0.5763847 0.7022302 0.8400622 0.4313198 0.4527599 0.4422675 0.4118732 0.0532277 0.0000000 0.0526916 0.0523209 0.2613646 0.5783669 0.4137276 1.0558315 1.0044474 1.0646770 0.9589788 1.2171143 1.0036825 1.1009578 1.0807787 1.0807787 0.9093974 1.1061932 0.9434134 0.9568527 0.8350928 1.0051986 0.8964967 1.3487630 1.2958658 1.4203801 1.0858830 1.2501847 1.4129688 1.5033751 1.5137101 1.2121943 1.3816189 1.0979052 1.4957386 1.1781869 2.2479575 2.4832759 1.6592940 1.6847109 1.6741963 1.6496947 1.6996971 1.8445057 1.6756504 1.8893705 1.6519842 2.0959673 2.0657219 1.7309715 3.1249138 2.5005742 2.3120965 2.6897413 2.8306136 2.1745128 1.4873848 1.4735282 1.4875049 1.7462293 1.6570144 1.2931763 1.5738573 1.8250337 1.5963109 1.3478403 1.7816998 1.0130611 1.2745326 1.7224413 1.4429967 1.5525798 2.2933122 1.9278015 1.8974624 2.2150529 2.0193989 1.8473430 1.5100133 1.0810163 1.0266950 1.3032727 1.6959915 1.7686189 2.0827391 1.8879100 7.6109362 
Q6CQZ8_KLULA_71_388 0.5465093 0.5433146 0.4397111 0.5896273 0.6218780 0.7129347 0.7287748 0.6167238 0.7661357 0.7422204 0.4713090 0.6171101 0.6723429 0.5342436 0.5473521 0.5372224 0.8122550 0.7256935 0.5942388 0.7214127 0.8551941 0.4271029 0.4483287 0.4380420 0.4078759 0.0718391 0.0526916 0.0000000 0.0706026 0.2333013 0.5394042 0.4326251 1.0859327 1.0327846 1.0594074 0.9534696 1.2527065 1.0803227 1.1321857 1.1109703 1.1109703 0.9348001 1.1011902 0.9377908 1.0305088 0.8150467 1.0340455 0.9579764 1.4059510 1.3578236 1.4662850 1.1230896 1.2852109 1.5071888 1.5767516 1.4952780 1.2655157 1.4430349 1.1468939 1.4935537 1.2319492 2.1794422 2.4045605 1.6638021 1.6893642 1.6787656 1.6541124 1.7044226 1.8498953 1.6800336 1.8950428 1.6562169 2.3266246 2.2911931 1.7196924 3.1267423 2.5411560 2.3492220 2.7326661 2.8652892 2.2111097 1.5706177 1.5540097 1.5982451 1.8570113 1.6852842 1.3725404 1.6687213 1.8676053 1.7164727 1.5123847 1.8124503 1.0329701 1.2981794 1.8343942 1.5386837 1.5023353 2.4414243 1.9998342 1.8300184 2.1147175 1.9241762 1.8485006 1.5083235 1.0758738 1.0054601 1.2624086 1.7826663 1.8606813 2.1328083 1.9857220 8.5595218 
Q74Z49_ASHGO_59_379 0.5077671 0.5038394 0.4178433 0.5296398 0.6552242 0.6503726 0.6499105 0.5512428 0.7679643 0.7112931 0.4572047 0.5513020 0.6557393 0.5115097 0.5460653 0.5015917 0.8144711 0.7274368 0.6126003 0.7417362 0.7714305 0.4143819 0.4477391 0.4251289 0.4286314 0.0713423 0.0523209 0.0706026 0.0000000 0.2544972 0.5580689 0.4036524 1.0837290 1.0306163 1.0940221 0.9843958 1.2503344 1.0292699 1.1299748 1.1088014 1.1088014 0.9326617 1.1364687 0.9687197 0.9862641 0.8606196 1.0370677 0.9669278 1.3890688 1.3336813 1.4633132 1.1146289 1.2856911 1.4210391 1.5578920 1.4132041 1.2483606 1.2955280 1.0267753 1.3953824 1.1804896 2.2552590 2.2221324 1.5259288 1.5488428 1.5400269 1.5182970 1.5628002 1.7491792 1.4981015 1.7011482 1.4920721 2.2883215 2.3974833 1.5556428 3.1492974 2.2422537 2.3268560 2.4188203 2.8938083 2.1659527 1.3959842 1.5358636 1.4240846 1.6516701 1.4992319 1.2178602 1.4798912 1.7370951 1.5252502 1.3428362 1.6061304 0.9146983 1.1529931 1.6273015 1.4366275 1.3999622 2.1581394 1.8358968 1.8021860 2.1005932 2.1313139 1.7561138 1.3961932 0.9747201 1.0819284 1.3363699 1.5254198 1.5877324 1.9473126 1.7661123 8.0857487 
Q6BJ17_DEBHA_57_387 0.5129275 0.4673663 0.3755169 0.5175268 0.5339114 0.5816250 0.5579337 0.4698163 0.8508814 0.6248874 0.4406027 0.5188554 0.6815845 0.4814717 0.5221303 0.4080101 0.7398376 0.5892214 0.5860653 0.7333921 0.7944305 0.4142882 0.3891893 0.4081118 0.3884840 0.2214924 0.2613646 0.2333013 0.2544972 0.0000000 0.4272038 0.3249867 0.9723184 0.9250845 0.8551694 0.8197347 1.0378179 0.9193281 0.9368984 0.9457021 0.9457021 0.8282272 0.9043880 0.8758885 0.9281861 0.8765720 0.9833162 0.8106466 1.3493843 1.2842902 1.2943033 1.0113105 1.2503272 1.2314781 1.3643844 1.4501655 1.2220537 1.2680700 0.9686383 1.1835125 1.4430923 2.0519463 2.2778637 1.4244469 1.5137814 1.4817526 1.4610000 1.4589724 1.6137951 1.5925757 1.7519647 1.5792664 2.1701097 2.1237081 1.7097431 3.0708432 2.2643898 2.2478775 2.4013122 3.3475530 2.3496431 1.6837617 1.6249862 1.5960726 1.6227551 1.7447168 1.2708027 1.6418260 1.6050454 1.5520938 1.3761275 1.6311341 1.0220991 1.2339177 1.6498145 1.6464014 1.6623079 2.4761788 1.8869475 1.6573958 1.9058060 2.0335535 1.7165201 1.3445017 1.0756709 1.2108432 1.1985410 1.6307433 1.6990418 2.2285176 2.0662560 5.4970635 
Q6BXT9_DEBHA_6_322  0.5764323 0.6674275 0.5535896 0.7042334 0.6879317 0.6591718 0.6333622 0.6052323 0.9299171 0.8431905 0.4755215 0.7055343 0.6809548 0.7396492 0.5874872 0.6099237 0.8707655 0.7452949 0.7247980 0.6998153 1.0798783 0.5364234 0.4824863 0.3866222 0.4098009 0.5161192 0.5783669 0.5394042 0.5580689 0.4272038 0.0000000 0.3131585 1.0475685 0.8650239 0.9113588 1.0791410 1.2277377 1.1831208 1.1123197 1.1940691 1.1940691 1.0269692 1.0043535 1.0078479 1.0858559 1.1561937 1.1215427 1.2066834 1.3125597 1.6933266 1.8514423 1.3983212 1.7601421 1.3635342 1.3303479 1.6918011 1.3377203 1.5353054 1.1439877 1.6205803 1.5088012 2.4412287 2.5117674 2.2605400 2.2949299 2.2489471 2.2159244 2.2087665 2.2767153 2.0309215 2.0334023 2.2182350 2.2165465 2.5624037 2.4412253 2.4319689 2.6328932 2.6546638 2.7456412 3.4300611 2.9894944 2.0173039 2.0286500 1.8428092 2.2267695 2.0109991 1.5510807 1.6182373 1.7011664 1.8009720 1.9280368 1.9971924 1.5152148 1.6724212 1.7077669 1.9814768 1.6669063 2.7214287 2.2156961 2.1280236 2.2026202 2.3495382 1.8968586 1.9887718 1.5318689 1.6491273 1.7815212 2.4209685 2.3935285 2.8065169 2.6502418 7.6565896 
ASPG2_YEAST_34_353  0.5195347 0.5566101 0.3987238 0.5613590 0.4814568 0.5464919 0.6349023 0.5102460 0.7015655 0.6367061 0.4602326 0.6638698 0.6948970 0.5335439 0.4213028 0.5662096 0.8636049 0.6557042 0.5677474 0.6391442 1.0012261 0.4942414 0.4769363 0.2667282 0.3186565 0.3665028 0.4137276 0.4326251 0.4036524 0.3249867 0.3131585 0.0000000 0.9448942 0.9754871 0.8462022 1.1100624 1.1373316 1.1330448 1.0943631 1.1785000 1.1785000 1.0241946 1.0429605 1.1002667 0.9030301 1.0769604 0.9289513 0.9324309 1.0918668 1.4391937 1.6779529 1.1633387 1.8423646 1.2056407 1.3762310 1.4666662 1.0621397 1.1071673 0.8212768 1.4334436 0.9845054 2.4799531 2.2846414 1.6901833 1.7952074 1.7585551 1.7334053 1.7296937 2.0196925 1.8139976 1.8582810 1.7684682 2.2116878 2.2714878 2.0011552 3.0321175 2.1318746 2.1604659 2.3468368 3.4524593 2.5441364 1.6894373 1.9565604 1.7361787 1.8815127 1.6616601 1.3489247 1.3785580 1.5119895 1.7623353 1.7311005 1.5734347 1.2800646 1.4690136 1.4152462 2.0498796 1.6786878 2.4045880 1.9646373 2.0119218 1.7646488 2.1979143 1.7350573 1.7584324 1.3425322 1.5940682 1.5662062 1.8720284 1.9554971 2.4203632 2.3769721 5.7738997 
Q9KCE7_BACHD_3_317  0.6338366 0.6971874 0.5492644 0.5146302 0.5221110 0.6578269 0.6910120 0.5598932 0.6011369 0.8272487 0.5753361 0.8834231 0.9713467 0.8195798 0.6964918 0.5882183 0.5681555 0.5808592 0.6438270 0.6510198 1.0914977 0.6867505 0.7941208 0.7129565 0.6335328 0.9543787 1.0558315 1.0859327 1.0837290 0.9723184 1.0475685 0.9448942 0.0000000 0.1170392 0.2835767 0.2101803 0.3333691 0.3816192 0.2617748 0.2949563 0.2949563 0.3486357 0.2869284 0.3085779 0.7540234 0.8171597 0.6553685 0.4827610 0.8365577 0.8964495 1.0544242 0.9965564 0.9639893 0.7138991 0.9379902 1.4963356 0.8436486 0.9604464 0.8735641 0.9088601 0.7650152 2.2010434 2.2623355 2.0120531 1.8407174 1.6777083 1.6982427 1.8611182 2.0784851 1.8584300 1.8706064 1.6468412 2.4145587 2.0404862 1.9492215 2.0850299 2.0868965 2.1553393 2.6342302 2.7052180 2.1956888 1.5635288 1.2627607 1.1931425 1.3462409 1.2593757 1.0616313 1.2037156 1.1690179 1.1882045 1.1721453 1.2591986 1.2031171 1.1663019 1.4797181 1.7834949 1.4167244 2.1213348 2.5511367 2.3061750 2.3901970 2.2716527 1.7975161 1.6493472 1.2805552 1.4587956 1.3716713 1.6586278 1.7161134 1.5104325 1.5158546 7.3913683 
Q63DN6_BACCZ_3_318  0.6722136 0.7370115 0.6330509 0.5690734 0.5284829 0.6617032 0.6311590 0.6569034 0.5727558 0.8277278 0.5678506 0.8532582 0.7815778 0.8101993 0.6870348 0.5331462 0.6167239 0.6397153 0.6748577 0.7429655 1.0369233 0.5830266 0.6847843 0.5715712 0.6281992 0.9077585 1.0044474 1.0327846 1.0306163 0.9250845 0.8650239 0.9754871 0.1170392 0.0000000 0.2936602 0.1663661 0.1994388 0.2733386 0.1364360 0.1622535 0.1622535 0.2039596 0.2810470 0.2584249 0.7120620 0.8779415 0.7562884 0.5558814 0.8618916 0.8387101 0.9262359 0.8586554 0.8835592 0.6449855 0.8577218 2.0238900 0.8895777 1.0031286 0.9223618 1.0044169 0.9083068 2.1027873 2.6547692 1.8669095 1.7843965 1.5618666 1.5533998 1.8197855 2.0959338 2.0949277 1.9693503 1.8551049 2.2090320 2.0449896 1.9469491 2.4872661 2.3097106 2.2906018 2.9006371 3.0239415 1.9577736 1.6048655 1.2974900 1.2718792 1.3385572 1.4722037 1.2677586 1.4351266 1.2774203 1.3309018 1.3144422 1.4043600 1.1863144 1.3100314 1.3112360 1.7271308 1.4623420 2.1101748 2.1913506 2.3037941 2.5136865 2.4092850 1.8269569 1.6963400 1.3678287 1.5489375 1.6154060 2.0717085 1.9315992 1.8275133 1.8211717 7.0214493 
Q88U13_LACPL_3_316  0.6909964 0.7169081 0.5959867 0.5589477 0.5172083 0.6376686 0.7917844 0.6647329 0.5968233 0.8129965 0.5426769 1.0897195 0.9317112 0.8042376 0.5392073 0.5370993 0.8396447 0.6906029 0.7622272 0.7882220 0.8949652 0.7943724 0.8343149 0.6283272 0.6301394 0.9527583 1.0646770 1.0594074 1.0940221 0.8551694 0.9113588 0.8462022 0.2835767 0.2936602 0.0000000 0.1865635 0.3203627 0.3111643 0.2714390 0.3257268 0.3257268 0.2765191 0.3477608 0.3784901 0.6578214 0.6766641 0.6118833 0.6156554 0.8457905 0.8365947 0.9560857 0.7848652 0.8785159 0.7888566 0.8820680 1.5246955 0.9362082 1.0689323 0.8561713 0.8519901 0.8253696 1.9221404 2.0463575 2.0902327 1.9157479 1.7456315 1.7664136 1.9359969 2.0511769 1.9143630 1.7958644 1.6830036 2.0882018 2.2963062 1.8415245 2.2298459 1.8397184 2.0581676 2.2411541 2.3925034 2.3731328 1.7803252 1.7008737 1.5175391 1.4092531 1.5988483 1.3520095 1.4704323 1.2590481 1.6885142 1.5767708 1.3792792 1.4315396 1.4831619 1.3761194 1.6495400 1.3667490 2.2041907 2.1555576 2.2334218 2.3114758 2.2185895 1.7817557 1.5689572 1.2577398 1.2153627 1.3853700 1.4401084 1.3713255 1.5669801 1.4285562 6.2162003 
