12
O67753_AQUAE_3_183 0.0000000 3.2065754 2.5377443 2.5541442 3.1511651 2.6764335 3.1679018 3.0831098 2.9561320 3.6373164 2.3724648 2.5268384 
O51477_BORBU_8_209 3.2065754 0.0000000 2.9187583 2.3227814 2.9019623 1.8367545 2.4725739 2.2972184 2.3300756 3.1356207 3.9762789 3.6618566 
O32514_DESVU_5_212 2.5377443 2.9187583 0.0000000 1.7011993 1.2868514 0.9161855 0.8239905 1.1482659 1.9828216 1.8776682 2.6984343 2.5493888 
Q9WZY5_THEMA_2_201 2.5541442 2.3227814 1.7011993 0.0000000 2.1093417 1.4395456 1.3681002 2.1926531 1.5664004 1.7584879 2.9595477 1.8611947 
O06282_MYCTU_2_208 3.1511651 2.9019623 1.2868514 2.1093417 0.0000000 0.8710085 1.1711482 1.2270302 1.9146325 2.6218778 2.8788785 1.9748246 
Q9X8N6_STRCO_2_211 2.6764335 1.8367545 0.9161855 1.4395456 0.8710085 0.0000000 0.6522640 1.3646171 1.3342448 2.0647476 2.6176352 2.3791058 
YACB_BACSU_2_206   3.1679018 2.4725739 0.8239905 1.3681002 1.1711482 0.6522640 0.0000000 1.3314694 1.3692486 2.2183508 2.1683917 2.7210416 
Q9RX54_DEIRA_6_211 3.0831098 2.2972184 1.1482659 2.1926531 1.2270302 1.3646171 1.3314694 0.0000000 2.7000840 2.3860895 4.1404519 3.8076080 
O83446_TREPA_1_211 2.9561320 2.3300756 1.9828216 1.5664004 1.9146325 1.3342448 1.3692486 2.7000840 0.0000000 3.0937441 2.4801479 3.1824475 
BAF_BORPE_2_203    3.6373164 3.1356207 1.8776682 1.7584879 2.6218778 2.0647476 2.2183508 2.3860895 3.0937441 0.0000000 3.0119761 3.0887708 
P74045_SYNY3_9_202 2.3724648 3.9762789 2.6984343 2.9595477 2.8788785 2.6176352 2.1683917 4.1404519 2.4801479 3.0119761 0.0000000 2.0947104 
Q9ZKY6_HELPJ_2_179 2.5268384 3.6618566 2.5493888 1.8611947 1.9748246 2.3791058 2.7210416 3.8076080 3.1824475 3.0887708 2.0947104 0.0000000 
