22
Q9X6Y5_BIFLO_747_1021  0.0000000 1.0140716 1.0362704 1.5624344 1.4010331 1.4825132 1.8874711 1.4943344 1.6489052 1.6824839 1.7701972 2.0782521 1.2820594 1.9686415 2.0540252 1.9411845 2.0484285 1.9214589 2.5233789 2.4557884 2.0595925 2.5093079 
BGAL_LACDE_733_1001    1.0140716 0.0000000 0.8997645 2.0835948 1.6799032 1.6187417 1.4307822 1.4200047 1.3935374 1.5718834 1.6538804 1.5524897 1.3621013 1.5641242 1.6701000 1.5091356 1.6889912 1.7091364 2.1473024 2.1472727 1.8105925 2.3213969 
BGAL_STRTR_752_1023    1.0362704 0.8997645 0.0000000 2.2662121 2.1109378 1.8128650 1.4406613 1.2795697 1.3763600 1.5475001 2.0579880 1.6624467 1.5787606 1.7475026 1.6626693 1.4369233 1.4200205 2.0395436 1.4991002 2.2747606 2.2463476 1.9383040 
BGAM_LACAC_17_316      1.5624344 2.0835948 2.2662121 0.0000000 0.2387754 0.4786029 2.6983360 2.3587563 2.1689690 2.2391005 2.3074005 2.4029574 2.0372982 2.9519266 2.2524131 2.0402694 2.4984308 2.8110615 2.1998564 2.1519896 2.2859414 2.5605508 
BGAM_LEULA_18_318      1.4010331 1.6799032 2.1109378 0.2387754 0.0000000 0.4252396 3.1080952 2.7907108 2.4481847 2.5734250 2.5001526 2.8156635 2.4473582 3.1580547 2.2550239 2.3182628 2.7745212 2.4569156 2.1021556 2.4418298 2.5907612 2.5482548 
BGAM_LACSK_18_317      1.4825132 1.6187417 1.8128650 0.4786029 0.4252396 0.0000000 2.7411609 2.5122740 2.2731790 2.3032829 2.3070883 2.6798343 2.3718284 2.5012870 2.1108839 2.1431962 2.3858634 2.3970702 2.1446564 2.3816156 2.9405277 2.1533315 
Q9ZBF6_STRCO_1015_1288 1.8874711 1.4307822 1.4406613 2.6983360 3.1080952 2.7411609 0.0000000 0.9372134 1.0236206 1.1256821 2.1100853 1.4588686 1.1070845 1.6289661 1.6902586 1.7518302 1.6921484 1.9241698 1.7703636 2.1054325 2.2315061 1.5371055 
BGAL_BACME_763_1032    1.4943344 1.4200047 1.2795697 2.3587563 2.7907108 2.5122740 0.9372134 0.0000000 0.7809390 0.8039744 2.3673711 1.1102193 1.4853209 1.8519610 1.8465527 1.8138048 1.2718547 2.4685047 2.0077927 2.9664806 2.2177474 1.7020130 
O85250_THENE_715_982   1.6489052 1.3935374 1.3763600 2.1689690 2.4481847 2.2731790 1.0236206 0.7809390 0.0000000 0.1074411 1.8511133 1.0701166 1.2189275 1.7098016 1.6348679 1.6042023 1.4378111 1.5830837 1.4370121 2.3621562 1.5206141 1.3515368 
BGAL_THEMA_715_981     1.6824839 1.5718834 1.5475001 2.2391005 2.5734250 2.3032829 1.1256821 0.8039744 0.1074411 0.0000000 2.0175676 1.1497166 1.2993353 1.8555858 1.7753490 1.7512936 1.5717355 1.7445027 1.6069185 2.2979880 1.7455465 1.4896166 
BGAL_ARTSB_730_1013    1.7701972 1.6538804 2.0579880 2.3074005 2.5001526 2.3070883 2.1100853 2.3673711 1.8511133 2.0175676 0.0000000 2.4003298 1.2306505 1.4835232 1.8276404 1.7888332 1.9998247 1.5859046 1.6189831 1.5733876 1.8544000 1.9651142 
BGAL_PSEHA_759_1033    2.0782521 1.5524897 1.6624467 2.4029574 2.8156635 2.6798343 1.4588686 1.1102193 1.0701166 1.1497166 2.4003298 0.0000000 0.6890077 0.9292193 0.8019963 0.8850423 0.8640317 1.5960646 2.2736101 2.1279850 2.0209606 1.4495751 
Q9WXJ2_9GAMM_756_1029  1.2820594 1.3621013 1.5787606 2.0372982 2.4473582 2.3718284 1.1070845 1.4853209 1.2189275 1.2993353 1.2306505 0.6890077 0.0000000 0.7260951 0.7833319 0.6609255 0.8329934 1.6046375 2.3782353 1.6589731 2.1787935 1.8299678 
BGAL_ENTCL_752_1025    1.9686415 1.5641242 1.7475026 2.9519266 3.1580547 2.5012870 1.6289661 1.8519610 1.7098016 1.8555858 1.4835232 0.9292193 0.7260951 0.0000000 0.3331612 0.3647403 0.5958035 2.3332699 2.1788986 2.2332758 2.2966769 2.1756115 
BGAL_ECOLI_748_1021    2.0540252 1.6701000 1.6626693 2.2524131 2.2550239 2.1108839 1.6902586 1.8465527 1.6348679 1.7753490 1.8276404 0.8019963 0.7833319 0.3331612 0.0000000 0.3447361 0.5585301 1.8531277 1.9324216 2.3248747 2.4841501 2.0921324 
BGAL_LACLA_719_996     1.9411845 1.5091356 1.4369233 2.0402694 2.3182628 2.1431962 1.7518302 1.8138048 1.6042023 1.7512936 1.7888332 0.8850423 0.6609255 0.3647403 0.3447361 0.0000000 0.6258479 1.6327483 1.7852143 2.3929747 2.4739212 1.8469629 
BGAL_KLEPN_759_1032    2.0484285 1.6889912 1.4200205 2.4984308 2.7745212 2.3858634 1.6921484 1.2718547 1.4378111 1.5717355 1.9998247 0.8640317 0.8329934 0.5958035 0.5585301 0.6258479 0.0000000 2.5937749 2.0065848 1.8512012 2.4169575 1.7504453 
BGAL_STAXY_723_992     1.9214589 1.7091364 2.0395436 2.8110615 2.4569156 2.3970702 1.9241698 2.4685047 1.5830837 1.7445027 1.5859046 1.5960646 1.6046375 2.3332699 1.8531277 1.6327483 2.5937749 0.0000000 1.0257709 2.0144692 2.6202933 1.9045271 
BGAL_ACTPL_734_998     2.5233789 2.1473024 1.4991002 2.1998564 2.1021556 2.1446564 1.7703636 2.0077927 1.4370121 1.6069185 1.6189831 2.2736101 2.3782353 2.1788986 1.9324216 1.7852143 2.0065848 1.0257709 0.0000000 1.5971327 2.9075880 1.5830850 
BGAL_KLULA_750_1023    2.4557884 2.1472727 2.2747606 2.1519896 2.4418298 2.3816156 2.1054325 2.9664806 2.3621562 2.2979880 1.5733876 2.1279850 1.6589731 2.2332758 2.3248747 2.3929747 1.8512012 2.0144692 1.5971327 0.0000000 1.9587626 1.6566533 
Q9ZBD1_9PSEU_972_1248  2.0595925 1.8105925 2.2463476 2.2859414 2.5907612 2.9405277 2.2315061 2.2177474 1.5206141 1.7455465 1.8544000 2.0209606 2.1787935 2.2966769 2.4841501 2.4739212 2.4169575 2.6202933 2.9075880 1.9587626 0.0000000 1.6857282 
BGA2_ECOLI_727_998     2.5093079 2.3213969 1.9383040 2.5605508 2.5482548 2.1533315 1.5371055 1.7020130 1.3515368 1.4896166 1.9651142 1.4495751 1.8299678 2.1756115 2.0921324 1.8469629 1.7504453 1.9045271 1.5830850 1.6566533 1.6857282 0.0000000 
