20
Q9VFS1_DROME_9_100  0.0000000 1.7888221 1.5439018 1.5039062 1.6315144 1.5427349 2.1183242 1.4601614 1.9069445 1.6871258 2.7351163 2.0443719 1.9763982 2.4974292 2.2918932 2.1441772 2.0059554 2.9049856 2.9226295 2.3570220 
Q9U7C6_GLOMR_6_100  1.7888221 0.0000000 1.2711424 1.4308495 2.0692818 1.7116522 1.8850934 1.7383770 1.6868467 1.7739843 2.7470734 3.1906854 2.9990579 2.4987980 2.2345790 3.5568756 3.8438516 2.6689218 3.7032532 3.1244555 
Q9VFS0_DROME_5_98   1.5439018 1.2711424 0.0000000 1.3226691 1.7525627 2.4147226 1.6092011 1.7724306 2.0130902 1.3986494 2.7277689 3.0860417 3.3284148 2.7249402 2.5233488 2.6027126 3.9226142 3.5160768 3.2990049 2.7078351 
Q9U7C5_GLOMR_5_97   1.5039062 1.4308495 1.3226691 0.0000000 1.5186613 1.5696609 1.4379522 1.4287501 1.8092005 1.6254890 2.2910840 2.8012199 2.5562173 1.8231113 1.8278936 2.3386658 2.7982921 2.3483489 2.2368721 2.3374035 
Q5ZJV8_CHICK_10_98  1.6315144 2.0692818 1.7525627 1.5186613 0.0000000 1.1744017 0.8649127 1.0854109 1.2079832 1.8785738 2.4024173 2.6787534 2.3534491 2.4790605 2.4531761 3.3573338 4.2562045 2.0310296 3.6408018 3.0518049 
Q6GNZ3_XENLA_6_94   1.5427349 1.7116522 2.4147226 1.5696609 1.1744017 0.0000000 1.0461026 0.8822976 1.1094276 1.7084610 2.6413744 1.9154185 1.5223878 2.5769442 3.0284234 2.5040175 2.5940708 2.2904609 2.0889516 2.5096896 
CECR1_BRARE_10_95   2.1183242 1.8850934 1.6092011 1.4379522 0.8649127 1.0461026 0.0000000 1.1387680 1.2126428 1.5520822 2.2633985 2.0878545 1.9126885 2.1226425 2.1081528 2.6193262 2.9148786 1.7436558 3.3948621 2.9512977 
CECR1_HUMAN_12_102  1.4601614 1.7383770 1.7724306 1.4287501 1.0854109 0.8822976 1.1387680 0.0000000 0.5154787 1.6569273 1.8934154 1.9509235 1.9403673 2.3499378 2.0687754 3.0345984 3.0018555 2.6461344 1.8906772 2.3908118 
CECR1_PIG_7_97      1.9069445 1.6868467 2.0130902 1.8092005 1.2079832 1.1094276 1.2126428 0.5154787 0.0000000 1.9347695 2.8045408 3.0265631 2.4220928 2.9388333 2.8730490 3.4345324 3.1975852 2.6915799 2.6416750 3.5909159 
Q95WT8_CULQU_5_95   1.6871258 1.7739843 1.3986494 1.6254890 1.8785738 1.7084610 1.5520822 1.6569273 1.9347695 0.0000000 2.9495173 3.3185423 2.6850586 2.1255978 2.2027230 2.7279649 2.7004586 2.9644854 3.5478359 2.6075344 
Q9NC65_LUTLO_10_105 2.7351163 2.7470734 2.7277689 2.2910840 2.4024173 2.6413744 2.2633985 1.8934154 2.8045408 2.9495173 0.0000000 1.4997196 1.6425306 1.3403348 1.3483027 2.6846189 1.5828538 3.2626749 2.9343190 5.1403400 
Q9VVK5_DROME_10_139 2.0443719 3.1906854 3.0860417 2.8012199 2.6787534 1.9154185 2.0878545 1.9509235 3.0265631 3.3185423 1.4997196 0.0000000 0.5985148 1.8895791 1.9834993 1.9249946 1.7274548 3.8673061 3.4556542 4.3988480 
Q26642_SARPE_10_128 1.9763982 2.9990579 3.3284148 2.5562173 2.3534491 1.5223878 1.9126885 1.9403673 2.4220928 2.6850586 1.6425306 0.5985148 0.0000000 1.2549780 1.5583040 1.9700888 1.3063372 3.1850037 3.0669096 3.8494989 
Q5MIX2_AEDAL_6_117  2.4974292 2.4987980 2.7249402 1.8231113 2.4790605 2.5769442 2.1226425 2.3499378 2.9388333 2.1255978 1.3403348 1.8895791 1.2549780 0.0000000 0.1890826 1.9522136 1.7798026 2.8540524 3.7248498 4.0902217 
Q8T9T6_AEDAE_12_123 2.2918932 2.2345790 2.5233488 1.8278936 2.4531761 3.0284234 2.1081528 2.0687754 2.8730490 2.2027230 1.3483027 1.9834993 1.5583040 0.1890826 0.0000000 2.1505696 2.0358125 3.8373842 3.8030297 4.3407771 
Q9VVK4_DROME_10_113 2.1441772 3.5568756 2.6027126 2.3386658 3.3573338 2.5040175 2.6193262 3.0345984 3.4345324 2.7279649 2.6846189 1.9249946 1.9700888 1.9522136 2.1505696 0.0000000 1.3854718 3.3858316 4.0234743 4.9301801 
Q9V741_DROME_5_125  2.0059554 3.8438516 3.9226142 2.7982921 4.2562045 2.5940708 2.9148786 3.0018555 3.1975852 2.7004586 1.5828538 1.7274548 1.3063372 1.7798026 2.0358125 1.3854718 0.0000000 4.2096453 3.6009856 5.8126400 
AGSA_APLCA_12_107   2.9049856 2.6689218 3.5160768 2.3483489 2.0310296 2.2904609 1.7436558 2.6461344 2.6915799 2.9644854 3.2626749 3.8673061 3.1850037 2.8540524 3.8373842 3.3858316 4.2096453 0.0000000 3.4523667 4.3917978 
Q8IQR3_DROME_54_152 2.9226295 3.7032532 3.2990049 2.2368721 3.6408018 2.0889516 3.3948621 1.8906772 2.6416750 3.5478359 2.9343190 3.4556542 3.0669096 3.7248498 3.8030297 4.0234743 3.6009856 3.4523667 0.0000000 3.0666867 
Q86I77_DICDI_12_134 2.3570220 3.1244555 2.7078351 2.3374035 3.0518049 2.5096896 2.9512977 2.3908118 3.5909159 2.6075344 5.1403400 4.3988480 3.8494989 4.0902217 4.3407771 4.9301801 5.8126400 4.3917978 3.0666867 0.0000000 
