11
Q88628_CHIKV_339_742 0.0000000 0.1923707 0.7057853 0.7468029 1.4582961 1.8040359 1.8072745 1.8091438 1.8224347 1.5946972 1.9767518 
POLS_ONNVG_338_741   0.1923707 0.0000000 0.7251578 0.8201174 1.3637655 1.7767900 1.7573243 1.7838638 1.7769711 1.4908721 1.9421463 
POLS_SFV_347_749     0.7057853 0.7251578 0.0000000 0.4486656 1.2191877 1.6194053 1.6726303 1.5774646 1.6223861 1.6402465 1.8686173 
POLS_RRV2_14_416     0.7468029 0.8201174 0.4486656 0.0000000 1.3111876 1.5511354 1.5582284 1.4909733 1.5903346 1.5578797 1.7682697 
POLS_BFV_334_736     1.4582961 1.3637655 1.2191877 1.3111876 0.0000000 1.6910769 1.7616031 1.8148647 1.8260804 1.8585570 2.0494828 
POLS_AURAV_340_746   1.8040359 1.7767900 1.6194053 1.5511354 1.6910769 0.0000000 0.7429849 0.7277869 0.6886205 1.4899293 1.5574928 
POLS_WEEV_330_736    1.8072745 1.7573243 1.6726303 1.5582284 1.7616031 0.7429849 0.0000000 0.4467389 0.3973673 1.3487346 1.4552517 
POLS_SINDV_339_745   1.8091438 1.7838638 1.5774646 1.4909733 1.8148647 0.7277869 0.4467389 0.0000000 0.1504450 1.3261519 1.5237631 
P89913_SINDV_341_747 1.8224347 1.7769711 1.6223861 1.5903346 1.8260804 0.6886205 0.3973673 0.1504450 0.0000000 1.3795542 1.5289070 
POLS_EEEV_336_736    1.5946972 1.4908721 1.6402465 1.5578797 1.8585570 1.4899293 1.3487346 1.3261519 1.3795542 0.0000000 1.2551659 
O41516_9VIRU_348_750 1.9767518 1.9421463 1.8686173 1.7682697 2.0494828 1.5574928 1.4552517 1.5237631 1.5289070 1.2551659 0.0000000 
