22
UPPP_VIBCH_5_260   0.0000000 0.9762148 0.7721417 0.6840398 0.9274783 0.9202995 1.0287074 1.2286256 0.8669412 0.9699223 0.9997331 1.3395866 1.1934491 1.4301785 0.9837229 1.3312477 1.1855052 0.9343980 0.8600524 0.8755691 1.8019405 1.2004676 
UPPP1_STRCO_8_267  0.9762148 0.0000000 0.8451589 0.6374012 0.7388923 0.8807713 0.7903043 0.8958441 1.0050915 1.0471780 0.8398204 0.7336753 0.9326327 1.0621599 0.6430887 1.1270076 0.8805516 1.2604494 1.1485153 1.5468299 1.6073562 1.7694495 
UPPP_MYCTU_11_270  0.7721417 0.8451589 0.0000000 0.6804331 1.0027113 1.1549920 1.1251922 1.0241117 1.0481097 0.8456103 1.1306223 1.3778045 1.1443764 1.2156230 0.9136861 1.7542840 1.1154655 0.8483688 1.3418870 1.4179005 1.8147641 1.5356628 
UPPP_SYNY3_55_316  0.6840398 0.6374012 0.6804331 0.0000000 0.9681724 1.0147623 0.9238945 0.9098385 0.7345591 0.7881161 0.9892330 1.0884069 1.0896279 1.2089980 0.8277565 1.5372210 1.2128475 1.0795272 1.0157079 1.7415217 1.9853564 1.7641773 
UPPP_ZYMMO_7_260   0.9274783 0.7388923 1.0027113 0.9681724 0.0000000 0.3904973 0.4349608 0.4443841 0.4690584 0.4191709 0.5509563 0.6702782 0.7102015 0.8299653 0.5405648 0.9636785 0.5065566 1.1586146 0.7723117 0.8838174 1.6698185 0.9711711 
UPPP1_RHILO_8_260  0.9202995 0.8807713 1.1549920 1.0147623 0.3904973 0.0000000 0.2027423 0.5336638 0.4402815 0.4526249 0.4628771 0.7197516 0.5741403 0.8319803 0.4774405 0.9141059 0.5726089 1.5150528 0.9349962 0.9856420 1.7823932 1.1995878 
UPPP_CAUCR_6_258   1.0287074 0.7903043 1.1251922 0.9238945 0.4349608 0.2027423 0.0000000 0.4713750 0.5195141 0.5631744 0.6712551 0.7294975 0.5671530 0.8344476 0.4835318 0.9733644 0.6387939 1.2953724 1.1482606 1.0950495 1.8991244 1.2508139 
UPPP_CYTJO_5_252   1.2286256 0.8958441 1.0241117 0.9098385 0.4443841 0.5336638 0.4713750 0.0000000 0.4292744 0.4605619 0.6419295 0.5877072 0.7075777 0.7264889 0.4132016 0.9337755 0.5036496 1.2060973 1.0886212 1.2637834 2.2309861 1.3716517 
UPPP_CAMJE_5_250   0.8669412 1.0050915 1.0481097 0.7345591 0.4690584 0.4402815 0.5195141 0.4292744 0.0000000 0.2967522 0.6009995 0.7334003 0.6240904 0.7306147 0.4207574 0.9080174 0.5574825 1.2641277 0.9763728 1.5043379 2.0957789 1.2683915 
UPPP_AQUAE_5_250   0.9699223 1.0471780 0.8456103 0.7881161 0.4191709 0.4526249 0.5631744 0.4605619 0.2967522 0.0000000 0.4710420 0.5480791 0.5998628 0.6620963 0.3574849 0.8160889 0.5150653 1.2089666 0.7845601 1.2709531 1.4343320 0.8826184 
UPPP_XYLFA_6_256   0.9997331 0.8398204 1.1306223 0.9892330 0.5509563 0.4628771 0.6712551 0.6419295 0.6009995 0.4710420 0.0000000 0.5819566 0.7558404 0.9019744 0.6018476 0.9030861 0.5032152 1.5081790 1.2060654 1.5852379 2.0040416 0.9923366 
UPPP_DEIRA_5_259   1.3395866 0.7336753 1.3778045 1.0884069 0.6702782 0.7197516 0.7294975 0.5877072 0.7334003 0.5480791 0.5819566 0.0000000 0.7685922 1.0595992 0.4969899 1.0027497 0.7079479 1.6555658 1.1278275 1.4082872 2.1083213 1.5531825 
UPPP_BACSU_8_271   1.1934491 0.9326327 1.1443764 1.0896279 0.7102015 0.5741403 0.5671530 0.7075777 0.6240904 0.5998628 0.7558404 0.7685922 0.0000000 0.2727908 0.3263276 0.8703122 0.5999161 1.2873634 1.3190197 1.4494369 1.8004252 1.4561790 
UPPP_STAAU_8_278   1.4301785 1.0621599 1.2156230 1.2089980 0.8299653 0.8319803 0.8344476 0.7264889 0.7306147 0.6620963 0.9019744 1.0595992 0.2727908 0.0000000 0.3996320 0.9189732 0.9337816 1.2045849 1.4288010 1.6274754 1.8259278 1.5673729 
UPPP_ECOLI_9_268   0.9837229 0.6430887 0.9136861 0.8277565 0.5405648 0.4774405 0.4835318 0.4132016 0.4207574 0.3574849 0.6018476 0.4969899 0.3263276 0.3996320 0.0000000 0.6265439 0.6675823 1.0361565 0.9787196 1.1791095 1.7201908 1.1526967 
UPPP_BUCAI_9_261   1.3312477 1.1270076 1.7542840 1.5372210 0.9636785 0.9141059 0.9733644 0.9337755 0.9080174 0.8160889 0.9030861 1.0027497 0.8703122 0.9189732 0.6265439 0.0000000 1.0310703 1.4540607 0.8978760 1.5331090 1.7315154 1.2162846 
UPPP_STRP1_8_269   1.1855052 0.8805516 1.1154655 1.2128475 0.5065566 0.5726089 0.6387939 0.5036496 0.5574825 0.5150653 0.5032152 0.7079479 0.5999161 0.9337816 0.6675823 1.0310703 0.0000000 1.6273115 1.2149190 1.3657572 1.9867082 1.2163655 
UPPP_THEMA_1_233   0.9343980 1.2604494 0.8483688 1.0795272 1.1586146 1.5150528 1.2953724 1.2060973 1.2641277 1.2089666 1.5081790 1.6555658 1.2873634 1.2045849 1.0361565 1.4540607 1.6273115 0.0000000 0.9834904 1.4677527 1.4164260 0.9950885 
UPPP2_BACHD_5_265  0.8600524 1.1485153 1.3418870 1.0157079 0.7723117 0.9349962 1.1482606 1.0886212 0.9763728 0.7845601 1.2060654 1.1278275 1.3190197 1.4288010 0.9787196 0.8978760 1.2149190 0.9834904 0.0000000 0.9937020 1.5037916 0.9678521 
UPPP1_BACHD_12_269 0.8755691 1.5468299 1.4179005 1.7415217 0.8838174 0.9856420 1.0950495 1.2637834 1.5043379 1.2709531 1.5852379 1.4082872 1.4494369 1.6274754 1.1791095 1.5331090 1.3657572 1.4677527 0.9937020 0.0000000 1.9932778 1.4068518 
UPPP_SULSO_6_267   1.8019405 1.6073562 1.8147641 1.9853564 1.6698185 1.7823932 1.8991244 2.2309861 2.0957789 1.4343320 2.0040416 2.1083213 1.8004252 1.8259278 1.7201908 1.7315154 1.9867082 1.4164260 1.5037916 1.9932778 0.0000000 1.4024656 
UPPP_BORBU_6_260   1.2004676 1.7694495 1.5356628 1.7641773 0.9711711 1.1995878 1.2508139 1.3716517 1.2683915 0.8826184 0.9923366 1.5531825 1.4561790 1.5673729 1.1526967 1.2162846 1.2163655 0.9950885 0.9678521 1.4068518 1.4024656 0.0000000 
