32
O32742_RHOCA_182_267 0.0000000 0.3968633 0.3404864 0.4529662 0.5487373 0.5973572 0.8047615 0.6265879 0.7786091 0.6102294 0.7319858 1.0248838 0.8101142 1.3271480 1.5499772 1.3415187 1.2735024 1.3801652 2.1775739 1.6019947 1.5576460 1.4964205 1.8123322 1.7997178 1.9315439 1.6969436 1.8307197 1.4594968 1.7668952 3.0320064 2.8018287 3.1772867 
Q9APC6_THIFE_182_267 0.3968633 0.0000000 0.4521658 0.6343417 0.5277311 0.7347701 0.8226018 0.8170458 0.8489877 0.7661408 0.8649258 0.9211408 1.0174590 1.3997880 1.8958852 1.5755657 1.2999222 1.8083845 2.2502271 1.5881600 1.7164065 1.5976787 2.1741931 1.6362232 2.5053027 2.2458729 2.5225016 1.8198695 2.4731138 4.2416648 3.3266672 3.8263834 
Q603Q5_METCA_181_266 0.3404864 0.4521658 0.0000000 0.5882263 0.3618286 0.5295709 0.5973083 0.6957153 0.6725201 0.6465683 0.7324763 0.8979930 0.7976919 1.2915030 1.5324300 1.2341412 0.9551015 1.3088171 2.2590381 1.4545785 1.6888588 1.3480440 1.9233390 1.5457492 1.9714553 1.7178622 2.1453597 1.5008926 2.1403192 3.3365755 2.5208765 3.2728393 
CBBQ_PSEHY_181_266   0.4529662 0.6343417 0.5882263 0.0000000 0.5636832 0.6112046 0.9304989 0.7345200 0.8362699 0.7276898 0.7433915 0.8842343 0.8128516 1.4111947 1.8142659 1.4051412 1.2112294 1.2571961 1.8589019 1.6208004 1.4162617 1.5876734 1.6693678 1.7257184 1.9062765 1.9281467 1.9884438 1.8654398 1.8552600 3.0949334 2.9561715 4.7882030 
Q673V3_SOVGS_183_268 0.5487373 0.5277311 0.3618286 0.5636832 0.0000000 0.4188431 0.6650598 0.7606365 0.6438128 0.6928926 0.6930347 0.8582416 0.8515623 1.3820324 1.7490324 1.3819318 1.1404035 1.3823355 2.2112306 1.3900161 1.3041492 1.5114874 1.5847517 1.8496803 1.8847908 1.6006102 2.0902184 1.4348122 1.9455854 3.3132209 2.5309175 4.0077613 
Q75W43_HYDMR_186_271 0.5973572 0.7347701 0.5295709 0.6112046 0.4188431 0.0000000 0.6352195 0.6667481 0.7261652 0.5550370 0.6494256 1.0171087 1.0347341 1.6446329 2.0121041 1.3326001 1.4450195 1.4648706 2.3792560 1.5628030 1.5883372 1.5883686 1.7716161 1.7062827 1.8420293 1.5166034 1.6781651 1.6522196 1.8482548 3.0695908 2.3103299 3.2840424 
Q6SHI6_9BACT_181_266 0.8047615 0.8226018 0.5973083 0.9304989 0.6650598 0.6352195 0.0000000 0.8151480 0.6831222 0.7241466 0.8586957 0.9033416 1.0863277 2.0551428 1.8898549 1.6288093 1.7873859 1.9817703 2.3400836 1.5174317 1.8132319 1.9917470 2.6415704 1.9542406 2.7584147 1.7260975 2.2580592 2.1081675 2.3776352 3.3065829 3.3070627 4.3103380 
Q9ZHZ3_THINE_181_266 0.6265879 0.8170458 0.6957153 0.7345200 0.7606365 0.6667481 0.8151480 0.0000000 0.3115539 0.4045579 0.5646533 0.9553764 1.0971763 1.2423924 1.5629575 1.2122072 1.3937706 1.3023329 2.0291448 1.5851441 1.4920765 1.0759390 1.6070747 1.4731505 1.9935658 1.9868678 1.8762452 1.6379526 1.8123632 4.2483375 2.0066900 4.1604711 
O84918_THIIN_182_267 0.7786091 0.8489877 0.6725201 0.8362699 0.6438128 0.7261652 0.6831222 0.3115539 0.0000000 0.3853325 0.4422429 0.7694924 0.9681672 1.2483362 1.6605208 1.3209580 1.3511675 1.3763593 1.9665548 1.4923870 1.4294624 1.1009301 1.7680180 1.7739392 1.9392780 1.5314033 2.1567986 1.2821788 1.9302167 3.6895513 2.4865146 4.1698087 
Q8RIT6_9PROT_185_270 0.6102294 0.7661408 0.6465683 0.7276898 0.6928926 0.5550370 0.7241466 0.4045579 0.3853325 0.0000000 0.5002113 1.0053551 0.9823612 1.3815694 1.9071272 1.2866479 1.5341692 1.4966455 1.9690140 1.5610085 1.3965587 1.2709268 1.8089794 1.8927068 1.6286311 1.3521261 1.8063792 1.3718876 1.7355553 3.3504557 2.4451437 5.0553018 
Q9WXI1_HYDMR_180_265 0.7319858 0.8649258 0.7324763 0.7433915 0.6930347 0.6494256 0.8586957 0.5646533 0.4422429 0.5002113 0.0000000 0.9892536 1.0640617 1.9474681 2.1633795 1.9694997 1.9063885 1.8983076 2.4962216 1.5706166 1.7443105 1.6915632 2.1781903 2.0129982 1.7035464 1.5795756 1.7254146 1.3972414 2.1926114 3.9498036 2.5322160 4.0131279 
Q6SGI0_9BACT_183_268 1.0248838 0.9211408 0.8979930 0.8842343 0.8582416 1.0171087 0.9033416 0.9553764 0.7694924 1.0053551 0.9892536 0.0000000 1.2044511 1.2548826 1.5916169 1.7994438 1.7150549 1.8654182 2.2351593 1.6021109 1.5479469 1.4080096 2.0007948 1.3733114 1.9969802 1.7172123 2.1757842 1.6544868 1.7945505 3.4939507 2.9834801 3.6561519 
Q8PST8_METMA_219_304 0.8101142 1.0174590 0.7976919 0.8128516 0.8515623 1.0347341 1.0863277 1.0971763 0.9681672 0.9823612 1.0640617 1.2044511 0.0000000 1.5505943 1.7246522 1.4485377 1.4947608 1.6248739 2.3236371 1.4396075 1.3735357 1.6939491 1.5429522 1.3323104 1.9228095 1.5407971 2.2943465 1.6081180 2.2088005 4.5031459 2.5481049 3.9724716 
Q6N9S9_RHOPA_184_269 1.3271480 1.3997880 1.2915030 1.4111947 1.3820324 1.6446329 2.0551428 1.2423924 1.2483362 1.3815694 1.9474681 1.2548826 1.5505943 0.0000000 0.2618656 0.4296143 0.4284346 0.5689432 0.8906204 0.6613364 0.8405950 0.5856426 0.9403964 1.6297054 1.6925947 1.6909785 1.9033486 1.5728579 2.1618727 3.1024958 2.8728652 4.6260503 
Q9ZEI4_BRAJA_183_268 1.5499772 1.8958852 1.5324300 1.8142659 1.7490324 2.0121041 1.8898549 1.5629575 1.6605208 1.9071272 2.1633795 1.5916169 1.7246522 0.2618656 0.0000000 0.4342161 0.5541837 0.7257330 0.9458056 0.5644529 0.8305410 0.7465403 1.0688571 1.3975122 2.3221151 2.1265325 2.2342160 1.4901957 2.9565424 2.9344650 3.0272042 3.8413843 
Q576W9_BRUAB_184_269 1.3415187 1.5755657 1.2341412 1.4051412 1.3819318 1.3326001 1.6288093 1.2122072 1.3209580 1.2866479 1.9694997 1.7994438 1.4485377 0.4296143 0.4342161 0.0000000 0.2806045 0.4661056 0.7581293 0.8358690 0.9661522 0.6395042 0.8743487 1.6456542 1.5686584 1.3051427 2.0220108 1.2697603 2.0587389 3.2019552 2.5987717 4.3951011 
Q7CUT7_AGRT5_217_302 1.2735024 1.2999222 0.9551015 1.2112294 1.1404035 1.4450195 1.7873859 1.3937706 1.3511675 1.5341692 1.9063885 1.7150549 1.4947608 0.4284346 0.5541837 0.2806045 0.0000000 0.4593656 1.0131318 0.8120809 0.9676193 0.7918354 1.0805336 1.6035614 1.5967718 1.6439698 2.4291337 1.5616591 2.2093300 4.1813094 2.5690463 5.8256156 
Q9Z3V9_9RHIZ_179_264 1.3801652 1.8083845 1.3088171 1.2571961 1.3823355 1.4648706 1.9817703 1.3023329 1.3763593 1.4966455 1.8983076 1.8654182 1.6248739 0.5689432 0.7257330 0.4661056 0.4593656 0.0000000 1.0858752 1.0710211 0.9538264 0.8696927 0.9535215 1.8516125 1.8807594 1.6059021 2.1741727 1.7090749 2.4990360 3.6238363 3.2307299 4.9122874 
O06846_RHOSH_176_261 2.1775739 2.2502271 2.2590381 1.8589019 2.2112306 2.3792560 2.3400836 2.0291448 1.9665548 1.9690140 2.4962216 2.2351593 2.3236371 0.8906204 0.9458056 0.7581293 1.0131318 1.0858752 0.0000000 0.9247587 0.8737192 1.1743677 1.2540865 2.1468691 2.1918583 2.0774158 2.3948123 1.6295323 2.2738905 3.0429258 3.1544949 6.0931186 
Q5LL14_SILPO_185_270 1.6019947 1.5881600 1.4545785 1.6208004 1.3900161 1.5628030 1.5174317 1.5851441 1.4923870 1.5610085 1.5706166 1.6021109 1.4396075 0.6613364 0.5644529 0.8358690 0.8120809 1.0710211 0.9247587 0.0000000 0.5182235 0.8196845 1.0790326 1.3336021 2.1906921 1.8551414 2.0379143 1.5972792 2.5515977 2.9532963 2.2734315 4.4608215 
NORQ_PARDE_184_269   1.5576460 1.7164065 1.6888588 1.4162617 1.3041492 1.5883372 1.8132319 1.4920765 1.4294624 1.3965587 1.7443105 1.5479469 1.3735357 0.8405950 0.8305410 0.9661522 0.9676193 0.9538264 0.8737192 0.5182235 0.0000000 0.8781115 0.9036192 1.2403401 2.1654521 2.1752309 2.1161582 1.4248831 2.1455221 3.3405808 1.8444174 4.5428831 
O50653_PARHA_184_269 1.4964205 1.5976787 1.3480440 1.5876734 1.5114874 1.5883686 1.9917470 1.0759390 1.1009301 1.2709268 1.6915632 1.4080096 1.6939491 0.5856426 0.7465403 0.6395042 0.7918354 0.8696927 1.1743677 0.8196845 0.8781115 0.0000000 0.6372797 1.3699974 1.5952980 1.6931388 1.5900551 1.3511218 2.1323294 2.5503353 1.9307000 3.4788873 
Q82TA2_NITEU_173_258 1.8123322 2.1741931 1.9233390 1.6693678 1.5847517 1.7716161 2.6415704 1.6070747 1.7680180 1.8089794 2.1781903 2.0007948 1.5429522 0.9403964 1.0688571 0.8743487 1.0805336 0.9535215 1.2540865 1.0790326 0.9036192 0.6372797 0.0000000 2.1858146 1.8237024 1.6082112 1.4296658 1.2682015 2.4546933 2.8007418 2.2127118 4.8023147 
Q648M2_9ARCH_189_274 1.7997178 1.6362232 1.5457492 1.7257184 1.8496803 1.7062827 1.9542406 1.4731505 1.7739392 1.8927068 2.0129982 1.3733114 1.3323104 1.6297054 1.3975122 1.6456542 1.6035614 1.8516125 2.1468691 1.3336021 1.2403401 1.3699974 2.1858146 0.0000000 3.0149145 3.0480670 2.5256301 2.2925685 2.9199165 3.9602100 1.9807287 2.7919222 
NIRQ_PSEST_189_274   1.9315439 2.5053027 1.9714553 1.9062765 1.8847908 1.8420293 2.7584147 1.9935658 1.9392780 1.6286311 1.7035464 1.9969802 1.9228095 1.6925947 2.3221151 1.5686584 1.5967718 1.8807594 2.1918583 2.1906921 2.1654521 1.5952980 1.8237024 3.0149145 0.0000000 0.5155724 0.9353450 1.2979725 1.2014809 3.5359395 1.8985042 4.6518351 
NIRQ_PSEAE_174_259   1.6969436 2.2458729 1.7178622 1.9281467 1.6006102 1.5166034 1.7260975 1.9868678 1.5314033 1.3521261 1.5795756 1.7172123 1.5407971 1.6909785 2.1265325 1.3051427 1.6439698 1.6059021 2.0774158 1.8551414 2.1752309 1.6931388 1.6082112 3.0480670 0.5155724 0.0000000 0.9213742 0.7923027 1.4257592 2.4436907 2.0055575 5.3880779 
Q6LIF1_PHOPR_183_267 1.8307197 2.5225016 2.1453597 1.9884438 2.0902184 1.6781651 2.2580592 1.8762452 2.1567986 1.8063792 1.7254146 2.1757842 2.2943465 1.9033486 2.2342160 2.0220108 2.4291337 2.1741727 2.3948123 2.0379143 2.1161582 1.5900551 1.4296658 2.5256301 0.9353450 0.9213742 0.0000000 1.4410016 2.1216454 3.0191079 1.7519488 3.6305762 
Q5P8Y1_AZOSE_179_264 1.4594968 1.8198695 1.5008926 1.8654398 1.4348122 1.6522196 2.1081675 1.6379526 1.2821788 1.3718876 1.3972414 1.6544868 1.6081180 1.5728579 1.4901957 1.2697603 1.5616591 1.7090749 1.6295323 1.5972792 1.4248831 1.3511218 1.2682015 2.2925685 1.2979725 0.7923027 1.4410016 0.0000000 1.8303738 2.7590900 2.3890264 3.9839129 
Q73WK7_MYCPA_209_294 1.7668952 2.4731138 2.1403192 1.8552600 1.9455854 1.8482548 2.3776352 1.8123632 1.9302167 1.7355553 2.1926114 1.7945505 2.2088005 2.1618727 2.9565424 2.0587389 2.2093300 2.4990360 2.2738905 2.5515977 2.1455221 2.1323294 2.4546933 2.9199165 1.2014809 1.4257592 2.1216454 1.8303738 0.0000000 2.0518250 2.5353825 4.3804095 
Q73Z12_MYCPA_172_257 3.0320064 4.2416648 3.3365755 3.0949334 3.3132209 3.0695908 3.3065829 4.2483375 3.6895513 3.3504557 3.9498036 3.4939507 4.5031459 3.1024958 2.9344650 3.2019552 4.1813094 3.6238363 3.0429258 2.9532963 3.3405808 2.5503353 2.8007418 3.9602100 3.5359395 2.4436907 3.0191079 2.7590900 2.0518250 0.0000000 3.5803438 4.4301119 
Q6MK16_BDEBA_171_256 2.8018287 3.3266672 2.5208765 2.9561715 2.5309175 2.3103299 3.3070627 2.0066900 2.4865146 2.4451437 2.5322160 2.9834801 2.5481049 2.8728652 3.0272042 2.5987717 2.5690463 3.2307299 3.1544949 2.2734315 1.8444174 1.9307000 2.2127118 1.9807287 1.8985042 2.0055575 1.7519488 2.3890264 2.5353825 3.5803438 0.0000000 3.1746013 
Q9RGQ7_THAAR_191_270 3.1772867 3.8263834 3.2728393 4.7882030 4.0077613 3.2840424 4.3103380 4.1604711 4.1698087 5.0553018 4.0131279 3.6561519 3.9724716 4.6260503 3.8413843 4.3951011 5.8256156 4.9122874 6.0931186 4.4608215 4.5428831 3.4788873 4.8023147 2.7919222 4.6518351 5.3880779 3.6305762 3.9839129 4.3804095 4.4301119 3.1746013 0.0000000 
