12
Q83890_ADEO7_15_583  0.0000000 0.6496231 1.4388033 1.5010368 1.6289573 1.6583544 1.6029298 1.6448556 1.5674880 1.6636230 1.6549071 1.7569798 
O11423_9ADEN_26_602  0.6496231 0.0000000 1.4728443 1.6122243 1.5648780 1.5875701 1.5758690 1.5915497 1.6221572 1.5293697 1.6833352 1.5646860 
L100_ADEG1_230_822   1.4388033 1.4728443 0.0000000 0.4239061 1.3986048 1.7998702 1.6184110 1.5109223 1.5184786 1.5898266 1.5543121 1.6580617 
L100_ADEGX_126_721   1.5010368 1.6122243 0.4239061 0.0000000 1.6416863 2.0067920 1.8354942 1.6871824 1.8120065 1.8776992 1.8040774 1.7829068 
Q9YUQ7_9ADEN_54_652  1.6289573 1.5648780 1.3986048 1.6416863 0.0000000 1.6725160 1.5598974 1.4930686 1.5488284 1.5427245 1.6201550 1.6830577 
O71103_ADEB3_118_720 1.6583544 1.5875701 1.7998702 2.0067920 1.6725160 0.0000000 0.4889382 0.4977517 0.5186868 0.5562091 0.5423623 0.7259837 
L100_ADE12_72_675    1.6029298 1.5758690 1.6184110 1.8354942 1.5598974 0.4889382 0.0000000 0.2287774 0.2407077 0.5115432 0.5288017 0.6799529 
L100_ADE40_60_657    1.6448556 1.5915497 1.5109223 1.6871824 1.4930686 0.4977517 0.2287774 0.0000000 0.2702648 0.5199301 0.5522336 0.6343643 
L100_ADE02_89_692    1.5674880 1.6221572 1.5184786 1.8120065 1.5488284 0.5186868 0.2407077 0.2702648 0.0000000 0.5110852 0.5501095 0.6662622 
O41012_9ADEN_101_700 1.6636230 1.5293697 1.5898266 1.8776992 1.5427245 0.5562091 0.5115432 0.5199301 0.5110852 0.0000000 0.6182760 0.6805544 
L100_ADECR_45_637    1.6549071 1.6833352 1.5543121 1.8040774 1.6201550 0.5423623 0.5288017 0.5522336 0.5501095 0.6182760 0.0000000 0.7456801 
Q83111_ADEM1_38_635  1.7569798 1.5646860 1.6580617 1.7829068 1.6830577 0.7259837 0.6799529 0.6343643 0.6662622 0.6805544 0.7456801 0.0000000 
