6
O67252_AQUAE_19_183  0.0000000 1.1678630 3.7800496 3.8863642 3.1933415 3.5280175 
O67557_AQUAE_619_788 1.1678630 0.0000000 2.4444753 1.6643619 1.8985670 1.9647716 
ACDE1_ARCFU_7_181    3.7800496 2.4444753 0.0000000 1.0346945 1.2871631 1.1549469 
ACDE2_ARCFU_1_171    3.8863642 1.6643619 1.0346945 0.0000000 0.8074915 1.2524439 
ACDE_METTH_4_171     3.1933415 1.8985670 1.2871631 0.8074915 0.0000000 1.4257286 
ACDE_METJA_4_144     3.5280175 1.9647716 1.1549469 1.2524439 1.4257286 0.0000000 
