59
Q8FXG6_BRUSU_180_469 0.0000000 0.4170685 0.5384029 1.4130211 1.4231613 1.2873177 1.4471962 1.4228884 1.3706884 1.3192604 1.2262395 1.3388082 1.3540044 1.2904498 1.2478357 1.2150254 1.2788666 1.2762126 1.1396177 1.4985947 1.1778682 1.2606491 1.3976634 1.2357933 1.3337097 1.3177794 1.2128840 1.4268475 1.2349712 1.2480986 1.2786203 1.6443202 1.4492238 1.3135620 1.4578052 1.6057132 1.2118633 1.5169179 1.1017380 1.1868223 1.0362632 1.3390671 1.2697255 1.4557683 1.2803631 1.1348008 1.1021175 1.3659326 1.2485306 1.4348776 1.4268170 1.4534248 1.4594953 1.7675423 1.6212090 1.7266459 2.2544722 2.5839235 2.5680613 
Q98GH7_RHILO_180_470 0.4170685 0.0000000 0.4086808 1.3191614 1.2817615 1.2219697 1.2443097 1.3962043 1.3351405 1.2198921 1.0776270 1.0606351 1.1446756 1.0823159 1.1724873 1.1690815 1.2699630 1.1983879 1.1580410 1.3053157 1.0829410 1.2193030 1.2309730 1.2303057 1.2694097 1.1118908 1.2078281 1.2640712 1.1878913 1.1220462 1.3141010 1.4804437 1.3439541 1.2678387 1.4068011 1.5229554 1.1178962 1.4003704 1.1258780 1.2221637 1.1175237 1.3066979 1.0766751 1.3778928 1.3936316 1.1604034 1.1394966 1.2939551 1.3457656 1.5015556 1.3301830 1.4376286 1.5703737 1.4778703 1.3441145 1.6111087 2.0103522 2.8978707 2.5236152 
Q8UF73_AGRT5_180_470 0.5384029 0.4086808 0.0000000 1.1832811 1.1493796 1.0801801 1.0857598 1.2571076 1.2239654 1.1042076 1.0927216 1.0690208 1.1151103 1.0394535 1.2135195 1.1535004 1.0994324 1.1929278 1.0291814 1.2291321 1.0423738 1.0732554 1.2876757 1.1287975 1.2688707 1.1964123 1.0408975 1.2225230 1.1341170 1.0513362 1.2401560 1.3747733 1.3878582 1.3840349 1.3910616 1.4441272 1.0583378 1.1572747 1.0920888 1.2019833 0.9897835 1.3296407 1.1255481 1.3950393 1.2918663 1.0949504 1.1677488 1.2951247 1.3455643 1.2818217 1.2363521 1.3339135 1.4551169 1.3639101 1.2981577 1.7106252 2.1901351 2.7672646 2.7200029 
Q9SME1_9PHAE_183_473 1.4130211 1.3191614 1.1832811 0.0000000 0.3794156 0.4986868 0.4649951 0.5205158 0.6335318 0.7775317 0.7502803 0.7005738 0.7099463 0.9981818 1.0718234 1.1218028 1.0851564 1.0820695 1.0331530 1.1820733 1.0918046 1.1409694 1.0838118 0.9631903 1.2323457 0.9835172 0.9572309 1.0986758 0.9631456 0.9523134 0.8908403 1.2348958 1.1617421 1.3558731 0.9949447 1.3998087 1.0737957 1.1537383 1.1067804 1.2569768 1.1934809 1.1418659 1.1269254 1.2691967 1.3092045 1.2867109 1.2814084 1.3030135 1.3890857 1.2914781 1.5261019 1.4802439 1.5939149 1.3820014 1.2928626 1.5642571 2.5436111 2.5748111 2.6014707 
Q8SAQ8_PHYIN_182_472 1.4231613 1.2817615 1.1493796 0.3794156 0.0000000 0.4430801 0.4288912 0.4637993 0.5508681 0.7662210 0.7681933 0.7235488 0.7154008 0.9795342 1.0475281 1.0062950 1.0597336 1.0168895 1.0452722 1.1862249 1.1574254 1.1182530 1.0203561 1.0251385 1.2261348 0.9708292 0.8611433 1.0911847 0.9351099 0.8519403 0.9601840 1.2453468 1.2193868 1.3311065 1.0892239 1.4548763 1.0219050 1.2277019 1.0514531 1.0378503 0.9874496 1.0689828 0.9278826 1.0468725 1.1714163 1.2167785 1.2425154 1.3335980 1.3466047 1.2573574 1.4146015 1.4030744 1.5406905 1.3355343 1.3656078 1.8939085 2.3513257 2.7286596 2.8724808 
Q7Y248_ORYSA_168_466 1.2873177 1.2219697 1.0801801 0.4986868 0.4430801 0.0000000 0.2735788 0.4702480 0.5331633 0.6523586 0.7986298 0.7134763 0.6483584 0.9234264 0.9490532 0.9622591 1.0334951 1.0401511 1.0540530 1.0750355 0.9901934 1.1012884 1.0016388 0.9882718 1.1560820 0.8810150 0.8805870 1.0483416 0.8829853 0.8308665 0.9320586 1.2557355 1.2788106 1.3148706 1.0422523 1.4077192 1.0599006 1.0467215 1.0004644 1.0235172 0.9119198 1.0025408 0.9734800 1.1733335 1.1842574 1.1820348 1.2688802 1.4213056 1.3156442 1.5051594 1.4186660 1.4130660 1.4368659 1.1327898 1.2247679 1.6870124 2.3451839 2.2758392 2.6836822 
O22111_SOYBN_184_478 1.4471962 1.2443097 1.0857598 0.4649951 0.4288912 0.2735788 0.0000000 0.4222952 0.5364151 0.7091385 0.7092607 0.7003582 0.6452641 0.9134345 1.0206811 0.9880642 1.1223601 1.0723862 1.0915999 1.0382640 1.0421495 1.1307557 1.0556244 1.0248090 1.0928969 0.8980492 0.8613642 0.9934129 0.8908782 0.8000183 0.8716058 1.0981315 1.2327013 1.2490825 1.0731233 1.4076360 0.9730347 0.9377652 1.0952831 1.1811761 1.0600693 1.0792938 1.0044837 1.3447120 1.3083725 1.2257893 1.1694561 1.3450147 1.3719561 1.5347500 1.4811366 1.5030226 1.2992907 1.2380120 1.2697485 1.7271247 2.3300684 2.4601312 2.7082037 
Q8SAQ6_CHLRE_182_474 1.4228884 1.3962043 1.2571076 0.5205158 0.4637993 0.4702480 0.4222952 0.0000000 0.5354346 0.9234948 0.8849140 0.8188449 0.8812438 1.0435613 1.0911352 1.0694679 1.2351701 1.1134761 1.1791018 1.2481773 1.2458730 1.1076080 1.1656657 1.0071210 1.1286352 1.0704643 1.0698306 1.2602201 1.0350486 0.9353562 1.0123528 1.3484166 1.3118281 1.3079670 1.2287338 1.5762391 1.1766844 1.1264980 1.0680830 1.0212174 1.0709291 1.0414316 1.1148325 1.2294842 1.3536431 1.2536052 1.2531281 1.5738122 1.5058141 1.3124403 1.5316175 1.5311330 1.4695803 1.2627568 1.2395860 1.8278363 2.6158221 2.3719721 2.6195372 
Q8SAQ5_PORYE_41_338  1.3706884 1.3351405 1.2239654 0.6335318 0.5508681 0.5331633 0.5364151 0.5354346 0.0000000 0.9248792 0.9653955 0.9676695 0.8639398 1.0847522 1.0495624 1.0923800 1.0950668 1.1798805 0.9691744 1.1572963 1.1328716 1.0565067 1.2339286 1.1497218 1.2613933 1.1709635 1.0112035 1.2513910 1.0456984 0.9945460 1.0317061 1.4953753 1.6315869 1.4705839 1.1742934 1.6028839 1.2145877 1.3331188 0.9669910 1.1913263 0.9960899 0.9618575 0.9790679 1.1554660 1.3269055 1.1415609 1.2506810 1.3799505 1.5510191 1.6496683 1.3097353 1.4769236 1.4726634 1.3583773 1.3278332 1.6567241 2.3674857 2.2669160 2.4921193 
Q7NLK6_GLOVI_192_482 1.3192604 1.2198921 1.1042076 0.7775317 0.7662210 0.6523586 0.7091385 0.9234948 0.9248792 0.0000000 0.6353804 0.5449021 0.5150027 0.9611290 0.9498982 0.9169164 0.9818717 1.0052247 0.8873392 0.9688336 0.8938356 0.9767997 0.8847450 0.9018129 1.1711520 0.9010635 0.9144236 0.9660638 0.7939521 0.7029507 0.7064898 1.2082498 1.0755369 1.2709037 1.1070720 1.3180423 1.0776649 1.1370611 1.1259665 1.1927188 0.9880579 1.0724348 1.0813094 1.4893885 1.0885137 1.0710489 1.2255632 1.2964025 1.3821926 1.4124772 1.2843555 1.2273496 1.4706954 1.1874750 1.1736601 1.7809748 2.4596419 2.6296790 2.8108043 
6PGD_SYNY3_189_481   1.2262395 1.0776270 1.0927216 0.7502803 0.7681933 0.7986298 0.7092607 0.8849140 0.9653955 0.6353804 0.0000000 0.3013827 0.3594117 0.8505982 0.8846996 0.8510676 0.9254732 0.8722436 0.8763757 1.0780412 0.8986368 0.8759538 0.8814886 0.8634886 1.0953722 0.8327253 0.8802238 0.8206731 0.8250402 0.7336323 0.7506316 1.1335695 1.0266795 1.1072819 1.1278489 1.4434834 1.1920859 1.1459601 1.2785144 1.1334688 0.9822036 1.0938746 0.9150548 1.3079548 1.2575384 1.0175087 1.0029030 1.1193815 1.2202419 1.1912539 1.2640955 1.2475518 1.2433754 0.9922092 0.9754942 1.6345527 1.9241584 2.4168858 2.6357611 
Q8YLM3_ANASP_179_469 1.3388082 1.0606351 1.0690208 0.7005738 0.7235488 0.7134763 0.7003582 0.8188449 0.9676695 0.5449021 0.3013827 0.0000000 0.2337658 0.8184731 0.8355519 0.8913579 1.0214700 0.8113005 0.9195119 0.9837581 0.9013043 0.8387954 0.8605743 0.9987233 1.0641779 0.8255313 0.8257054 0.8250727 0.7675424 0.6525154 0.6931411 1.1491856 0.9764488 1.1588394 1.0302009 1.2670642 1.2199154 1.0009820 1.0284826 1.0003256 0.9028455 0.9655151 0.9479437 1.1807387 1.0904037 1.1125240 1.0192604 1.0568078 1.1493509 1.3367153 1.3772874 1.3011837 1.4589065 0.9956896 1.0251213 1.4540259 2.2834549 2.6585203 2.8811063 
6PGD_SYNP7_179_471   1.3540044 1.1446756 1.1151103 0.7099463 0.7154008 0.6483584 0.6452641 0.8812438 0.8639398 0.5150027 0.3594117 0.2337658 0.0000000 0.8706803 0.8985977 0.9153365 1.0937639 0.9358822 0.9470914 0.9750123 0.9638917 0.8788986 0.9054877 0.9843069 1.0948497 0.8375689 0.8956593 0.9092994 0.7960981 0.6595906 0.7550031 1.1647331 1.0513627 1.1098167 1.0220035 1.3344448 1.1980163 1.0380192 1.0207080 0.9828671 0.9450789 0.9741788 0.9730866 1.1601792 1.2527624 1.0154221 1.0572866 1.1871353 1.2190530 1.2995466 1.2190983 1.2343655 1.3438377 0.9662453 0.9725344 1.4889475 2.2692341 2.6576214 2.9189522 
Q7M451_ASCSS_181_470 1.2904498 1.0823159 1.0394535 0.9981818 0.9795342 0.9234264 0.9134345 1.0435613 1.0847522 0.9611290 0.8505982 0.8184731 0.8706803 0.0000000 0.3159413 0.3188269 0.4007760 0.4164741 0.4140577 0.4841832 0.4061673 0.5330934 0.4513066 0.5223355 0.6046420 0.6598909 0.6480064 0.8323418 0.6798516 0.6249731 0.6462118 0.8820839 0.8842658 0.9432488 0.8885202 0.9743032 0.9186420 1.1511751 1.0621313 1.0480056 0.9118051 1.0140455 0.9172929 1.3258823 1.2122007 1.0309949 0.8634346 0.8592334 0.8523985 1.2494675 0.8841310 0.8286563 0.9916326 1.1759100 1.1405043 1.4456872 2.0177061 2.4261823 2.7152430 
6PGD_SHEEP_179_469   1.2478357 1.1724873 1.2135195 1.0718234 1.0475281 0.9490532 1.0206811 1.0911352 1.0495624 0.9498982 0.8846996 0.8355519 0.8985977 0.3159413 0.0000000 0.2994225 0.4195022 0.4463969 0.5218121 0.5403584 0.5553383 0.4994800 0.4956256 0.6014870 0.6136629 0.6633160 0.6766301 0.8026261 0.6828814 0.6000601 0.6864432 0.9909394 0.9426963 1.1142895 0.9020148 1.0329920 0.9706861 1.2141236 1.0765566 1.0152010 0.8211702 1.0239650 0.9571248 1.1344544 1.3090302 1.0355585 0.9548670 0.8799488 0.8506514 1.3404940 0.9248225 0.9584418 1.0145767 1.2592320 1.3125056 1.6158481 2.0887473 2.7530789 3.0331861 
6PGD_CERCA_180_468   1.2150254 1.1690815 1.1535004 1.1218028 1.0062950 0.9622591 0.9880642 1.0694679 1.0923800 0.9169164 0.8510676 0.8913579 0.9153365 0.3188269 0.2994225 0.0000000 0.3447479 0.3809468 0.4507171 0.5011657 0.4183224 0.5120614 0.5303919 0.5895355 0.5947279 0.7445711 0.6787510 0.8180160 0.7313588 0.6136400 0.6501955 0.9524576 0.9152283 1.0500867 0.9256452 1.1225339 0.9642645 1.1336798 1.1235930 0.9538101 0.9114917 0.9822285 0.9707279 1.2314720 1.2503175 0.8936307 0.9565225 0.8808220 0.8971498 1.2915073 0.9225666 1.0170299 1.0733938 1.2595196 1.3405237 1.5492269 2.1092374 2.5402738 2.6025007 
6PGD_CUNEL_182_472   1.2788666 1.2699630 1.0994324 1.0851564 1.0597336 1.0334951 1.1223601 1.2351701 1.0950668 0.9818717 0.9254732 1.0214700 1.0937639 0.4007760 0.4195022 0.3447479 0.0000000 0.5206932 0.4385471 0.4266899 0.4142645 0.4990998 0.5718558 0.5821788 0.6624047 0.7114229 0.7075020 0.8700172 0.7892986 0.8074557 0.8026384 1.0680152 0.9705706 1.1973009 0.8929822 1.0952383 0.9698828 1.2920144 1.0498053 1.0817744 0.9327144 0.9766169 0.9071709 1.1785850 1.1634080 0.9758042 0.9727686 0.9441318 0.9536722 1.2322848 1.0035582 1.0685664 1.1679948 1.3778923 1.5578123 1.4084163 2.0614868 2.5487928 2.5385752 
6PGD_CAEEL_179_471   1.2762126 1.1983879 1.1929278 1.0820695 1.0168895 1.0401511 1.0723862 1.1134761 1.1798805 1.0052247 0.8722436 0.8113005 0.9358822 0.4164741 0.4463969 0.3809468 0.5206932 0.0000000 0.5961629 0.6054077 0.5703431 0.5216900 0.5866054 0.7249351 0.7654432 0.8406332 0.7375314 0.8984171 0.7585571 0.7320040 0.7369189 1.0507911 0.8619345 1.0942829 0.9084601 1.1165665 1.0344497 1.0445957 1.0249522 1.0051054 0.9672786 0.9561200 0.9188913 1.3171136 1.1967554 0.9680210 0.8379315 0.8341222 0.9666932 1.2215224 1.0630796 1.1149452 1.2402060 1.2820026 1.4459415 1.4539566 2.2403812 2.4261469 2.6214902 
6PGD_SCHPO_183_479   1.1396177 1.1580410 1.0291814 1.0331530 1.0452722 1.0540530 1.0915999 1.1791018 0.9691744 0.8873392 0.8763757 0.9195119 0.9470914 0.4140577 0.5218121 0.4507171 0.4385471 0.5961629 0.0000000 0.4131421 0.3376430 0.4978986 0.6313941 0.6558786 0.7352511 0.8097899 0.7075595 0.8273993 0.7361178 0.7472443 0.7364879 0.9878981 0.8736541 1.0266698 0.9112601 1.1377483 0.9204432 1.1951195 0.9175872 1.0592013 0.8530347 1.0868939 0.8152291 1.2091136 1.0967085 0.8463137 0.8543014 0.8296666 0.9783798 1.0879165 0.9424059 0.9536526 1.0948144 1.3122720 1.2482083 1.5025430 2.1525422 2.3117624 2.4100622 
6PGD_CANAL_204_504   1.4985947 1.3053157 1.2291321 1.1820733 1.1862249 1.0750355 1.0382640 1.2481773 1.1572963 0.9688336 1.0780412 0.9837581 0.9750123 0.4841832 0.5403584 0.5011657 0.4266899 0.6054077 0.4131421 0.0000000 0.3064729 0.5865962 0.5696604 0.7070197 0.8156044 0.8347958 0.8255144 0.9863622 0.7975641 0.7797182 0.7877335 1.0273809 0.9644637 1.0819486 0.9612435 1.0266993 1.0383847 1.1032075 0.8712435 1.0351593 1.0184689 0.9349714 0.9287568 1.3649602 1.1665486 1.0188430 0.8440191 0.8662832 1.0330926 1.3287350 1.1432091 1.1050178 1.2749761 1.3432908 1.3105046 1.4490218 2.2200154 2.7772570 3.1405498 
Q7SFZ4_NEUCR_212_510 1.1778682 1.0829410 1.0423738 1.0918046 1.1574254 0.9901934 1.0421495 1.2458730 1.1328716 0.8938356 0.8986368 0.9013043 0.9638917 0.4061673 0.5553383 0.4183224 0.4142645 0.5703431 0.3376430 0.3064729 0.0000000 0.5409591 0.5477277 0.6170814 0.6899679 0.7675532 0.7879704 0.8893213 0.7777836 0.7530391 0.7319030 1.0129253 0.8992541 1.1049970 0.9564589 1.0685684 1.0613974 1.0569894 0.9836844 1.0855689 0.9341855 1.0065730 0.8802440 1.4230793 1.0858817 0.9800993 0.7939754 0.8098216 0.9822765 1.1700351 0.9997375 1.0223845 1.1578924 1.1705189 1.3122552 1.3670600 2.1964443 2.6713323 2.5385006 
Q8SAQ4_PORYE_75_372  1.2606491 1.2193030 1.0732554 1.1409694 1.1182530 1.1012884 1.1307557 1.1076080 1.0565067 0.9767997 0.8759538 0.8387954 0.8788986 0.5330934 0.4994800 0.5120614 0.4990998 0.5216900 0.4978986 0.5865962 0.5409591 0.0000000 0.6188749 0.6311177 0.7048858 0.8172622 0.7220693 0.7820569 0.7373735 0.6932526 0.6743740 0.9736343 0.9265344 1.0158500 0.8930863 1.0955330 0.9269651 1.1117903 0.9527897 1.0450468 0.8636772 0.8426337 0.9264761 1.0224273 1.1218646 1.0286571 0.8609955 0.8381562 1.0616433 1.1720701 0.9612221 0.9682993 1.0997905 1.4062101 1.1977869 1.3468250 2.0332749 2.3306859 2.5578313 
Q6MEF8_PARUW_181_471 1.3976634 1.2309730 1.2876757 1.0838118 1.0203561 1.0016388 1.0556244 1.1656657 1.2339286 0.8847450 0.8814886 0.8605743 0.9054877 0.4513066 0.4956256 0.5303919 0.5718558 0.5866054 0.6313941 0.5696604 0.5477277 0.6188749 0.0000000 0.5936015 0.6841611 0.7638949 0.7345114 0.8226863 0.7387473 0.6683267 0.6303937 0.8981458 0.8589083 1.0894561 1.0294992 0.9659779 0.9575105 1.0837259 1.0745175 0.9879292 0.9187742 1.0345477 0.9653159 1.1942221 1.2898725 1.0178759 0.9039237 0.9674254 0.8757518 1.3324700 0.9922781 1.0043110 1.1553059 1.2881186 1.3289439 1.4624715 2.2052220 2.8050040 2.9727942 
Q8TA03_DICDI_183_480 1.2357933 1.2303057 1.1287975 0.9631903 1.0251385 0.9882718 1.0248090 1.0071210 1.1497218 0.9018129 0.8634886 0.9987233 0.9843069 0.5223355 0.6014870 0.5895355 0.5821788 0.7249351 0.6558786 0.7070197 0.6170814 0.6311177 0.5936015 0.0000000 0.6693863 0.6594398 0.7265857 0.8035297 0.6963796 0.6115153 0.5572199 0.8773591 0.7831227 1.0003219 0.9271607 1.0345319 0.9042282 1.0395976 1.0619149 1.0511576 0.9556793 1.0113119 1.0349965 1.2756453 1.2686161 1.0813494 0.8972851 0.8980452 0.9465244 1.2796587 1.0322127 1.0128382 1.2287922 1.5093414 1.4358770 1.6108044 2.2301509 2.6270356 2.9113066 
Q6LS71_PHOPR_196_486 1.3337097 1.2694097 1.2688707 1.2323457 1.2261348 1.1560820 1.0928969 1.1286352 1.2613933 1.1711520 1.0953722 1.0641779 1.0948497 0.6046420 0.6136629 0.5947279 0.6624047 0.7654432 0.7352511 0.8156044 0.6899679 0.7048858 0.6841611 0.6693863 0.0000000 0.7484007 0.7638887 0.8557039 0.7495128 0.7141660 0.7128893 1.0790476 1.1120242 1.2130750 1.0136044 1.1245999 0.9632170 1.2913782 1.1424233 1.1018659 0.9659962 1.1399785 1.1602995 1.3694507 1.0910356 1.2629283 0.9288731 0.9162282 0.9652630 1.3860694 0.9743654 0.9934621 1.1081838 1.4692670 1.4474967 1.5672733 2.1239184 3.1157016 3.2931534 
6PGD_STAAS_178_466   1.3177794 1.1118908 1.1964123 0.9835172 0.9708292 0.8810150 0.8980492 1.0704643 1.1709635 0.9010635 0.8327253 0.8255313 0.8375689 0.6598909 0.6633160 0.7445711 0.7114229 0.8406332 0.8097899 0.8347958 0.7675532 0.8172622 0.7638949 0.6594398 0.7484007 0.0000000 0.4850943 0.5074788 0.4406401 0.4185333 0.4939244 0.6312257 0.7068626 0.7840053 0.6669559 0.8804342 0.7684609 1.0297130 1.0699245 0.9992603 0.9481094 1.0777927 1.0397803 1.1984293 1.1633836 1.1094637 0.9869917 1.0565069 0.9715662 1.2717761 1.2164640 1.1088835 1.1813568 1.3181899 1.2668609 1.3628728 2.0159327 2.8798216 2.9044974 
Q71ZU4_LISMF_178_468 1.2128840 1.2078281 1.0408975 0.9572309 0.8611433 0.8805870 0.8613642 1.0698306 1.0112035 0.9144236 0.8802238 0.8257054 0.8956593 0.6480064 0.6766301 0.6787510 0.7075020 0.7375314 0.7075595 0.8255144 0.7879704 0.7220693 0.7345114 0.7265857 0.7638887 0.4850943 0.0000000 0.3682812 0.3323475 0.3670875 0.4573865 0.4998342 0.5758564 0.6636752 0.5363813 0.7946875 0.7276816 0.8134692 0.9534230 1.0278154 1.0026644 1.0300382 1.0295556 1.0352810 1.1655373 0.9668053 0.9848077 1.0891277 0.9859646 1.2827080 1.1905596 1.1269872 1.2308827 1.2001855 1.2076935 1.2368454 2.0315462 2.5203526 2.5039503 
O66227_ECOLI_179_467 1.4268475 1.2640712 1.2225230 1.0986758 1.0911847 1.0483416 0.9934129 1.2602201 1.2513910 0.9660638 0.8206731 0.8250727 0.9092994 0.8323418 0.8026261 0.8180160 0.8700172 0.8984171 0.8273993 0.9863622 0.8893213 0.7820569 0.8226863 0.8035297 0.8557039 0.5074788 0.3682812 0.0000000 0.3878192 0.4130601 0.5138510 0.3793544 0.4615366 0.5501972 0.6310706 0.6950028 0.8863935 0.9399368 0.9914016 1.1422111 1.0060624 1.1383461 1.0416165 1.0710203 1.1383829 1.0131001 1.0652260 1.0386738 1.1394143 1.2464372 1.2481983 1.2379018 1.3619840 1.4282585 1.4165877 1.2766934 2.0222832 2.9869863 2.5384799 
Q836Q9_ENTFA_179_470 1.2349712 1.1878913 1.1341170 0.9631456 0.9351099 0.8829853 0.8908782 1.0350486 1.0456984 0.7939521 0.8250402 0.7675424 0.7960981 0.6798516 0.6828814 0.7313588 0.7892986 0.7585571 0.7361178 0.7975641 0.7777836 0.7373735 0.7387473 0.6963796 0.7495128 0.4406401 0.3323475 0.3878192 0.0000000 0.3594211 0.4281794 0.5964064 0.5990967 0.7168721 0.4080901 0.7555382 0.8151762 0.9472887 0.8967067 0.9953392 0.9704566 0.9676604 0.8906590 1.0852765 0.9858052 0.9752804 0.8968715 0.9386311 0.9771397 1.2457213 1.0811308 1.1080551 1.1575683 1.2111811 1.1467637 1.2000257 1.8707361 2.6040047 2.4912300 
Q8CXN9_OCEIH_178_468 1.2480986 1.1220462 1.0513362 0.9523134 0.8519403 0.8308665 0.8000183 0.9353562 0.9945460 0.7029507 0.7336323 0.6525154 0.6595906 0.6249731 0.6000601 0.6136400 0.8074557 0.7320040 0.7472443 0.7797182 0.7530391 0.6932526 0.6683267 0.6115153 0.7141660 0.4185333 0.3670875 0.4130601 0.3594211 0.0000000 0.3808586 0.5883105 0.6217232 0.7036797 0.6621822 0.7791352 0.7912898 0.8183724 0.9293759 0.8314111 0.8047450 0.8919716 0.9304034 1.1714232 1.0436826 0.9971308 0.9163447 1.0096351 0.9624853 1.1479426 1.1485176 1.0287175 1.1542421 1.2328454 1.1438962 1.3372730 2.0910044 2.8829892 2.9179985 
Q6HPK6_BACHK_178_469 1.2786203 1.3141010 1.2401560 0.8908403 0.9601840 0.9320586 0.8716058 1.0123528 1.0317061 0.7064898 0.7506316 0.6931411 0.7550031 0.6462118 0.6864432 0.6501955 0.8026384 0.7369189 0.7364879 0.7877335 0.7319030 0.6743740 0.6303937 0.5572199 0.7128893 0.4939244 0.4573865 0.5138510 0.4281794 0.3808586 0.0000000 0.6170985 0.5662576 0.6809522 0.7185530 0.7754097 0.7168870 0.8510111 1.0165595 0.9780588 0.8749412 0.9260846 1.0035801 1.1964875 1.2259138 0.9525255 0.8626715 0.8879662 0.8811176 1.2459355 1.1088383 0.9965562 1.1844972 1.2986943 1.1920263 1.3688179 2.1981076 2.6602201 2.7223353 
6PGD_BUCAI_178_467   1.6443202 1.4804437 1.3747733 1.2348958 1.2453468 1.2557355 1.0981315 1.3484166 1.4953753 1.2082498 1.1335695 1.1491856 1.1647331 0.8820839 0.9909394 0.9524576 1.0680152 1.0507911 0.9878981 1.0273809 1.0129253 0.9736343 0.8981458 0.8773591 1.0790476 0.6312257 0.4998342 0.3793544 0.5964064 0.5883105 0.6170985 0.0000000 0.3774797 0.4299903 0.7792825 0.6011450 0.9593585 0.8140590 1.2530696 1.3184048 1.1597558 1.3569541 1.2667974 1.4130120 1.3125784 1.2649350 1.1136325 1.1242314 1.0968315 1.2681068 1.3987849 1.3045178 1.2710582 1.6059104 1.5915346 1.3592970 1.9306050 3.2871807 3.1047874 
Q6UA37_9ENTR_194_483 1.4492238 1.3439541 1.3878582 1.1617421 1.2193868 1.2788106 1.2327013 1.3118281 1.6315869 1.0755369 1.0266795 0.9764488 1.0513627 0.8842658 0.9426963 0.9152283 0.9705706 0.8619345 0.8736541 0.9644637 0.8992541 0.9265344 0.8589083 0.7831227 1.1120242 0.7068626 0.5758564 0.4615366 0.5990967 0.6217232 0.5662576 0.3774797 0.0000000 0.4680981 0.7898663 0.5510555 0.9247585 0.8204894 1.2473412 1.3875996 1.1912992 1.3708897 1.2173653 1.5040254 1.3251894 1.2067682 1.0635149 1.0769593 1.0626584 1.1924534 1.4085677 1.3727671 1.3447569 1.4663716 1.5714084 1.2785779 2.1536252 2.6397717 2.9192500 
6PGD_BUCBP_178_467   1.3135620 1.2678387 1.3840349 1.3558731 1.3311065 1.3148706 1.2490825 1.3079670 1.4705839 1.2709037 1.1072819 1.1588394 1.1098167 0.9432488 1.1142895 1.0500867 1.1973009 1.0942829 1.0266698 1.0819486 1.1049970 1.0158500 1.0894561 1.0003219 1.2130750 0.7840053 0.6636752 0.5501972 0.7168721 0.7036797 0.6809522 0.4299903 0.4680981 0.0000000 0.9285932 0.8030170 0.9558167 1.0050003 1.2960047 1.3364570 1.2310931 1.4849730 1.2537468 1.4159093 1.2560033 1.3378468 1.1257384 1.2247859 1.0413130 1.3331233 1.3726476 1.4444100 1.4061760 1.5374460 1.5648872 1.4287849 1.8924119 3.1096237 3.1163866 
Q88WS6_LACPL_182_475 1.4578052 1.4068011 1.3910616 0.9949447 1.0892239 1.0422523 1.0731233 1.2287338 1.1742934 1.1070720 1.1278489 1.0302009 1.0220035 0.8885202 0.9020148 0.9256452 0.8929822 0.9084601 0.9112601 0.9612435 0.9564589 0.8930863 1.0294992 0.9271607 1.0136044 0.6669559 0.5363813 0.6310706 0.4080901 0.6621822 0.7185530 0.7792825 0.7898663 0.9285932 0.0000000 0.8913829 0.9742079 1.1043947 1.1282562 1.2547787 1.1085857 1.0619821 1.1935078 1.3176618 1.2639709 1.1011808 1.2091107 1.1681415 1.1173552 1.3501848 1.3576974 1.2956448 1.2985948 1.5401133 1.2695565 1.3107910 2.2695419 2.4721371 2.4999686 
Q7VRX5_BLOFL_180_472 1.6057132 1.5229554 1.4441272 1.3998087 1.4548763 1.4077192 1.4076360 1.5762391 1.6028839 1.3180423 1.4434834 1.2670642 1.3344448 0.9743032 1.0329920 1.1225339 1.0952383 1.1165665 1.1377483 1.0266993 1.0685684 1.0955330 0.9659779 1.0345319 1.1245999 0.8804342 0.7946875 0.6950028 0.7555382 0.7791352 0.7754097 0.6011450 0.5510555 0.8030170 0.8913829 0.0000000 0.9995270 1.0993709 1.3862515 1.4253709 1.3744300 1.4204999 1.4735311 1.7150639 1.4134133 1.3788466 1.3122428 1.2730881 1.0403610 1.6332888 1.5083073 1.4580612 1.4255127 1.5440473 1.6958832 1.4550453 2.2658543 2.9243116 2.9968648 
6PGD_BACSU_177_467   1.2118633 1.1178962 1.0583378 1.0737957 1.0219050 1.0599006 0.9730347 1.1766844 1.2145877 1.0776649 1.1920859 1.2199154 1.1980163 0.9186420 0.9706861 0.9642645 0.9698828 1.0344497 0.9204432 1.0383847 1.0613974 0.9269651 0.9575105 0.9042282 0.9632170 0.7684609 0.7276816 0.8863935 0.8151762 0.7912898 0.7168870 0.9593585 0.9247585 0.9558167 0.9742079 0.9995270 0.0000000 1.0384954 1.1374175 1.1754477 1.0259500 1.2144285 1.2170760 1.3821247 1.3069557 1.1417079 1.2107852 1.1420945 1.1979368 1.5526417 1.1213944 1.1606832 1.2082826 1.6475185 1.5155017 1.7398599 2.1931170 2.5062680 2.7966185 
Q893F9_CLOTE_178_468 1.5169179 1.4003704 1.1572747 1.1537383 1.2277019 1.0467215 0.9377652 1.1264980 1.3331188 1.1370611 1.1459601 1.0009820 1.0380192 1.1511751 1.2141236 1.1336798 1.2920144 1.0445957 1.1951195 1.1032075 1.0569894 1.1117903 1.0837259 1.0395976 1.2913782 1.0297130 0.8134692 0.9399368 0.9472887 0.8183724 0.8510111 0.8140590 0.8204894 1.0050003 1.1043947 1.0993709 1.0384954 0.0000000 1.4601568 1.5420022 1.5035259 1.4234183 1.5036782 1.5905197 1.5319996 1.2699147 1.1367004 1.4637846 1.1912776 1.5078053 1.3857390 1.4478178 1.5411101 1.4414825 1.4388591 1.4018298 2.0583227 2.5851969 2.9511136 
Q6ADQ1_LEIXX_183_473 1.1017380 1.1258780 1.0920888 1.1067804 1.0514531 1.0004644 1.0952831 1.0680830 0.9669910 1.1259665 1.2785144 1.0284826 1.0207080 1.0621313 1.0765566 1.1235930 1.0498053 1.0249522 0.9175872 0.8712435 0.9836844 0.9527897 1.0745175 1.0619149 1.1424233 1.0699245 0.9534230 0.9914016 0.8967067 0.9293759 1.0165595 1.2530696 1.2473412 1.2960047 1.1282562 1.3862515 1.1374175 1.4601568 0.0000000 0.6900099 0.6948057 0.6344138 0.7407135 0.8206117 0.8550392 0.9815749 1.0318202 1.2548530 1.2374198 1.2411706 1.3690882 1.3160993 1.6568007 1.5907605 1.5159981 1.3588919 2.5777040 2.3701430 2.6790113 
Q6NHC5_CORDI_183_476 1.1868223 1.2221637 1.2019833 1.2569768 1.0378503 1.0235172 1.1811761 1.0212174 1.1913263 1.1927188 1.1334688 1.0003256 0.9828671 1.0480056 1.0152010 0.9538101 1.0817744 1.0051054 1.0592013 1.0351593 1.0855689 1.0450468 0.9879292 1.0511576 1.1018659 0.9992603 1.0278154 1.1422111 0.9953392 0.8314111 0.9780588 1.3184048 1.3875996 1.3364570 1.2547787 1.4253709 1.1754477 1.5420022 0.6900099 0.0000000 0.4175483 0.5532860 0.7014080 0.7722949 0.9883455 1.0725919 1.0661576 1.3080573 1.3349147 1.1945488 1.3863862 1.2943888 1.6049941 1.4438950 1.5210384 1.4942077 2.5136325 3.0238084 3.0379261 
O32911_MYCLE_189_478 1.0362632 1.1175237 0.9897835 1.1934809 0.9874496 0.9119198 1.0600693 1.0709291 0.9960899 0.9880579 0.9822036 0.9028455 0.9450789 0.9118051 0.8211702 0.9114917 0.9327144 0.9672786 0.8530347 1.0184689 0.9341855 0.8636772 0.9187742 0.9556793 0.9659962 0.9481094 1.0026644 1.0060624 0.9704566 0.8047450 0.8749412 1.1597558 1.1912992 1.2310931 1.1085857 1.3744300 1.0259500 1.5035259 0.6948057 0.4175483 0.0000000 0.5309185 0.6533563 0.7979939 0.9596991 0.9617130 1.0294780 1.2182767 1.1893992 1.1741704 1.2595790 1.1493514 1.3145203 1.4833867 1.5619866 1.5506104 2.2161179 2.6157170 3.0460341 
Q826E4_STRAW_181_471 1.3390671 1.3066979 1.3296407 1.1418659 1.0689828 1.0025408 1.0792938 1.0414316 0.9618575 1.0724348 1.0938746 0.9655151 0.9741788 1.0140455 1.0239650 0.9822285 0.9766169 0.9561200 1.0868939 0.9349714 1.0065730 0.8426337 1.0345477 1.0113119 1.1399785 1.0777927 1.0300382 1.1383461 0.9676604 0.8919716 0.9260846 1.3569541 1.3708897 1.4849730 1.0619821 1.4204999 1.2144285 1.4234183 0.6344138 0.5532860 0.5309185 0.0000000 0.7130776 0.7727182 0.9095066 0.9384204 1.0988031 1.1846252 1.4275085 1.3767391 1.2502023 1.2933285 1.5206708 1.6717839 1.7080357 1.5881167 2.5439750 2.3586389 2.8534601 
Q8G729_BIFLO_181_475 1.2697255 1.0766751 1.1255481 1.1269254 0.9278826 0.9734800 1.0044837 1.1148325 0.9790679 1.0813094 0.9150548 0.9479437 0.9730866 0.9172929 0.9571248 0.9707279 0.9071709 0.9188913 0.8152291 0.9287568 0.8802440 0.9264761 0.9653159 1.0349965 1.1602995 1.0397803 1.0295556 1.0416165 0.8906590 0.9304034 1.0035801 1.2667974 1.2173653 1.2537468 1.1935078 1.4735311 1.2170760 1.5036782 0.7407135 0.7014080 0.6533563 0.7130776 0.0000000 0.8223099 0.9840567 1.0396156 1.0868901 1.2769227 1.2752575 1.3126943 1.3346157 1.2669552 1.3387387 1.5308387 1.5094393 1.5710283 2.2889507 2.6782410 2.4917046 
Q6A799_PROAC_184_473 1.4557683 1.3778928 1.3950393 1.2691967 1.0468725 1.1733335 1.3447120 1.2294842 1.1554660 1.4893885 1.3079548 1.1807387 1.1601792 1.3258823 1.1344544 1.2314720 1.1785850 1.3171136 1.2091136 1.3649602 1.4230793 1.0224273 1.1942221 1.2756453 1.3694507 1.1984293 1.0352810 1.0710203 1.0852765 1.1714232 1.1964875 1.4130120 1.5040254 1.4159093 1.3176618 1.7150639 1.3821247 1.5905197 0.8206117 0.7722949 0.7979939 0.7727182 0.8223099 0.0000000 1.1649556 1.1036016 1.3363770 1.4774513 1.5362778 1.5301658 1.5285179 1.7081213 1.8028921 1.5571787 1.5199723 1.5105367 2.3691085 2.9269439 2.6218137 
Q83G38_TROWT_177_468 1.2803631 1.3936316 1.2918663 1.3092045 1.1714163 1.1842574 1.3083725 1.3536431 1.3269055 1.0885137 1.2575384 1.0904037 1.2527624 1.2122007 1.3090302 1.2503175 1.1634080 1.1967554 1.0967085 1.1665486 1.0858817 1.1218646 1.2898725 1.2686161 1.0910356 1.1633836 1.1655373 1.1383829 0.9858052 1.0436826 1.2259138 1.3125784 1.3251894 1.2560033 1.2639709 1.4134133 1.3069557 1.5319996 0.8550392 0.9883455 0.9596991 0.9095066 0.9840567 1.1649556 0.0000000 1.2566831 1.3078960 1.3081405 1.3693035 1.3774631 1.5837538 1.6247379 1.7122236 1.5609991 1.6475090 1.7093769 2.4083888 2.4048743 2.3267563 
Q8EFR5_SHEON_206_499 1.1348008 1.1604034 1.0949504 1.2867109 1.2167785 1.1820348 1.2257893 1.2536052 1.1415609 1.0710489 1.0175087 1.1125240 1.0154221 1.0309949 1.0355585 0.8936307 0.9758042 0.9680210 0.8463137 1.0188430 0.9800993 1.0286571 1.0178759 1.0813494 1.2629283 1.1094637 0.9668053 1.0131001 0.9752804 0.9971308 0.9525255 1.2649350 1.2067682 1.3378468 1.1011808 1.3788466 1.1417079 1.2699147 0.9815749 1.0725919 0.9617130 0.9384204 1.0396156 1.1036016 1.2566831 0.0000000 1.2595748 1.0784881 1.4529224 1.2396029 1.3253473 1.2414314 1.3478299 1.4965896 1.4801222 1.5983786 2.1391785 2.6408165 2.4739672 
Q8A8E5_BACTN_188_478 1.1021175 1.1394966 1.1677488 1.2814084 1.2425154 1.2688802 1.1694561 1.2531281 1.2506810 1.2255632 1.0029030 1.0192604 1.0572866 0.8634346 0.9548670 0.9565225 0.9727686 0.8379315 0.8543014 0.8440191 0.7939754 0.8609955 0.9039237 0.8972851 0.9288731 0.9869917 0.9848077 1.0652260 0.8968715 0.9163447 0.8626715 1.1136325 1.0635149 1.1257384 1.2091107 1.3122428 1.2107852 1.1367004 1.0318202 1.0661576 1.0294780 1.0988031 1.0868901 1.3363770 1.3078960 1.2595748 0.0000000 0.7919443 1.1816619 1.2166839 1.2915189 1.3642672 1.4606461 1.4414041 1.3351486 1.5060234 1.9959858 2.9062576 2.9570520 
6PGD_TREPA_179_475   1.3659326 1.2939551 1.2951247 1.3030135 1.3335980 1.4213056 1.3450147 1.5738122 1.3799505 1.2964025 1.1193815 1.0568078 1.1871353 0.8592334 0.8799488 0.8808220 0.9441318 0.8341222 0.8296666 0.8662832 0.8098216 0.8381562 0.9674254 0.8980452 0.9162282 1.0565069 1.0891277 1.0386738 0.9386311 1.0096351 0.8879662 1.1242314 1.0769593 1.2247859 1.1681415 1.2730881 1.1420945 1.4637846 1.2548530 1.3080573 1.2182767 1.1846252 1.2769227 1.4774513 1.3081405 1.0784881 0.7919443 0.0000000 1.3229146 1.4680813 1.2898529 1.2286642 1.3593851 1.6234053 1.5968846 1.5713908 2.1899127 3.0240830 2.9797687 
O51509_BORBU_175_464 1.2485306 1.3457656 1.3455643 1.3890857 1.3466047 1.3156442 1.3719561 1.5058141 1.5510191 1.3821926 1.2202419 1.1493509 1.2190530 0.8523985 0.8506514 0.8971498 0.9536722 0.9666932 0.9783798 1.0330926 0.9822765 1.0616433 0.8757518 0.9465244 0.9652630 0.9715662 0.9859646 1.1394143 0.9771397 0.9624853 0.8811176 1.0968315 1.0626584 1.0413130 1.1173552 1.0403610 1.1979368 1.1912776 1.2374198 1.3349147 1.1893992 1.4275085 1.2752575 1.5362778 1.3693035 1.4529224 1.1816619 1.3229146 0.0000000 1.3925476 1.3388150 1.2732061 1.3280431 1.4346586 1.4200789 1.5712211 2.2451542 2.4495270 2.6995656 
Q8TA04_TRIVA_158_442 1.4348776 1.5015556 1.2818217 1.2914781 1.2573574 1.5051594 1.5347500 1.3124403 1.6496683 1.4124772 1.1912539 1.3367153 1.2995466 1.2494675 1.3404940 1.2915073 1.2322848 1.2215224 1.0879165 1.3287350 1.1700351 1.1720701 1.3324700 1.2796587 1.3860694 1.2717761 1.2827080 1.2464372 1.2457213 1.1479426 1.2459355 1.2681068 1.1924534 1.3331233 1.3501848 1.6332888 1.5526417 1.5078053 1.2411706 1.1945488 1.1741704 1.3767391 1.3126943 1.5301658 1.3774631 1.2396029 1.2166839 1.4680813 1.3925476 0.0000000 1.6929784 1.7551576 1.8309471 1.7137866 1.7472290 2.1244216 2.4234414 3.4273875 3.1335676 
6PGD_CHLPN_178_470   1.4268170 1.3301830 1.2363521 1.5261019 1.4146015 1.4186660 1.4811366 1.5316175 1.3097353 1.2843555 1.2640955 1.3772874 1.2190983 0.8841310 0.9248225 0.9225666 1.0035582 1.0630796 0.9424059 1.1432091 0.9997375 0.9612221 0.9922781 1.0322127 0.9743654 1.2164640 1.1905596 1.2481983 1.0811308 1.1485176 1.1088383 1.3987849 1.4085677 1.3726476 1.3576974 1.5083073 1.1213944 1.3857390 1.3690882 1.3863862 1.2595790 1.2502023 1.3346157 1.5285179 1.5837538 1.3253473 1.2915189 1.2898529 1.3388150 1.6929784 0.0000000 0.4122702 0.5956646 1.8377624 1.8903898 1.9559499 2.5207671 3.4803596 3.1844657 
Q823H8_CHLCV_180_472 1.4534248 1.4376286 1.3339135 1.4802439 1.4030744 1.4130660 1.5030226 1.5311330 1.4769236 1.2273496 1.2475518 1.3011837 1.2343655 0.8286563 0.9584418 1.0170299 1.0685664 1.1149452 0.9536526 1.1050178 1.0223845 0.9682993 1.0043110 1.0128382 0.9934621 1.1088835 1.1269872 1.2379018 1.1080551 1.0287175 0.9965562 1.3045178 1.3727671 1.4444100 1.2956448 1.4580612 1.1606832 1.4478178 1.3160993 1.2943888 1.1493514 1.2933285 1.2669552 1.7081213 1.6247379 1.2414314 1.3642672 1.2286642 1.2732061 1.7551576 0.4122702 0.0000000 0.4740809 1.9043838 1.7186352 2.0007094 2.3301584 3.2931546 3.6692827 
6PGD_CHLTR_180_472   1.4594953 1.5703737 1.4551169 1.5939149 1.5406905 1.4368659 1.2992907 1.4695803 1.4726634 1.4706954 1.2433754 1.4589065 1.3438377 0.9916326 1.0145767 1.0733938 1.1679948 1.2402060 1.0948144 1.2749761 1.1578924 1.0997905 1.1553059 1.2287922 1.1081838 1.1813568 1.2308827 1.3619840 1.1575683 1.1542421 1.1844972 1.2710582 1.3447569 1.4061760 1.2985948 1.4255127 1.2082826 1.5411101 1.6568007 1.6049941 1.3145203 1.5206708 1.3387387 1.8028921 1.7122236 1.3478299 1.4606461 1.3593851 1.3280431 1.8309471 0.5956646 0.4740809 0.0000000 1.9349913 1.9881434 2.0615910 2.4680441 3.2765039 3.4963133 
Q7V1T5_PROMP_179_471 1.7675423 1.4778703 1.3639101 1.3820014 1.3355343 1.1327898 1.2380120 1.2627568 1.3583773 1.1874750 0.9922092 0.9956896 0.9662453 1.1759100 1.2592320 1.2595196 1.3778923 1.2820026 1.3122720 1.3432908 1.1705189 1.4062101 1.2881186 1.5093414 1.4692670 1.3181899 1.2001855 1.4282585 1.2111811 1.2328454 1.2986943 1.6059104 1.4663716 1.5374460 1.5401133 1.5440473 1.6475185 1.4414825 1.5907605 1.4438950 1.4833867 1.6717839 1.5308387 1.5571787 1.5609991 1.4965896 1.4414041 1.6234053 1.4346586 1.7137866 1.8377624 1.9043838 1.9349913 0.0000000 0.3782468 1.5969090 2.4541341 2.3009949 2.5017477 
Q7VC99_PROMA_179_471 1.6212090 1.3441145 1.2981577 1.2928626 1.3656078 1.2247679 1.2697485 1.2395860 1.3278332 1.1736601 0.9754942 1.0251213 0.9725344 1.1405043 1.3125056 1.3405237 1.5578123 1.4459415 1.2482083 1.3105046 1.3122552 1.1977869 1.3289439 1.4358770 1.4474967 1.2668609 1.2076935 1.4165877 1.1467637 1.1438962 1.1920263 1.5915346 1.5714084 1.5648872 1.2695565 1.6958832 1.5155017 1.4388591 1.5159981 1.5210384 1.5619866 1.7080357 1.5094393 1.5199723 1.6475090 1.4801222 1.3351486 1.5968846 1.4200789 1.7472290 1.8903898 1.7186352 1.9881434 0.3782468 0.0000000 1.5450133 2.4547713 2.3899206 2.4825431 
Q74H97_LACJO_176_459 1.7266459 1.6111087 1.7106252 1.5642571 1.8939085 1.6870124 1.7271247 1.8278363 1.6567241 1.7809748 1.6345527 1.4540259 1.4889475 1.4456872 1.6158481 1.5492269 1.4084163 1.4539566 1.5025430 1.4490218 1.3670600 1.3468250 1.4624715 1.6108044 1.5672733 1.3628728 1.2368454 1.2766934 1.2000257 1.3372730 1.3688179 1.3592970 1.2785779 1.4287849 1.3107910 1.4550453 1.7398599 1.4018298 1.3588919 1.4942077 1.5506104 1.5881167 1.5710283 1.5105367 1.7093769 1.5983786 1.5060234 1.5713908 1.5712211 2.1244216 1.9559499 2.0007094 2.0615910 1.5969090 1.5450133 0.0000000 2.2525127 3.2368039 2.9070050 
Q8SRX1_ENCCU_178_458 2.2544722 2.0103522 2.1901351 2.5436111 2.3513257 2.3451839 2.3300684 2.6158221 2.3674857 2.4596419 1.9241584 2.2834549 2.2692341 2.0177061 2.0887473 2.1092374 2.0614868 2.2403812 2.1525422 2.2200154 2.1964443 2.0332749 2.2052220 2.2301509 2.1239184 2.0159327 2.0315462 2.0222832 1.8707361 2.0910044 2.1981076 1.9306050 2.1536252 1.8924119 2.2695419 2.2658543 2.1931170 2.0583227 2.5777040 2.5136325 2.2161179 2.5439750 2.2889507 2.3691085 2.4083888 2.1391785 1.9959858 2.1899127 2.2451542 2.4234414 2.5207671 2.3301584 2.4680441 2.4541341 2.4547713 2.2525127 0.0000000 4.0168624 4.0056552 
Q6TUM2_LEIME_182_476 2.5839235 2.8978707 2.7672646 2.5748111 2.7286596 2.2758392 2.4601312 2.3719721 2.2669160 2.6296790 2.4168858 2.6585203 2.6576214 2.4261823 2.7530789 2.5402738 2.5487928 2.4261469 2.3117624 2.7772570 2.6713323 2.3306859 2.8050040 2.6270356 3.1157016 2.8798216 2.5203526 2.9869863 2.6040047 2.8829892 2.6602201 3.2871807 2.6397717 3.1096237 2.4721371 2.9243116 2.5062680 2.5851969 2.3701430 3.0238084 2.6157170 2.3586389 2.6782410 2.9269439 2.4048743 2.6408165 2.9062576 3.0240830 2.4495270 3.4273875 3.4803596 3.2931546 3.2765039 2.3009949 2.3899206 3.2368039 4.0168624 0.0000000 0.3642244 
Q6WAT4_TRYCR_180_474 2.5680613 2.5236152 2.7200029 2.6014707 2.8724808 2.6836822 2.7082037 2.6195372 2.4921193 2.8108043 2.6357611 2.8811063 2.9189522 2.7152430 3.0331861 2.6025007 2.5385752 2.6214902 2.4100622 3.1405498 2.5385006 2.5578313 2.9727942 2.9113066 3.2931534 2.9044974 2.5039503 2.5384799 2.4912300 2.9179985 2.7223353 3.1047874 2.9192500 3.1163866 2.4999686 2.9968648 2.7966185 2.9511136 2.6790113 3.0379261 3.0460341 2.8534601 2.4917046 2.6218137 2.3267563 2.4739672 2.9570520 2.9797687 2.6995656 3.1335676 3.1844657 3.6692827 3.4963133 2.5017477 2.4825431 2.9070050 4.0056552 0.3642244 0.0000000 
