10
CCME_SHEON_2_139  0.0000000 0.4310567 0.6392778 0.5428556 0.8525959 1.2876694 1.1506712 1.1122322 1.5438927 3.5768671 
CCME_HAEIN_2_139  0.4310567 0.0000000 0.5355344 0.4608136 0.7236386 1.1606724 1.0873633 1.0201232 1.3144207 3.5320838 
CCME_PANCI_2_138  0.6392778 0.5355344 0.0000000 0.3374435 0.7410151 1.1210404 0.9275880 0.7992128 1.5825477 2.8247487 
CCME_SHIFL_2_138  0.5428556 0.4608136 0.3374435 0.0000000 0.7253044 1.2254512 0.9974716 0.7930073 1.1903964 2.7609044 
CCME_PSEFL_2_132  0.8525959 0.7236386 0.7410151 0.7253044 0.0000000 0.9953892 0.7889224 0.7731338 1.3551252 3.2390652 
CCME_RHIET_1_132  1.2876694 1.1606724 1.1210404 1.2254512 0.9953892 0.0000000 0.3321211 0.8714947 1.9600106 3.4246787 
CCME_RHIME_1_131  1.1506712 1.0873633 0.9275880 0.9974716 0.7889224 0.3321211 0.0000000 0.6436202 1.7293333 3.1235300 
CCME_BRAJA_1_130  1.1122322 1.0201232 0.7992128 0.7930073 0.7731338 0.8714947 0.6436202 0.0000000 1.4891932 2.2678921 
CCME_RICPR_2_128  1.5438927 1.3144207 1.5825477 1.1903964 1.3551252 1.9600106 1.7293333 1.4891932 0.0000000 2.5148082 
CCME_DEIRA_15_145 3.5768671 3.5320838 2.8247487 2.7609044 3.2390652 3.4246787 3.1235300 2.2678921 2.5148082 0.0000000 
