6
COX5C_IPOBA_1_62  0.0000000 0.3806887 0.3351638 0.4853097 0.5442820 1.1088680 
CX5C1_HELAN_2_63  0.3806887 0.0000000 0.2637297 0.2678477 0.5898292 1.0531800 
COX5C_HORVU_1_62  0.3351638 0.2637297 0.0000000 0.2683688 0.6378071 1.1176825 
CX5C3_ARATH_2_63  0.4853097 0.2678477 0.2683688 0.0000000 0.5027921 1.1916856 
CX5C4_ARATH_3_64  0.5442820 0.5898292 0.6378071 0.5027921 0.0000000 1.5389198 
Q9ZTN1_PETHY_1_62 1.1088680 1.0531800 1.1176825 1.1916856 1.5389198 0.0000000 
