13
Y999_CAMJE_18_342  0.0000000 0.6818786 0.8581170 0.9812538 0.9094452 1.2074834 1.3930314 1.7227129 1.5443937 2.0657428 1.9770520 2.7840986 2.3103156 
YEIH_SHIFL_18_326  0.6818786 0.0000000 0.2746463 0.2948298 0.4279322 0.8244969 1.3832729 1.3647843 1.1299063 1.7431259 1.8857682 1.6876592 2.2984672 
Y5383_PSEAE_21_335 0.8581170 0.2746463 0.0000000 0.3774946 0.5349990 1.0284010 1.3209326 1.4536692 1.2773769 1.6651704 2.1749648 1.7536195 2.4050819 
Y1643_HAEIN_8_316  0.9812538 0.2948298 0.3774946 0.0000000 0.2770828 0.9847847 1.4411648 1.4751471 1.3474314 1.8330289 1.8467137 1.3580030 2.7636102 
Y1461_PASMU_8_314  0.9094452 0.4279322 0.5349990 0.2770828 0.0000000 0.9095159 1.2956648 1.5906262 1.4881180 1.6559113 2.0517970 1.5812269 2.4275057 
Y2225_RHILO_7_307  1.2074834 0.8244969 1.0284010 0.9847847 0.9095159 0.0000000 1.4576958 1.0650488 1.1726420 1.4787890 1.4910445 1.5709143 3.3150390 
Y341_STAAM_11_311  1.3930314 1.3832729 1.3209326 1.4411648 1.2956648 1.4576958 0.0000000 1.3473858 1.3814246 1.8715340 2.6993083 2.7909927 2.2287864 
Y034_STRPN_9_315   1.7227129 1.3647843 1.4536692 1.4751471 1.5906262 1.0650488 1.3473858 0.0000000 0.2364607 2.1050376 2.6206488 2.3992522 2.8357129 
Y1056_STRP1_9_318  1.5443937 1.1299063 1.2773769 1.3474314 1.4881180 1.1726420 1.3814246 0.2364607 0.0000000 2.3707252 2.6896253 2.1707828 2.5382325 
YDHF_LACLA_5_311   2.0657428 1.7431259 1.6651704 1.8330289 1.6559113 1.4787890 1.8715340 2.1050376 2.3707252 0.0000000 2.4223031 2.4041901 2.9516253 
Y425_CAUCR_147_446 1.9770520 1.8857682 2.1749648 1.8467137 2.0517970 1.4910445 2.6993083 2.6206488 2.6896253 2.4223031 0.0000000 2.2740708 4.2910508 
Y2119_MYCPA_67_384 2.7840986 1.6876592 1.7536195 1.3580030 1.5812269 1.5709143 2.7909927 2.3992522 2.1707828 2.4041901 2.2740708 0.0000000 2.8678892 
Y1621_ARCFU_22_308 2.3103156 2.2984672 2.4050819 2.7636102 2.4275057 3.3150390 2.2287864 2.8357129 2.5382325 2.9516253 4.2910508 2.8678892 0.0000000 
