8
Q66951_9CORO_812_1462 0.0000000 0.4959342 0.6512891 0.6557834 1.9220743 2.0018317 1.9816286 1.9879057 
SPIKE_CVCAI_793_1449  0.4959342 0.0000000 0.7269168 0.6349550 2.0086370 2.0686156 2.0427474 2.0673364 
SPIKE_CVH22_537_1171  0.6512891 0.7269168 0.0000000 0.5905068 1.8114585 1.9132335 1.9025218 1.9165390 
Q84712_9CORO_735_1381 0.6557834 0.6349550 0.5905068 0.0000000 1.8257914 1.9327773 1.9180866 1.8998710 
Q82666_9CORO_542_1157 1.9220743 2.0086370 1.8114585 1.8257914 0.0000000 0.0959681 0.1235448 0.1280595 
SPIKE_IBVD2_539_1154  2.0018317 2.0686156 1.9132335 1.9327773 0.0959681 0.0000000 0.0567636 0.0956657 
SPIKE_IBVM_538_1153   1.9816286 2.0427474 1.9025218 1.9180866 0.1235448 0.0567636 0.0000000 0.1042719 
Q64930_9CORO_544_1159 1.9879057 2.0673364 1.9165390 1.8998710 0.1280595 0.0956657 0.1042719 0.0000000 
