6
PON3_MOUSE_167_252   0.0000000 0.9147649 0.7302787 0.8065319 3.4921429 4.6408813 
PON1_HUMAN_167_252   0.9147649 0.0000000 0.3794483 0.5042710 3.4269479 6.0729984 
PON2_HUMAN_167_252   0.7302787 0.3794483 0.0000000 0.4268972 3.2776256 5.5495034 
PON2_CHICK_167_252   0.8065319 0.5042710 0.4268972 0.0000000 3.5540760 5.3003501 
MEC6_CAEEL_178_263   3.4921429 3.4269479 3.2776256 3.5540760 0.0000000 3.3331671 
Q21427_CAEEL_172_257 4.6408813 6.0729984 5.5495034 5.3003501 3.3331671 0.0000000 
