7
O26532_METTH_1_222 0.0000000 0.7853662 0.9748426 1.3580732 1.7063553 3.0653208 1.8946729 
Y570_METJA_1_219   0.7853662 0.0000000 0.7076971 1.2247355 1.8067419 2.8340769 2.1011573 
O58996_PYRHO_5_224 0.9748426 0.7076971 0.0000000 1.1299539 1.7358224 3.1073009 2.1416029 
O28607_ARCFU_1_218 1.3580732 1.2247355 1.1299539 0.0000000 1.4888510 3.2451622 2.1349219 
Q07261_YEAST_1_254 1.7063553 1.8067419 1.7358224 1.4888510 0.0000000 3.7030857 2.8220074 
O58113_PYRHO_2_214 3.0653208 2.8340769 3.1073009 3.2451622 3.7030857 0.0000000 1.8031393 
O29538_ARCFU_6_214 1.8946729 2.1011573 2.1416029 2.1349219 2.8220074 1.8031393 0.0000000 
