11
Q91ZF5_MOUSE_1_262 0.0000000 0.2121232 0.2557921 0.7243698 0.7421508 0.8645406 0.7772855 0.7441789 0.7354772 0.6899093 2.6091052 
Q75ZI5_RAT_1_262   0.2121232 0.0000000 0.2956983 0.7915114 0.7848804 0.8526637 0.7934778 0.8005165 0.7650025 0.6820154 2.5535650 
O18741_BOVIN_1_263 0.2557921 0.2956983 0.0000000 0.6654964 0.6488110 0.8980018 0.8229193 0.8441681 0.7281929 0.6859519 2.7115601 
Q8BZF7_MOUSE_7_265 0.7243698 0.7915114 0.6654964 0.0000000 0.2671432 1.2245284 1.0621018 1.1058463 1.0786474 1.0596648 2.5644684 
Q9UQC9_HUMAN_7_265 0.7421508 0.7848804 0.6488110 0.2671432 0.0000000 1.1568143 1.0434159 1.0055805 1.1255570 1.0582186 2.7425495 
Q9D7Z6_MOUSE_1_263 0.8645406 0.8526637 0.8980018 1.2245284 1.1568143 0.0000000 0.3292738 0.3921517 0.7611789 0.6662670 2.9406261 
Q5TDF4_HUMAN_1_262 0.7772855 0.7934778 0.8229193 1.0621018 1.0434159 0.3292738 0.0000000 0.3253644 0.6850750 0.5997748 2.9811850 
Q9TUB5_PIG_1_262   0.7441789 0.8005165 0.8441681 1.1058463 1.0055805 0.3921517 0.3253644 0.0000000 0.6889910 0.6450011 2.8250332 
Q6Q473_MOUSE_1_263 0.7354772 0.7650025 0.7281929 1.0786474 1.1255570 0.7611789 0.6850750 0.6889910 0.0000000 0.2872758 3.0732084 
Q9UNF7_HUMAN_1_262 0.6899093 0.6820154 0.6859519 1.0596648 1.0582186 0.6662670 0.5997748 0.6450011 0.2872758 0.0000000 2.6739588 
Q5TVU8_ANOGA_1_209 2.6091052 2.5535650 2.7115601 2.5644684 2.7425495 2.9406261 2.9811850 2.8250332 3.0732084 2.6739588 0.0000000 
