14
Q2LV38_SYNAS_13_193 0.0000000 1.0533562 1.1128154 1.1227377 1.0060352 1.2522815 1.2489740 0.9946013 1.4240823 1.0268454 1.3610148 1.2858223 1.0908906 1.5884915 
Q9WZY7_THEMA_3_183  1.0533562 0.0000000 1.0016787 1.1235287 1.1563040 0.9656468 1.3310229 1.3610013 1.3780623 1.1110365 1.2036822 0.9950710 1.1758595 1.3847919 
Q2RFJ3_MOOTA_4_182  1.1128154 1.0016787 0.0000000 0.5773415 0.7359516 0.8787902 1.0871476 1.0896897 1.4295191 1.1117131 1.0996125 1.2860490 1.2249920 1.5684950 
Q2CYH5_9FIRM_3_180  1.1227377 1.1235287 0.5773415 0.0000000 0.7694472 0.8317600 1.2603766 1.1916512 1.7851483 1.0933946 1.0422023 1.2357215 1.2289965 1.3509937 
Q3AD73_CARHZ_4_185  1.0060352 1.1563040 0.7359516 0.7694472 0.0000000 0.7571667 1.2214366 1.2108626 1.4433152 1.0354098 1.1011448 1.2175381 1.2190682 1.0753849 
Q895C7_CLOTE_12_189 1.2522815 0.9656468 0.8787902 0.8317600 0.7571667 0.0000000 1.1009873 1.0618424 1.5505108 0.9390548 0.8736103 0.9984861 0.9785538 1.1684821 
Q41K13_METBU_7_191  1.2489740 1.3310229 1.0871476 1.2603766 1.2214366 1.1009873 0.0000000 0.4610869 1.1447379 1.0044961 0.9537655 0.9623855 1.2257642 1.5873282 
Q8PXW6_METMA_7_191  0.9946013 1.3610013 1.0896897 1.1916512 1.2108626 1.0618424 0.4610869 0.0000000 1.1446450 0.8347468 0.8928379 1.1545217 1.1058798 1.6349280 
Q2FTV3_METHJ_10_194 1.4240823 1.3780623 1.4295191 1.7851483 1.4433152 1.5505108 1.1447379 1.1446450 0.0000000 1.2637812 0.9995958 1.3384549 1.2268771 1.5872005 
O27711_METTH_7_185  1.0268454 1.1110365 1.1117131 1.0933946 1.0354098 0.9390548 1.0044961 0.8347468 1.2637812 0.0000000 0.8485433 0.8734991 0.8952646 1.3799164 
O30133_ARCFU_7_186  1.3610148 1.2036822 1.0996125 1.0422023 1.1011448 0.8736103 0.9537655 0.8928379 0.9995958 0.8485433 0.0000000 0.5798453 0.7028808 1.3655551 
Y504_METJA_3_186    1.2858223 0.9950710 1.2860490 1.2357215 1.2175381 0.9984861 0.9623855 1.1545217 1.3384549 0.8734991 0.5798453 0.0000000 0.4432470 1.3424434 
Q6LYT3_METMP_10_192 1.0908906 1.1758595 1.2249920 1.2289965 1.2190682 0.9785538 1.2257642 1.1058798 1.2268771 0.8952646 0.7028808 0.4432470 0.0000000 1.6065323 
Q1PV72_9BACT_8_188  1.5884915 1.3847919 1.5684950 1.3509937 1.0753849 1.1684821 1.5873282 1.6349280 1.5872005 1.3799164 1.3655551 1.3424434 1.6065323 0.0000000 
