8
DVL2_HUMAN_11_93     0.0000000 0.1626734 0.2065197 0.1935050 0.2906417 1.1309678 1.6836241 1.6448704 
DVL2_XENLA_1_82      0.1626734 0.0000000 0.3313445 0.3210065 0.3961216 1.2352997 2.0343638 1.7747052 
DVL3_HUMAN_1_82      0.2065197 0.3313445 0.0000000 0.1489429 0.3342121 1.2644329 1.8994202 1.5359124 
DVL1L_HUMAN_1_85     0.1935050 0.3210065 0.1489429 0.0000000 0.3377118 1.3287714 1.8331727 1.7769978 
DSH_DROME_8_91       0.2906417 0.3961216 0.3342121 0.3377118 0.0000000 1.1969952 1.6024367 1.7002158 
Q18239_CAEEL_101_184 1.1309678 1.2352997 1.2644329 1.3287714 1.1969952 0.0000000 1.3735267 3.4383030 
Q22227_CAEEL_9_92    1.6836241 2.0343638 1.8994202 1.8331727 1.6024367 1.3735267 0.0000000 2.9329460 
AXN1_HUMAN_780_862   1.6448704 1.7747052 1.5359124 1.7769978 1.7002158 3.4383030 2.9329460 0.0000000 
