18
Q7KWP1_DICDI_510_652 0.0000000 3.9271903 3.4268397 3.1450671 3.6711342 3.6268966 2.9734462 2.9813047 3.7492943 1.8843816 2.0238751 2.0066437 2.1584077 2.1453907 2.0340604 1.8972729 2.6657667 2.7047450 
Q9FNY3_ARATH_140_282 3.9271903 0.0000000 1.0342305 1.0444620 1.0235221 0.8797005 1.8549805 1.7522155 1.3692200 2.8161223 2.3708650 2.7072691 2.5499946 2.9038919 2.1829884 2.5509245 3.0804516 3.0794252 
Q84VD5_ORYSA_187_345 3.4268397 1.0342305 0.0000000 0.1406693 0.2115959 0.2008457 1.4046485 1.2764104 1.3384124 2.1020188 1.6184141 1.7390026 1.7294060 2.1562397 1.7914044 1.6719591 2.4657338 2.3197519 
Q84VA0_ORYSA_215_359 3.1450671 1.0444620 0.1406693 0.0000000 0.2467581 0.2365151 1.4397704 1.4294376 1.2677769 2.0252584 1.6837028 1.7415297 1.7905161 2.1734615 1.8866241 1.5985762 2.5038924 2.3500168 
Q8LDG3_ARATH_189_345 3.6711342 1.0235221 0.2115959 0.2467581 0.0000000 0.1241736 1.4175801 1.2201299 1.3093885 2.1265283 1.5552194 1.6656704 1.7193678 1.9762447 1.7189457 1.5950560 2.6550979 2.4860494 
Q7XZI4_9ROSI_189_331 3.6268966 0.8797005 0.2008457 0.2365151 0.1241736 0.0000000 1.3980471 1.1959609 1.1402693 2.0534359 1.5307879 1.5287038 1.6425362 1.9206398 1.7177643 1.6756516 2.6355137 2.4983409 
Q84VF4_ORYSA_181_288 2.9734462 1.8549805 1.4046485 1.4397704 1.4175801 1.3980471 0.0000000 0.2901927 1.6753265 2.6432308 2.3041598 2.3027112 2.1480045 2.5315629 1.9264223 2.4515908 2.3282631 2.3986981 
Q9FET1_9POAL_147_255 2.9813047 1.7522155 1.2764104 1.4294376 1.2201299 1.1959609 0.2901927 0.0000000 1.9898555 2.4921562 2.4543776 2.3574454 2.3762872 2.4481319 2.1124122 2.4603049 2.5404363 2.4874305 
Q5SCA9_OSTTA_183_333 3.7492943 1.3692200 1.3384124 1.2677769 1.3093885 1.1402693 1.6753265 1.9898555 0.0000000 1.9579905 1.6574976 1.6515102 1.6259943 2.2380210 1.7299280 1.9163264 2.4464148 2.3819909 
Q9GT27_BRUMA_190_334 1.8843816 2.8161223 2.1020188 2.0252584 2.1265283 2.0534359 2.6432308 2.4921562 1.9579905 0.0000000 0.5860526 0.5954429 0.6653399 0.9146921 0.6307527 0.6762677 0.8410239 0.6986052 
Q6PBR6_BRARE_198_343 2.0238751 2.3708650 1.6184141 1.6837028 1.5552194 1.5307879 2.3041598 2.4543776 1.6574976 0.5860526 0.0000000 0.2163889 0.3002669 0.3830230 0.3566459 0.3668759 0.9130805 0.8611125 
TDP1_MOUSE_200_345   2.0066437 2.7072691 1.7390026 1.7415297 1.6656704 1.5287038 2.3027112 2.3574454 1.6515102 0.5954429 0.2163889 0.0000000 0.1796973 0.3182123 0.2758086 0.3179303 0.8249295 0.8073820 
TDP2_HUMAN_215_360   2.1584077 2.5499946 1.7294060 1.7905161 1.7193678 1.6425362 2.1480045 2.3762872 1.6259943 0.6653399 0.3002669 0.1796973 0.0000000 0.5163325 0.2681130 0.3120962 0.7836053 0.7265297 
Q5H9I0_HUMAN_195_340 2.1453907 2.9038919 2.1562397 2.1734615 1.9762447 1.9206398 2.5315629 2.4481319 2.2380210 0.9146921 0.3830230 0.3182123 0.5163325 0.0000000 0.5295730 0.6107936 1.2250422 1.1941297 
Q503K2_BRARE_222_367 2.0340604 2.1829884 1.7914044 1.8866241 1.7189457 1.7177643 1.9264223 2.1124122 1.7299280 0.6307527 0.3566459 0.2758086 0.2681130 0.5295730 0.0000000 0.4126066 0.7800883 0.8438087 
Q4H3P6_CIOIN_319_463 1.8972729 2.5509245 1.6719591 1.5985762 1.5950560 1.6756516 2.4515908 2.4603049 1.9163264 0.6762677 0.3668759 0.3179303 0.3120962 0.6107936 0.4126066 0.0000000 0.9891529 0.9383098 
TDP1_CAEEL_159_302   2.6657667 3.0804516 2.4657338 2.5038924 2.6550979 2.6355137 2.3282631 2.5404363 2.4464148 0.8410239 0.9130805 0.8249295 0.7836053 1.2250422 0.7800883 0.9891529 0.0000000 0.1398250 
Q626L2_CAEBR_140_294 2.7047450 3.0794252 2.3197519 2.3500168 2.4860494 2.4983409 2.3986981 2.4874305 2.3819909 0.6986052 0.8611125 0.8073820 0.7265297 1.1941297 0.8438087 0.9383098 0.1398250 0.0000000 
