12
P74720_SYNY3_1_162  0.0000000 0.5474306 0.7020674 0.7230682 0.9750610 0.7185386 0.8004776 0.6733899 0.7845944 0.7569965 1.6096100 1.7450193 
Q8DID5_SYNEL_1_162  0.5474306 0.0000000 0.8709673 0.8077563 0.8953748 0.7812069 0.9338137 0.8927398 1.0420642 1.0939706 1.5937539 1.6717018 
Q8UG12_AGRT5_1_170  0.7020674 0.8709673 0.0000000 0.2189218 1.2656474 1.0613684 0.9705079 1.1689915 1.0362992 1.0384471 1.5788603 1.5835332 
Q92SF7_RHIME_1_170  0.7230682 0.8077563 0.2189218 0.0000000 1.2187310 1.1115234 1.1352886 1.0305945 0.9845292 1.0480280 1.5054341 1.5634251 
Q8TN51_METAC_14_175 0.9750610 0.8953748 1.2656474 1.2187310 0.0000000 0.2833262 1.1014927 1.2344670 1.4047476 1.4080751 1.3621606 1.4205472 
Q8TMM9_METAC_8_169  0.7185386 0.7812069 1.0613684 1.1115234 0.2833262 0.0000000 0.9424109 1.1390875 1.3703422 1.3151035 1.2626892 1.3170718 
Q8FWV7_BRUSU_1_162  0.8004776 0.9338137 0.9705079 1.1352886 1.1014927 0.9424109 0.0000000 0.6467601 0.6140876 0.6704991 1.7796473 1.8697480 
Q92YG4_RHIME_41_202 0.6733899 0.8927398 1.1689915 1.0305945 1.2344670 1.1390875 0.6467601 0.0000000 0.3863284 0.4591391 1.9100912 1.9019104 
Q988I8_RHILO_1_162  0.7845944 1.0420642 1.0362992 0.9845292 1.4047476 1.3703422 0.6140876 0.3863284 0.0000000 0.3159598 1.8347657 1.8164557 
Q89DW6_BRAJA_1_162  0.7569965 1.0939706 1.0384471 1.0480280 1.4080751 1.3151035 0.6704991 0.4591391 0.3159598 0.0000000 2.0593548 1.9487127 
Q8PTG4_METMA_1_161  1.6096100 1.5937539 1.5788603 1.5054341 1.3621606 1.2626892 1.7796473 1.9100912 1.8347657 2.0593548 0.0000000 0.3129240 
Q8TML3_METAC_3_165  1.7450193 1.6717018 1.5835332 1.5634251 1.4205472 1.3170718 1.8697480 1.9019104 1.8164557 1.9487127 0.3129240 0.0000000 
