13
Q9K5N4_BACHD_15_179 0.0000000 0.6446321 0.7649318 0.7244556 0.8485075 0.7695273 0.8204933 1.1814502 1.3921900 1.5097019 1.1645589 1.6483409 2.6977499 
YYAC_BACSU_17_181   0.6446321 0.0000000 0.8040408 0.8573485 0.8949558 0.7004271 0.7964620 1.0816082 1.3112087 1.3037066 1.4525319 1.5676007 2.9011735 
Q8XH36_CLOPE_6_172  0.7649318 0.8040408 0.0000000 0.6021441 0.6449993 0.8371176 0.8339877 1.5321305 1.8296735 1.8537789 1.4705694 1.8624066 2.9693233 
Q899R5_CLOTE_6_172  0.7244556 0.8573485 0.6021441 0.0000000 0.6693018 0.6665334 0.9394074 1.4281256 1.4693285 1.7002721 1.2447907 1.5807325 2.7690855 
Q97CW9_CLOAB_6_171  0.8485075 0.8949558 0.6449993 0.6693018 0.0000000 0.8459794 0.9582734 1.3274935 1.3942534 1.5380171 1.2587605 1.4974951 2.7514365 
Q8R6L8_THETN_3_170  0.7695273 0.7004271 0.8371176 0.6665334 0.8459794 0.0000000 1.0678500 1.5093221 1.4848402 1.5477415 1.3549459 1.6312076 3.4032884 
Q8EKU9_OCEIH_15_178 0.8204933 0.7964620 0.8339877 0.9394074 0.9582734 1.0678500 0.0000000 1.3248822 1.4918009 1.6643094 1.4851206 1.9336406 3.0446270 
Q97F84_CLOAB_5_164  1.1814502 1.0816082 1.5321305 1.4281256 1.3274935 1.5093221 1.3248822 0.0000000 0.5469355 0.6794839 0.9721152 1.6999825 2.4475837 
Q8XIE2_CLOPE_5_164  1.3921900 1.3112087 1.8296735 1.4693285 1.3942534 1.4848402 1.4918009 0.5469355 0.0000000 0.6687884 1.0445413 1.8349820 2.6868961 
Q898W9_CLOTE_5_163  1.5097019 1.3037066 1.8537789 1.7002721 1.5380171 1.5477415 1.6643094 0.6794839 0.6687884 0.0000000 1.1678812 1.8776738 2.9087418 
Q8RCE8_THETN_5_162  1.1645589 1.4525319 1.4705694 1.2447907 1.2587605 1.3549459 1.4851206 0.9721152 1.0445413 1.1678812 0.0000000 2.0827178 2.6516055 
Q97HP9_CLOAB_17_181 1.6483409 1.5676007 1.8624066 1.5807325 1.4974951 1.6312076 1.9336406 1.6999825 1.8349820 1.8776738 2.0827178 0.0000000 2.2939263 
Q97HQ0_CLOAB_4_165  2.6977499 2.9011735 2.9693233 2.7690855 2.7514365 3.4032884 3.0446270 2.4475837 2.6868961 2.9087418 2.6516055 2.2939263 0.0000000 
