6
O62084_CAEEL_20_330 0.0000000 0.5427381 1.9439076 1.7732901 1.6909600 1.8402190 
YL4M_CAEEL_37_348   0.5427381 0.0000000 2.1643504 2.0297418 1.9122071 2.0386104 
O16919_CAEEL_29_324 1.9439076 2.1643504 0.0000000 0.7012266 0.6478875 0.7031856 
Q9N4E2_CAEEL_3_299  1.7732901 2.0297418 0.7012266 0.0000000 0.3540856 0.6325754 
Q9N4E1_CAEEL_11_307 1.6909600 1.9122071 0.6478875 0.3540856 0.0000000 0.5930601 
Q9N4E0_CAEEL_15_310 1.8402190 2.0386104 0.7031856 0.6325754 0.5930601 0.0000000 
