6
Q8FF60_ECOL6_2_71 0.0000000 0.3297103 0.7212108 0.9520943 2.4588654 2.5120325 
Q8ZN54_SALTY_2_71 0.3297103 0.0000000 0.6359971 0.6893032 2.4997431 2.7564776 
YFGJ_ECOLI_14_83  0.7212108 0.6359971 0.0000000 0.9154641 3.0840145 3.6626885 
Q8ZCU1_YERPE_2_71 0.9520943 0.6893032 0.9154641 0.0000000 2.3618270 2.6804915 
Q87S10_VIBPA_3_71 2.4588654 2.4997431 3.0840145 2.3618270 0.0000000 0.3745868 
Q9KTW5_VIBCH_2_70 2.5120325 2.7564776 3.6626885 2.6804915 0.3745868 0.0000000 
