6
Q7NFQ7_GLOVI_54_173 0.0000000 1.0052515 0.9122402 1.1594609 1.1550137 2.3971661 
Q8UH31_AGRT5_43_162 1.0052515 0.0000000 0.9753328 1.1957663 1.3993418 2.4882981 
Q92M21_RHIME_37_156 0.9122402 0.9753328 0.0000000 1.1529051 1.6164562 2.5539114 
Q7UYI9_RHOBA_38_157 1.1594609 1.1957663 1.1529051 0.0000000 1.3879271 2.3429413 
Q7UIZ7_RHOBA_65_184 1.1550137 1.3993418 1.6164562 1.3879271 0.0000000 1.8640332 
Q7ULQ1_RHOBA_10_126 2.3971661 2.4882981 2.5539114 2.3429413 1.8640332 0.0000000 
