10
Q9PQ08_UREPA_680_841 0.0000000 1.5162859 2.0751654 2.4495209 2.6598961 1.9526813 2.2291799 2.7794693 2.4431502 2.3126423 
Q9PQ11_UREPA_330_491 1.5162859 0.0000000 1.4080275 2.6369636 2.6032831 2.5356957 2.3530295 2.4891281 2.1919912 1.8562815 
Q9PQ08_UREPA_471_626 2.0751654 1.4080275 0.0000000 1.9698387 2.0861411 1.6044703 1.6152135 1.8522208 1.5407103 2.0934992 
Q9PPZ4_UREPA_462_619 2.4495209 2.6369636 1.9698387 0.0000000 2.9478029 2.3790460 1.6277685 2.8968985 2.2252727 2.4358740 
Q9PQ11_UREPA_133_291 2.6598961 2.6032831 2.0861411 2.9478029 0.0000000 0.9493325 1.3756830 2.0557633 1.8672774 1.8647020 
Q9PQ08_UREPA_277_432 1.9526813 2.5356957 1.6044703 2.3790460 0.9493325 0.0000000 0.9271204 1.7007486 2.3256253 2.1443940 
Q9PQ16_UREPA_86_241  2.2291799 2.3530295 1.6152135 1.6277685 1.3756830 0.9271204 0.0000000 2.4148178 2.2240915 2.0767444 
Q9PPZ4_UREPA_78_234  2.7794693 2.4891281 1.8522208 2.8968985 2.0557633 1.7007486 2.4148178 0.0000000 1.7170203 1.7986548 
Q9PQ08_UREPA_88_245  2.4431502 2.1919912 1.5407103 2.2252727 1.8672774 2.3256253 2.2240915 1.7170203 0.0000000 1.8669193 
Q9PPZ4_UREPA_265_422 2.3126423 1.8562815 2.0934992 2.4358740 1.8647020 2.1443940 2.0767444 1.7986548 1.8669193 0.0000000 
