7
Q6CUM3_KLULA_106_809 0.0000000 1.4553059 1.7053930 1.4783517 3.1055285 3.4449626 3.6555806 
Q759E8_ASHGO_127_910 1.4553059 0.0000000 1.0413649 1.0364782 2.1839940 2.3874526 2.2608541 
Q6FWJ3_CANGA_108_872 1.7053930 1.0413649 0.0000000 0.8196776 2.4545868 2.7937755 2.8644536 
CRT10_YEAST_125_948  1.4783517 1.0364782 0.8196776 0.0000000 1.8880612 2.1410836 2.4890324 
Q5ABZ8_CANAL_146_733 3.1055285 2.1839940 2.4545868 1.8880612 0.0000000 0.5608769 2.2672009 
Q6BNR5_DEBHA_282_906 3.4449626 2.3874526 2.7937755 2.1410836 0.5608769 0.0000000 2.1022891 
Q6CAP7_YARLI_67_714  3.6555806 2.2608541 2.8644536 2.4890324 2.2672009 2.1022891 0.0000000 
