18
Q93551_CAEEL_54_142  0.0000000 2.1684139 1.8266901 2.1391593 2.4582524 2.2847994 2.2091663 2.4962960 3.3108478 3.5053138 2.9180910 3.3154384 2.8849699 2.5411650 3.9908007 3.6708086 2.2837287 1.9715028 
Q21881_CAEEL_86_174  2.1684139 0.0000000 0.3127345 0.9864734 0.8080232 1.0865291 1.1622801 1.1035735 1.4170176 1.2960895 1.6435636 1.7117474 1.1232967 0.9314199 1.7248521 1.5836786 1.4173271 1.0612783 
O16534_CAEEL_84_172  1.8266901 0.3127345 0.0000000 0.8772170 0.7263886 1.0622417 1.1249940 0.8890456 1.1482277 1.1500235 1.4222664 1.3234703 0.9474193 0.8445236 1.4938022 1.2584193 1.5206179 0.9277428 
O02318_CAEEL_129_215 2.1391593 0.9864734 0.8772170 0.0000000 0.2356464 1.0523782 1.4234333 1.5406068 1.5250752 1.8812637 1.7747555 1.7954350 1.4355718 1.3557022 1.5959723 1.7186409 1.3505300 1.1341281 
O16907_CAEEL_125_211 2.4582524 0.8080232 0.7263886 0.2356464 0.0000000 1.0626796 1.2430159 1.3278391 1.3071570 1.4273352 1.5047607 1.4790844 1.1591939 1.1277609 1.5607075 1.4240586 1.4935853 1.0557697 
Q21880_CAEEL_145_234 2.2847994 1.0865291 1.0622417 1.0523782 1.0626796 0.0000000 1.1666634 1.5449505 1.9309303 1.9475180 1.9206191 1.9889591 1.5163721 1.3450901 1.6912522 1.8903402 1.5362080 1.2533100 
Q19652_CAEEL_75_162  2.2091663 1.1622801 1.1249940 1.4234333 1.2430159 1.1666634 0.0000000 1.4079298 1.4394341 1.4536598 1.7160538 1.2690959 1.4649412 1.2192194 1.7808645 1.4959862 1.7261413 1.6907756 
Q21100_CAEEL_60_148  2.4962960 1.1035735 0.8890456 1.5406068 1.3278391 1.5449505 1.4079298 0.0000000 0.2874390 0.4308915 0.4007737 0.5246896 0.4550702 0.5388367 0.5928743 0.4129770 1.7373907 1.6078592 
O16235_CAEEL_102_190 3.3108478 1.4170176 1.1482277 1.5250752 1.3071570 1.9309303 1.4394341 0.2874390 0.0000000 0.4260417 0.3975089 0.5138424 0.4435919 0.6282281 0.6544641 0.4104711 2.3067928 1.7231110 
Q21090_CAEEL_100_188 3.5053138 1.2960895 1.1500235 1.8812637 1.4273352 1.9475180 1.4536598 0.4308915 0.4260417 0.0000000 0.5466444 0.6650206 0.4935624 0.5792581 0.6278712 0.5561939 1.6790489 1.7292743 
O16874_CAEEL_65_154  2.9180910 1.6435636 1.4222664 1.7747555 1.5047607 1.9206191 1.7160538 0.4007737 0.3975089 0.5466444 0.0000000 0.2539200 0.6420156 0.7197661 0.7214490 0.4813371 1.7933385 1.6656432 
O16233_CAEEL_63_152  3.3154384 1.7117474 1.3234703 1.7954350 1.4790844 1.9889591 1.2690959 0.5246896 0.5138424 0.6650206 0.2539200 0.0000000 0.6066742 0.7098344 0.7756119 0.6173639 1.7425917 1.4962795 
Q20582_CAEEL_105_193 2.8849699 1.1232967 0.9474193 1.4355718 1.1591939 1.5163721 1.4649412 0.4550702 0.4435919 0.4935624 0.6420156 0.6066742 0.0000000 0.2594090 0.5233364 0.4878301 1.8336416 1.3081138 
Q20580_CAEEL_105_193 2.5411650 0.9314199 0.8445236 1.3557022 1.1277609 1.3450901 1.2192194 0.5388367 0.6282281 0.5792581 0.7197661 0.7098344 0.2594090 0.0000000 0.6029665 0.6493321 1.7339374 1.4479837 
Q18417_CAEEL_80_169  3.9908007 1.7248521 1.4938022 1.5959723 1.5607075 1.6912522 1.7808645 0.5928743 0.6544641 0.6278712 0.7214490 0.7756119 0.5233364 0.6029665 0.0000000 0.5068549 2.0686600 1.6063614 
O17743_CAEEL_113_202 3.6708086 1.5836786 1.2584193 1.7186409 1.4240586 1.8903402 1.4959862 0.4129770 0.4104711 0.5561939 0.4813371 0.6173639 0.4878301 0.6493321 0.5068549 0.0000000 2.5167835 1.4661325 
O01453_CAEEL_95_186  2.2837287 1.4173271 1.5206179 1.3505300 1.4935853 1.5362080 1.7261413 1.7373907 2.3067928 1.6790489 1.7933385 1.7425917 1.8336416 1.7339374 2.0686600 2.5167835 0.0000000 1.1488493 
Q20517_CAEEL_103_194 1.9715028 1.0612783 0.9277428 1.1341281 1.0557697 1.2533100 1.6907756 1.6078592 1.7231110 1.7292743 1.6656432 1.4962795 1.3081138 1.4479837 1.6063614 1.4661325 1.1488493 0.0000000 
