11
Q9TXY5_CAEEL_58_212 0.0000000 0.6454792 0.5657916 1.8018173 1.3872595 1.5259810 1.8071121 1.3678752 1.2972675 1.3975043 1.6861432 
O17576_CAEEL_64_220 0.6454792 0.0000000 0.3340004 1.9311295 1.4835992 1.5442383 1.9371074 1.4717978 1.2002079 1.3769565 2.0967730 
Q9N4X7_CAEEL_68_224 0.5657916 0.3340004 0.0000000 1.8446142 1.3401820 1.4437595 1.8218059 1.3865581 1.1265041 1.3648267 1.8956933 
Q9XXL4_CAEEL_55_206 1.8018173 1.9311295 1.8446142 0.0000000 1.1061296 1.1228896 1.3498352 1.5085197 1.5295704 1.5592113 2.1180912 
O45513_CAEEL_35_191 1.3872595 1.4835992 1.3401820 1.1061296 0.0000000 0.4963516 0.6600762 1.1566815 1.1678242 1.1354597 2.0135256 
Q9XU71_CAEEL_33_189 1.5259810 1.5442383 1.4437595 1.1228896 0.4963516 0.0000000 0.3712961 1.3026559 1.3915956 1.1859800 2.0204503 
O02339_CAEEL_77_233 1.8071121 1.9371074 1.8218059 1.3498352 0.6600762 0.3712961 0.0000000 1.4665738 1.5458173 1.4064575 1.9111614 
O17853_CAEEL_51_201 1.3678752 1.4717978 1.3865581 1.5085197 1.1566815 1.3026559 1.4665738 0.0000000 0.7546675 0.9839169 1.8068353 
Q22899_CAEEL_83_239 1.2972675 1.2002079 1.1265041 1.5295704 1.1678242 1.3915956 1.5458173 0.7546675 0.0000000 0.5829863 1.7780799 
O16719_CAEEL_61_217 1.3975043 1.3769565 1.3648267 1.5592113 1.1354597 1.1859800 1.4064575 0.9839169 0.5829863 0.0000000 1.8709527 
Q9XV45_CAEEL_61_211 1.6861432 2.0967730 1.8956933 2.1180912 2.0135256 2.0204503 1.9111614 1.8068353 1.7780799 1.8709527 0.0000000 
