7
Q8XIU2_CLOPE_5_91 0.0000000 1.4421582 1.6273667 2.2084865 1.9751812 2.0371917 2.2598898 
Q97JJ0_CLOAB_6_94 1.4421582 0.0000000 1.5217729 2.1009324 1.8784262 1.8252114 2.3441289 
Q8RB56_THETN_2_88 1.6273667 1.5217729 0.0000000 1.7748044 1.5294614 1.6109554 2.0192573 
Q9KD60_BACHD_5_91 2.2084865 2.1009324 1.7748044 0.0000000 0.4023008 0.5072489 0.7949521 
Q9ZEF7_BACME_6_92 1.9751812 1.8784262 1.5294614 0.4023008 0.0000000 0.5265862 1.0281827 
YQFC_BACSU_5_91   2.0371917 1.8252114 1.6109554 0.5072489 0.5265862 0.0000000 1.0189584 
Q8EPX4_OCEIH_5_91 2.2598898 2.3441289 2.0192573 0.7949521 1.0281827 1.0189584 0.0000000 
