9
Q9ZH90_BORBU_2_174 0.0000000 0.2679378 0.3632403 0.4709107 0.7327219 0.9146660 1.1614652 1.2558392 1.3598266 
O52612_BORBU_2_174 0.2679378 0.0000000 0.3050060 0.5676289 0.6997010 0.9127491 1.2123937 1.2077447 1.3416623 
DBPA_BORBU_2_171   0.3632403 0.3050060 0.0000000 0.5865568 0.6631959 0.9005369 1.1047577 1.1070075 1.3561950 
Q9ZGH9_BORGA_2_168 0.4709107 0.5676289 0.5865568 0.0000000 0.4637524 0.9100869 1.1065741 1.2039702 1.2238722 
Q9ZH92_BORAF_2_167 0.7327219 0.6997010 0.6631959 0.4637524 0.0000000 1.0279627 0.7992212 0.8874036 1.5078189 
Q9ZH83_BORGA_2_170 0.9146660 0.9127491 0.9005369 0.9100869 1.0279627 0.0000000 0.9636211 0.9648179 1.4562442 
Q9ZH85_BORGA_2_164 1.1614652 1.2123937 1.1047577 1.1065741 0.7992212 0.9636211 0.0000000 0.2504213 1.7027061 
Q9ZH84_BORGA_2_164 1.2558392 1.2077447 1.1070075 1.2039702 0.8874036 0.9648179 0.2504213 0.0000000 1.5661453 
O06877_BORBU_1_170 1.3598266 1.3416623 1.3561950 1.2238722 1.5078189 1.4562442 1.7027061 1.5661453 0.0000000 
