6
Q8TKL1_METAC_20_233 0.0000000 1.2214785 1.4670415 1.6221601 1.5048295 2.5540535 
Q8PYY7_METMA_6_215  1.2214785 0.0000000 1.1131128 1.5687656 1.5798276 2.1824150 
Q8TH36_METAC_30_238 1.4670415 1.1131128 0.0000000 1.4523689 1.4918625 1.8323030 
Q8TKL2_METAC_27_244 1.6221601 1.5687656 1.4523689 0.0000000 1.2402446 1.6520715 
Q8TH52_METAC_26_244 1.5048295 1.5798276 1.4918625 1.2402446 0.0000000 1.6356505 
Q8PYY6_METMA_26_245 2.5540535 2.1824150 1.8323030 1.6520715 1.6356505 0.0000000 
