9
Q8C1B0_MOUSE_9_310  0.0000000 0.9201114 1.3745581 1.5267277 1.3566343 1.2388803 1.6084992 1.4750021 1.5568483 
Q8NEG4_HUMAN_9_298  0.9201114 0.0000000 1.3647306 1.2508620 1.5167565 1.2544079 1.5074317 1.4240216 1.5916690 
Q6P457_HUMAN_13_302 1.3745581 1.3647306 0.0000000 1.2989485 1.3163513 1.3038653 1.5265278 1.4846073 1.3422003 
Q9NXK1_HUMAN_9_291  1.5267277 1.2508620 1.2989485 0.0000000 1.4997542 1.5845120 1.7501530 1.8036900 1.3246008 
Q8BZF6_MOUSE_4_284  1.3566343 1.5167565 1.3163513 1.4997542 0.0000000 0.8831472 1.4196419 1.2885039 1.2883264 
Q96DQ2_HUMAN_7_283  1.2388803 1.2544079 1.3038653 1.5845120 0.8831472 0.0000000 1.5372788 1.3825176 1.3015577 
Q6PF42_XENLA_14_294 1.6084992 1.5074317 1.5265278 1.7501530 1.4196419 1.5372788 0.0000000 0.4246936 1.2802315 
Q71HL2_HUMAN_14_296 1.4750021 1.4240216 1.4846073 1.8036900 1.2885039 1.3825176 0.4246936 0.0000000 1.0658110 
CT128_HUMAN_9_293   1.5568483 1.5916690 1.3422003 1.3246008 1.2883264 1.3015577 1.2802315 1.0658110 0.0000000 
