10
Q1VB23_VIBAL_9_125  0.0000000 2.1349342 2.8817170 2.3030588 2.6313088 1.7149888 1.5387706 1.5140983 1.5830413 2.9238084 
Q2T379_BURTA_4_117  2.1349342 0.0000000 1.1473240 1.2072985 1.2233288 1.7480288 1.5333629 2.0888614 1.5991272 2.1371055 
Q8XYN1_RALSO_4_117  2.8817170 1.1473240 0.0000000 0.7401488 0.4005010 0.9919609 1.1418578 1.3004546 1.4724903 1.7080410 
Q3KDR0_PSEPF_3_115  2.3030588 1.2072985 0.7401488 0.0000000 0.4424626 1.1163959 1.5411555 1.6400175 1.1707368 2.5396453 
Q4KES3_PSEF5_3_116  2.6313088 1.2233288 0.4005010 0.4424626 0.0000000 0.9744979 1.3774002 1.4003554 1.4198047 1.9440487 
Q8XYN2_RALSO_7_120  1.7149888 1.7480288 0.9919609 1.1163959 0.9744979 0.0000000 0.6184849 0.6084798 0.7256862 1.9853344 
Q4KES2_PSEF5_9_122  1.5387706 1.5333629 1.1418578 1.5411555 1.3774002 0.6184849 0.0000000 0.5014569 0.7767477 2.1235455 
Q3KDQ9_PSEPF_8_121  1.5140983 2.0888614 1.3004546 1.6400175 1.4003554 0.6084798 0.5014569 0.0000000 0.9680688 1.9588174 
Q2T378_BURTA_7_124  1.5830413 1.5991272 1.4724903 1.1707368 1.4198047 0.7256862 0.7767477 0.9680688 0.0000000 2.0778795 
Q7NZQ3_CHRVO_10_123 2.9238084 2.1371055 1.7080410 2.5396453 1.9440487 1.9853344 2.1235455 1.9588174 2.0778795 0.0000000 
