7
Y2176_SHEON_1_69 0.0000000 0.8049434 1.0634784 1.1902910 1.1187317 1.0952445 1.0873430 
YEJL_ECOLI_1_69  0.8049434 0.0000000 0.2579002 0.8654701 0.8313531 0.8118742 1.0387340 
Y1261_YERPE_1_69 1.0634784 0.2579002 0.0000000 0.9556543 0.8037716 0.8009943 1.0536793 
Y2129_VIBPA_1_69 1.1902910 0.8654701 0.9556543 0.0000000 0.2939865 1.3318225 1.7438613 
Y2040_VIBCH_1_69 1.1187317 0.8313531 0.8037716 0.2939865 0.0000000 1.3171983 1.5688767 
Y1884_PASMU_1_69 1.0952445 0.8118742 0.8009943 1.3318225 1.3171983 0.0000000 0.5710360 
Y840_HAEIN_1_69  1.0873430 1.0387340 1.0536793 1.7438613 1.5688767 0.5710360 0.0000000 
