7
Q8Y357_RALSO_6_119  0.0000000 1.2407763 1.2968209 2.0564719 1.7878177 2.1163294 1.8343318 
Q8ZL23_SALTY_1_114  1.2407763 0.0000000 0.4463818 1.9874063 1.7333544 1.8234550 1.6612089 
Q8XC47_ECO57_1_112  1.2968209 0.4463818 0.0000000 2.1582235 1.8166357 1.8840392 1.9068555 
Q8X3N0_ECO57_1_125  2.0564719 1.9874063 2.1582235 0.0000000 1.7261996 1.3348728 1.6892826 
Q9JW34_NEIMA_1_121  1.7878177 1.7333544 1.8166357 1.7261996 0.0000000 0.9929373 1.5905296 
Q92MY0_RHIME_3_123  2.1163294 1.8234550 1.8840392 1.3348728 0.9929373 0.0000000 1.5412539 
Q45858_COXBU_31_151 1.8343318 1.6612089 1.9068555 1.6892826 1.5905296 1.5412539 0.0000000 
