66
Q7QG81_ANOGA_1150_1578 0.0000000 0.0000010 3.8007480 4.3933795 4.3004540 4.0204913 3.7225032 3.5508654 4.0224310 3.8711319 3.7854090 3.6165929 3.5729868 3.8459527 3.5705248 3.8437024 4.0149564 4.4689073 3.7907119 4.7050329 3.8068373 3.8977231 4.6164741 4.1395799 4.1395799 3.4430035 4.0685383 3.9907524 3.9500918 3.8989407 4.7326442 4.1582027 5.2590726 4.3830373 5.3509094 4.5884328 6.7328530 4.6321915 3.7309528 5.1731945 5.2017302 5.5803479 4.7221835 4.0636859 4.9675640 3.7135254 4.5090023 4.8498475 5.1306995 4.1339976 4.6048031 4.0473467 4.5239480 3.8892076 3.9614222 4.8849980 4.2583027 7.1131303 4.8444970 5.1241009 5.6974402 4.9828866 5.0853580 5.1661889 6.8659602 6.1364682 
Q7QG82_ANOGA_416_821   0.0000010 0.0000000 3.8007480 4.3933795 4.3004540 4.0204913 3.7225032 3.5508654 4.0224310 3.8711319 3.7854090 3.6165929 3.5729868 3.8459527 3.5705248 3.8437024 4.0149564 4.4689073 3.7907119 4.7050329 3.8068373 3.8977231 4.6164741 4.1395799 4.1395799 3.4430035 4.0685383 3.9907524 3.9500918 3.8989407 4.7326442 4.1582027 5.2590726 4.3830373 5.3509094 4.5884328 6.7328530 4.6321915 3.7309528 5.1731945 5.2017302 5.5803479 4.7221835 4.0636859 4.9675640 3.7135254 4.5090023 4.8498475 5.1306995 4.1339976 4.6048031 4.0473467 4.5239480 3.8892076 3.9614222 4.8849980 4.2583027 7.1131303 4.8444970 5.1241009 5.6974402 4.9828866 5.0853580 5.1661889 6.8659602 6.1364682 
P90736_CAEEL_608_1015  3.8007480 3.8007480 0.0000000 4.6274416 3.3645084 2.9817984 2.8265715 2.3386284 2.5088262 2.7046425 2.6899955 2.2488131 2.4459655 2.4803229 2.4568090 2.4901957 2.4035090 3.1051708 2.9993590 4.1671280 4.1885888 4.2069908 3.0922481 3.4768250 3.4768250 3.6866976 3.3828943 3.0534200 3.0625717 3.2307541 2.1736009 2.5507151 2.1417413 2.1155707 2.1383486 2.1782842 2.5838038 2.6299616 2.6935202 2.7633923 2.3567004 2.5118181 2.5544677 2.5549857 2.2206154 2.4046773 2.8424872 3.1704870 3.9256551 2.8634220 3.1172913 2.9187328 2.9769115 3.1364922 2.9513370 3.1289887 3.2738324 2.5692165 2.6080018 2.8476513 2.5945222 2.3315136 2.4159645 2.5278072 4.4905533 4.4373566 
Q6FMG2_CANGA_1216_1625 4.3933795 4.3933795 4.6274416 0.0000000 3.0682969 2.0111643 1.5158387 2.2408537 2.2505636 1.9642928 1.7106383 1.9530987 1.8176228 1.8215758 1.8547580 1.8183950 2.0965323 1.7570672 1.8598706 1.8597923 1.7943442 2.0495628 3.0654069 2.0970657 2.0970657 2.2363227 2.0979904 2.1376201 2.3180214 2.2564033 2.5787974 2.0495258 2.2153849 2.1284941 2.3870612 2.1754170 2.2962716 2.1574274 2.3353682 2.0220335 2.0115927 1.9517833 1.9077345 2.4000717 2.3208962 2.1321238 2.9185304 3.1424981 2.7795440 2.4613487 2.3980467 2.3484789 2.7478151 2.4858570 2.7486115 2.2369695 2.5316773 3.2163749 2.5791490 2.7330174 2.3349842 2.4725252 2.2642585 2.3526178 3.2361386 4.3069072 
Q8IBS0_PLAF7_871_1281  4.3004540 4.3004540 3.3645084 3.0682969 0.0000000 2.0899329 1.9988336 2.0046058 1.8176113 1.9884938 2.0960353 2.1202056 2.1552188 1.9675653 1.9841221 1.9342084 2.1374497 1.7528225 1.8180955 2.0190766 2.1453004 2.2277774 2.7757721 2.1865813 2.1865813 2.3890910 2.3229004 2.2475886 2.4279470 2.7158393 1.7885354 1.7036157 1.9034790 1.7552617 1.8656064 1.8107128 2.1893445 2.0121432 1.5053018 1.5657798 1.5135357 1.6740980 2.0393150 1.8370369 1.5463656 1.8757828 2.4807796 2.4190354 2.3858450 1.9907068 1.7937972 1.7260515 1.7773110 1.7047787 1.8224389 1.8673837 1.6998092 2.6873002 2.3971624 2.1955105 1.7621931 1.9238364 1.8235761 1.9217739 2.4368062 3.1190369 
Q57YC6_9TRYP_1545_1986 4.0204913 4.0204913 2.9817984 2.0111643 2.0899329 0.0000000 1.2080467 0.9371190 0.9324372 0.8417260 0.7810022 0.8802571 0.9443928 0.8293574 0.9009217 0.8475236 1.0176740 1.3076794 1.1154082 1.6470356 1.2445946 1.5352679 1.6516846 1.0919542 1.0919542 1.1638880 1.2680000 1.3332739 1.2683029 1.3761704 1.7137749 1.5491483 1.5307036 1.4064643 1.2981508 1.3526865 1.6557649 1.8003857 1.3397203 1.0154659 1.2938787 1.3121704 1.5038769 1.3244408 1.4039822 1.2067410 2.1727212 2.1829519 1.4554400 1.4506506 1.3733604 1.3450657 1.6161029 1.3234931 1.5261155 1.2861852 1.2539270 1.9196105 1.5561012 1.5081939 1.4318599 1.2826018 1.3094012 1.3863718 2.2131877 3.6119014 
Q6C3Q8_YARLI_1153_1560 3.7225032 3.7225032 2.8265715 1.5158387 1.9988336 1.2080467 0.0000000 0.8241637 0.9346401 0.8313435 0.5718039 0.6432019 0.5942368 0.6452857 0.5390581 0.6293451 0.6320854 0.8018943 0.8209031 1.1794527 0.8334069 1.0145566 1.7429245 0.9404557 0.9404557 1.1069172 0.9070330 0.9354280 1.1701701 1.0732067 1.6288651 1.4413145 1.4626931 1.3326804 1.5573166 1.3757100 1.7066797 1.4930368 1.1686533 0.9688717 1.0747878 1.1187136 1.5120992 1.4023468 1.2096138 1.2388352 2.0603003 2.0554682 1.4429216 1.5044221 1.3043799 1.4276452 1.6162323 1.5364168 1.7320578 1.3536236 1.3053157 1.4731416 1.3782574 1.2319335 1.1921906 1.1625298 1.1528345 1.3645025 1.7734660 3.4309281 
Q9BIX3_TETTH_1241_1653 3.5508654 3.5508654 2.3386284 2.2408537 2.0046058 0.9371190 0.8241637 0.0000000 0.1453492 0.3678144 0.3755281 0.3586686 0.3729523 0.4074285 0.4858619 0.5000361 0.4242192 0.9997084 0.9192144 1.6868516 0.9737144 1.5020255 1.3780259 0.9783029 0.9783029 0.9859863 0.9572643 0.9837718 1.1785411 1.1735710 1.5171738 1.0529265 1.4064089 1.1827667 1.2806036 1.1690228 1.5780040 1.2904688 1.0136777 0.9695915 1.0296524 1.0400626 1.2681828 0.9778692 1.1216529 0.8188387 1.8778973 1.9042745 1.3396432 1.1252795 1.0760951 1.0278739 1.2354185 1.0662862 1.1845275 1.1896293 1.1699627 1.5809397 1.5127173 1.3073344 1.2632407 1.3294826 1.2719695 1.3103121 2.1756035 3.6179191 
DYHC_PARTE_1257_1667   4.0224310 4.0224310 2.5088262 2.2505636 1.8176113 0.9324372 0.9346401 0.1453492 0.0000000 0.4333839 0.5358153 0.4710620 0.4605328 0.5439887 0.6145346 0.5971513 0.5073465 1.0590536 1.0540555 1.5509975 0.9770479 1.5516888 1.4872595 1.1946592 1.1946592 1.0994260 1.1176183 1.1455809 1.3792459 1.3886621 1.5305041 1.1631861 1.2966307 1.2415617 1.2998159 1.2250841 1.5222141 1.3658802 0.9699815 0.9959697 1.0310225 0.9830477 1.2443068 1.0484405 1.1340126 0.9074370 1.7943146 1.8378584 1.2798886 1.2248475 1.1247390 1.0220028 1.3140666 1.0787082 1.2748773 1.3026209 1.1933928 1.7096067 1.6799623 1.4147855 1.2836580 1.3538378 1.3062110 1.4031302 2.1639813 3.3344470 
DYHC_DICDI_1380_1788   3.8711319 3.8711319 2.7046425 1.9642928 1.9884938 0.8417260 0.8313435 0.3678144 0.4333839 0.0000000 0.3205357 0.2670137 0.2873868 0.3217263 0.3775441 0.4014879 0.4986711 0.8252970 0.7396556 1.4463542 1.0632513 1.3404289 1.4421670 0.9553396 0.9553396 0.9853308 1.0165939 1.1121145 1.2837230 1.2525246 1.5844092 1.0347428 1.3872784 1.2628919 1.2501317 1.2481347 1.4539873 1.5158942 1.0405464 1.0745527 1.1940971 1.1356512 1.3845926 1.0801852 1.2723392 0.9112595 1.7974655 1.8312952 1.3462044 1.2523632 1.2186311 1.2401513 1.5360730 1.2292710 1.4056493 1.2595462 1.1486641 1.5901352 1.4984624 1.2124555 1.1972082 1.3251475 1.1967231 1.3630340 1.6091645 4.1102233 
DYHC_CAEEL_1284_1691   3.7854090 3.7854090 2.6899955 1.7106383 2.0960353 0.7810022 0.5718039 0.3755281 0.5358153 0.3205357 0.0000000 0.2579409 0.1976382 0.2203958 0.2177150 0.3094323 0.5130816 0.7341079 0.7790434 1.3507374 0.9228097 1.4087830 1.4533534 0.8303573 0.8303573 0.8792799 0.9143101 0.9136459 1.0636905 1.0471407 1.5766238 1.0846331 1.2239833 1.0386710 1.1221148 1.0358115 1.4893242 1.4715702 1.1569449 0.9391066 1.0319577 1.0497777 1.3574723 1.0991810 1.1562421 0.9649283 1.9371617 1.8681310 1.1179857 1.1589860 1.1537336 1.0939951 1.4225451 1.1668178 1.3262128 1.1029728 1.0936113 1.5808454 1.3939608 1.2155614 1.1166466 1.2202852 1.1112014 1.1694756 1.9954716 3.3780964 
DYHC_RAT_1315_1723     3.6165929 3.6165929 2.2488131 1.9530987 2.1202056 0.8802571 0.6432019 0.3586686 0.4710620 0.2670137 0.2579409 0.0000000 0.0715767 0.1901723 0.2322180 0.2738219 0.4714878 0.8899184 0.7954729 1.2207256 0.8466840 1.2834218 1.4958248 0.8859631 0.8859631 0.8765356 0.9436785 0.9157735 1.0270225 0.9674082 1.4555575 1.0604650 1.2670863 1.0950937 1.1309772 1.0887196 1.5644052 1.3777874 1.0449195 0.8869116 1.0548458 1.0326457 1.4052478 1.0474395 1.1784420 0.9132487 1.6362671 1.5714165 1.1382335 1.2026117 1.2098291 1.0710367 1.4483025 1.1037132 1.3657047 1.0636340 1.0537232 1.5027430 1.4403717 1.3124783 1.2094683 1.3166868 1.2041973 1.3662837 1.9619992 3.4397789 
DYHC_DROME_1307_1715   3.5729868 3.5729868 2.4459655 1.8176228 2.1552188 0.9443928 0.5942368 0.3729523 0.4605328 0.2873868 0.1976382 0.0715767 0.0000000 0.2080721 0.2165930 0.2491312 0.4893721 0.7755523 0.7513107 1.1766750 0.8315227 1.2127085 1.4796645 0.8045480 0.8045480 0.9054225 0.9602631 0.9271503 1.0629912 1.0631786 1.4807572 1.0606989 1.2227417 1.0603588 1.1410915 1.0544091 1.5562547 1.3905608 1.1296390 0.8952340 1.0283068 1.1134449 1.4329212 1.0527609 1.1295160 0.9998493 1.7006614 1.6548398 1.1359666 1.1788795 1.1606232 1.0917145 1.4044767 1.1548435 1.3801653 1.0854892 1.0649720 1.5302081 1.4605277 1.3537813 1.2412798 1.3515011 1.2076730 1.3848242 1.9705390 3.6234447 
Q5KFR9_CRYNE_1351_1760 3.8459527 3.8459527 2.4803229 1.8215758 1.9675653 0.8293574 0.6452857 0.4074285 0.5439887 0.3217263 0.2203958 0.1901723 0.2080721 0.0000000 0.1451792 0.1622376 0.4027478 0.6691294 0.6105942 1.2279495 0.7752933 1.1050447 1.5305420 0.8256477 0.8256477 0.7998243 0.8763354 0.8792071 1.0420170 1.0420207 1.4419362 1.0042788 1.1080427 0.9803343 1.0136233 0.9751426 1.4202992 1.3115906 1.0114142 0.8660421 0.9254329 0.9811170 1.2075486 1.0100200 1.1833462 0.8865896 1.7290657 1.6743743 1.1825751 1.0701170 1.0355732 1.0383384 1.3079557 1.0689215 1.2686981 0.9798028 0.8671683 1.4734497 1.3284789 1.2346987 1.0672961 1.1621378 1.0628750 1.2938338 1.6633462 3.3713281 
Q96UW4_USTMA_1425_1835 3.5705248 3.5705248 2.4568090 1.8547580 1.9841221 0.9009217 0.5390581 0.4858619 0.6145346 0.3775441 0.2177150 0.2322180 0.2165930 0.1451792 0.0000000 0.2260912 0.4846774 0.7559376 0.5863453 1.2118137 0.8214322 1.2441578 1.5684513 0.8157100 0.8157100 0.8314189 0.9162827 0.8561148 1.0456588 1.0111155 1.5229077 1.0804437 1.2507399 1.0830357 1.0884401 1.0476653 1.5401060 1.4705353 1.0989618 0.8732612 0.9747057 1.0457101 1.4142581 1.0650269 1.1756974 0.9221534 1.8068606 1.7659443 1.2609599 1.0940416 1.1480278 1.0132462 1.3675621 1.1416194 1.3556222 1.0165741 0.9757053 1.4800649 1.4573351 1.2984427 1.2114311 1.3136730 1.1769708 1.3414646 1.7984144 3.4097207 
DYHC_NEUCR_1359_1768   3.8437024 3.8437024 2.4901957 1.8183950 1.9342084 0.8475236 0.6293451 0.5000361 0.5971513 0.4014879 0.3094323 0.2738219 0.2491312 0.1622376 0.2260912 0.0000000 0.4204598 0.5763512 0.5854543 1.3393464 0.7930551 1.1297879 1.7157527 0.8803984 0.8803984 1.0431492 1.0888011 1.1016054 1.1620239 1.1907768 1.4870745 1.1243455 1.2525894 1.0826215 1.1588889 1.1197237 1.4735092 1.4950977 1.2547379 0.9876258 1.0960942 1.1483423 1.3434666 1.1314654 1.3050276 0.9596381 1.8857277 1.8591137 1.1964771 1.1379247 1.1668735 1.0515969 1.3664785 1.2128991 1.4146637 1.0826093 1.0019445 1.3649494 1.3329996 1.3129774 1.1456720 1.1838595 1.0589500 1.2828227 1.7385768 3.1960312 
Q7RPJ1_PLAYO_1430_1839 4.0149564 4.0149564 2.4035090 2.0965323 2.1374497 1.0176740 0.6320854 0.4242192 0.5073465 0.4986711 0.5130816 0.4714878 0.4893721 0.4027478 0.4846774 0.4204598 0.0000000 0.8615541 0.8430111 1.3447297 0.9609680 1.2035084 1.6658400 1.0137023 1.0137023 0.9374529 1.0306406 0.9855857 1.1063987 1.1555962 1.7060927 1.3655538 1.4749402 1.2894011 1.3387666 1.2635502 1.7570128 1.5203918 1.1572906 1.0179270 1.1998870 1.0645718 1.4550621 1.2091088 1.2741419 1.0958070 1.9086427 1.8271115 1.3652046 1.2956141 1.2503126 1.2210981 1.4680970 1.2577914 1.4165033 1.2189742 1.3321888 1.6373938 1.2836971 1.3229519 1.1936506 1.2061288 1.1631734 1.3635225 1.6172628 3.6469670 
Q5ANA6_CANAL_1246_1656 4.4689073 4.4689073 3.1051708 1.7570672 1.7528225 1.3076794 0.8018943 0.9997084 1.0590536 0.8252970 0.7341079 0.8899184 0.7755523 0.6691294 0.7559376 0.5763512 0.8615541 0.0000000 0.4489998 1.3162463 0.7447059 0.7556197 2.1109988 1.2813672 1.2813672 1.2481685 1.2078025 1.1650341 1.3538972 1.4082746 1.7673461 1.2823024 1.3420934 1.0799052 1.2255466 1.1382784 1.3406316 1.7394288 1.2817560 1.0785037 1.1516791 1.2675526 1.5659507 1.0646697 1.3059772 1.3057114 2.1725844 2.0480064 1.6650981 1.6961549 1.4762737 1.3671699 1.8930210 1.5020676 1.8912624 1.6232828 1.5794536 1.6169167 1.6432767 1.4984150 1.3902979 1.3792759 1.3394285 1.2216657 1.9068838 3.4059057 
Q6BL44_DEBHA_1240_1650 3.7907119 3.7907119 2.9993590 1.8598706 1.8180955 1.1154082 0.8209031 0.9192144 1.0540555 0.7396556 0.7790434 0.7954729 0.7513107 0.6105942 0.5863453 0.5854543 0.8430111 0.4489998 0.0000000 1.2497063 0.9200746 0.8706695 1.9108022 1.0170794 1.0170794 1.0590150 0.9550277 1.1057195 1.1491516 1.3210700 1.7720455 1.3999688 1.4880762 1.2404262 1.3541975 1.3117392 1.4748980 1.7242626 1.3608524 1.0859763 1.2213482 1.1934927 1.6971187 1.3104441 1.2433251 1.1206738 2.1360515 2.0341853 1.5975935 1.3528578 1.3920023 1.2983443 1.6790954 1.3343537 1.4836595 1.3506918 1.1968785 1.6569790 1.4887991 1.3668787 1.2528424 1.2352219 1.2048944 1.1708268 1.8292774 3.7140729 
DYHC_YEAST_1219_1631   4.7050329 4.7050329 4.1671280 1.8597923 2.0190766 1.6470356 1.1794527 1.6868516 1.5509975 1.4463542 1.3507374 1.2207256 1.1766750 1.2279495 1.2118137 1.3393464 1.3447297 1.3162463 1.2497063 0.0000000 0.8723217 1.3179622 2.7144542 1.5718141 1.5718141 1.7146654 1.8075129 1.9349735 2.1480597 1.8869520 1.9740253 1.8998741 1.7881900 1.6075495 1.6042103 1.6039568 1.7127015 2.1517718 1.3779334 1.3130504 1.4715959 1.3812359 1.7378051 1.8788313 1.8615978 1.7146289 1.9648513 1.9990378 2.0179068 2.1597459 2.1410626 1.9247079 2.1334039 1.7724109 2.1494127 1.9925213 1.7548579 2.3511957 2.3964619 2.3289859 2.1289717 2.3731169 2.1293288 2.3891868 2.3267158 3.9974062 
DYHC_ASHGO_1207_1619   3.8068373 3.8068373 4.1885888 1.7943442 2.1453004 1.2445946 0.8334069 0.9737144 0.9770479 1.0632513 0.9228097 0.8466840 0.8315227 0.7752933 0.8214322 0.7930551 0.9609680 0.7447059 0.9200746 0.8723217 0.0000000 0.6791296 2.5198929 1.3584587 1.3584587 1.4429391 1.3682867 1.4740779 1.6198793 1.5284616 2.0191710 1.7445055 1.7623969 1.6008851 1.7251743 1.6666729 1.8701406 1.7630365 1.1992434 1.2528791 1.1922456 1.3586008 1.4923554 1.4323561 1.3220545 1.3322533 1.8658911 1.8543295 1.5340801 1.6911129 1.3488735 1.2993119 1.7112302 1.2836309 1.8751596 1.6648300 1.5056041 2.1845324 2.0127206 1.8576047 1.8304634 1.7331370 1.7268212 1.7929464 2.3980388 4.0773980 
Q6CXU0_KLULA_1201_1613 3.8977231 3.8977231 4.2069908 2.0495628 2.2277774 1.5352679 1.0145566 1.5020255 1.5516888 1.3404289 1.4087830 1.2834218 1.2127085 1.1050447 1.2441578 1.1297879 1.2035084 0.7556197 0.8706695 1.3179622 0.6791296 0.0000000 2.1157494 1.4475229 1.4475229 1.5339954 1.4485174 1.5336637 1.6251310 2.1286740 2.5011569 2.0659139 2.2596945 2.1630471 2.4161464 2.2764190 2.3450976 2.2839182 1.5969362 1.6212584 1.6607150 1.8036268 1.7725701 1.3463878 1.6000928 1.5808005 2.7334219 2.5335240 2.1563891 2.2787876 1.7883675 1.8813911 2.3098385 2.3215873 2.5489331 2.0745123 1.9748241 2.4782893 2.2885621 2.0857266 2.0230126 2.0199370 1.8457573 1.6500454 2.2425343 4.1139146 
Q7PMJ6_ANOGA_1031_1439 4.6164741 4.6164741 3.0922481 3.0654069 2.7757721 1.6516846 1.7429245 1.3780259 1.4872595 1.4421670 1.4533534 1.4958248 1.4796645 1.5305420 1.5684513 1.7157527 1.6658400 2.1109988 1.9108022 2.7144542 2.5198929 2.1157494 0.0000000 0.8774527 0.8774527 0.8387881 0.8104098 0.8884025 0.9250382 1.1214579 1.7227753 1.5215911 1.8726132 1.8309607 1.7382210 1.7076372 1.9603399 1.9617890 1.5760655 1.5774890 1.4261209 1.5236438 1.4601045 1.1745454 1.4328910 1.2344284 2.2881139 2.4535751 1.6328588 1.5437760 1.5086629 1.6239428 1.6532254 1.3944178 1.7015920 1.6082916 1.6034745 2.2173216 1.7447980 1.4837818 1.4054400 1.6354048 1.3436418 1.5113866 2.3447124 3.8349742 
Q19542_CAEEL_1076_1484 4.1395799 4.1395799 3.4768250 2.0970657 2.1865813 1.0919542 0.9404557 0.9783029 1.1946592 0.9553396 0.8303573 0.8859631 0.8045480 0.8256477 0.8157100 0.8803984 1.0137023 1.2813672 1.0170794 1.5718141 1.3584587 1.4475229 0.8774527 0.0000000 0.0000010 0.2870828 0.2535512 0.3388184 0.4254093 0.4252597 1.2100628 0.9901461 1.2239914 1.1328183 1.1667964 1.1058705 1.3142222 1.2976334 1.1679491 0.9475187 0.9001936 0.9642688 1.1558334 1.0073406 1.0847657 0.7717872 1.7909642 2.0229279 1.0856369 0.9726259 0.8144957 1.1046289 1.2439140 1.0218312 1.0911285 1.2038040 1.1886127 1.4829742 1.1004152 0.9899857 0.9600095 1.1507954 1.0252636 1.0827787 2.0165219 3.8743202 
Q61F02_CAEBR_1667_2070 4.1395799 4.1395799 3.4768250 2.0970657 2.1865813 1.0919542 0.9404557 0.9783029 1.1946592 0.9553396 0.8303573 0.8859631 0.8045480 0.8256477 0.8157100 0.8803984 1.0137023 1.2813672 1.0170794 1.5718141 1.3584587 1.4475229 0.8774527 0.0000010 0.0000000 0.2870828 0.2535512 0.3388184 0.4254093 0.4252597 1.2100628 0.9901461 1.2239914 1.1328183 1.1667964 1.1058705 1.3142222 1.2976334 1.1679491 0.9475187 0.9001936 0.9642688 1.1558334 1.0073406 1.0847657 0.7717872 1.7909642 2.0229279 1.0856369 0.9726259 0.8144957 1.1046289 1.2439140 1.0218312 1.0911285 1.2038040 1.1886127 1.4829742 1.1004152 0.9899857 0.9600095 1.1507954 1.0252636 1.0827787 2.0165219 3.8743202 
Q5U9X1_TETTH_1103_1510 3.4430035 3.4430035 3.6866976 2.2363227 2.3890910 1.1638880 1.1069172 0.9859863 1.0994260 0.9853308 0.8792799 0.8765356 0.9054225 0.7998243 0.8314189 1.0431492 0.9374529 1.2481685 1.0590150 1.7146654 1.4429391 1.5339954 0.8387881 0.2870828 0.2870828 0.0000000 0.2129955 0.1825083 0.3897829 0.3424061 1.3398964 1.0659210 1.1033329 1.0610613 1.0640900 1.0288138 1.3357828 1.4510001 1.0166324 1.0299733 0.8938708 0.8685757 1.1576496 0.9993386 1.2073601 0.8841692 1.6882215 1.7311799 1.0536666 1.0193439 0.9430957 1.0078661 1.5174622 1.0811252 1.2116890 1.1784729 1.3655241 1.5296877 1.2516083 1.0620058 0.9893395 1.0915827 1.0092699 1.0901223 1.9921610 3.3996084 
Q5VI62_MOUSE_1115_1523 4.0685383 4.0685383 3.3828943 2.0979904 2.3229004 1.2680000 0.9070330 0.9572643 1.1176183 1.0165939 0.9143101 0.9436785 0.9602631 0.8763354 0.9162827 1.0888011 1.0306406 1.2078025 0.9550277 1.8075129 1.3682867 1.4485174 0.8104098 0.2535512 0.2535512 0.2129955 0.0000000 0.1344766 0.2963130 0.3741216 1.3989822 0.9780662 1.1833494 1.0441437 1.1375246 1.0145003 1.3881634 1.3330783 0.9976148 0.9893135 0.8805972 0.8974103 1.1561108 0.9838444 0.9909811 0.7590098 1.7094055 1.9587364 1.1193202 1.0057465 0.9366609 0.9658133 1.2810285 0.9304537 1.1621546 1.2382213 1.2678490 1.4003688 1.1958692 0.9718635 0.8726327 1.0461670 0.9336441 0.9308992 2.0755736 3.7626705 
Q27802_TRIGR_1117_1528 3.9907524 3.9907524 3.0534200 2.1376201 2.2475886 1.3332739 0.9354280 0.9837718 1.1455809 1.1121145 0.9136459 0.9157735 0.9271503 0.8792071 0.8561148 1.1016054 0.9855857 1.1650341 1.1057195 1.9349735 1.4740779 1.5336637 0.8884025 0.3388184 0.3388184 0.1825083 0.1344766 0.0000000 0.3243225 0.3628364 1.4085920 1.0823459 1.2183568 1.0356139 1.1524375 1.0203555 1.3094359 1.5227434 1.1007597 0.9512983 0.8572175 0.9916426 1.1548027 0.9115260 1.0218128 0.8653825 1.7456298 1.8932974 1.1793184 1.1192073 1.0353814 0.9552449 1.3398506 1.1050273 1.3880434 1.1839313 1.3629414 1.4444357 1.2081216 1.0473678 0.9727392 1.0968765 0.9829805 0.9166003 2.0052116 3.9686354 
Q57UR9_9TRYP_618_1022  3.9500918 3.9500918 3.0625717 2.3180214 2.4279470 1.2683029 1.1701701 1.1785411 1.3792459 1.2837230 1.0636905 1.0270225 1.0629912 1.0420170 1.0456588 1.1620239 1.1063987 1.3538972 1.1491516 2.1480597 1.6198793 1.6251310 0.9250382 0.4254093 0.4254093 0.3897829 0.2963130 0.3243225 0.0000000 0.4236704 1.1404999 0.9324912 1.2201452 1.0637049 1.1600030 1.0817320 1.3269792 1.2145324 1.1196086 0.7954203 0.9160742 0.9576525 1.1499919 1.0261886 1.0924595 0.8461164 1.7252050 1.8134636 1.0205625 1.0311413 0.9901346 0.9265824 1.3958574 1.0092183 1.1977378 1.0770316 1.2665420 1.5273128 0.9916685 1.0566762 1.0916297 1.1267644 1.0975158 0.9443557 2.2721599 3.8743981 
Q9SMH5_CHLRE_1171_1587 3.8989407 3.8989407 3.2307541 2.2564033 2.7158393 1.3761704 1.0732067 1.1735710 1.3886621 1.2525246 1.0471407 0.9674082 1.0631786 1.0420207 1.0111155 1.1907768 1.1555962 1.4082746 1.3210700 1.8869520 1.5284616 2.1286740 1.1214579 0.4252597 0.4252597 0.3424061 0.3741216 0.3628364 0.4236704 0.0000000 1.1584182 0.9781920 1.2001623 1.1611701 1.1602429 1.0977505 1.4394694 1.2566957 1.0571826 0.9277151 0.9267470 0.8943364 1.2814475 1.1095740 1.2993086 0.8886143 1.8290038 1.9919216 1.2070307 1.2128845 1.0142733 1.1772654 1.5112622 1.1153267 1.3991487 1.2279682 1.3662223 1.3686176 1.0649366 1.0055954 1.0259908 0.9868484 0.9815705 1.1643503 2.1024428 3.8681593 
Q9VWZ3_DROME_821_1241  4.7326442 4.7326442 2.1736009 2.5787974 1.7885354 1.7137749 1.6288651 1.5171738 1.5305041 1.5844092 1.5766238 1.4555575 1.4807572 1.4419362 1.5229077 1.4870745 1.7060927 1.7673461 1.7720455 1.9740253 2.0191710 2.5011569 1.7227753 1.2100628 1.2100628 1.3398964 1.3989822 1.4085920 1.1404999 1.1584182 0.0000000 0.5302155 0.7498711 0.6961777 0.7612168 0.7333327 0.8430046 0.7888862 0.7708639 0.8523068 0.6142133 0.7894677 1.2855380 1.4330247 1.2208553 1.0151312 1.7216570 1.8457503 1.4889343 1.2070963 1.2772332 1.3370037 1.3445318 1.2383318 1.1803917 1.3685151 1.4635376 1.4614685 1.0117063 1.0986852 1.1371941 1.1062309 1.1211054 1.1271652 2.4977394 3.3436672 
O08828_MOUSE_188_598   4.1582027 4.1582027 2.5507151 2.0495258 1.7036157 1.5491483 1.4413145 1.0529265 1.1631861 1.0347428 1.0846331 1.0604650 1.0606989 1.0042788 1.0804437 1.1243455 1.3655538 1.2823024 1.3999688 1.8998741 1.7445055 2.0659139 1.5215911 0.9901461 0.9901461 1.0659210 0.9780662 1.0823459 0.9324912 0.9781920 0.5302155 0.0000000 0.5971595 0.4900472 0.6359773 0.5561912 0.7328032 0.6583796 0.6604882 0.8828039 0.7215967 0.6921857 0.9038612 1.0572033 1.0246104 0.6008320 1.6375077 1.7285491 1.2323995 1.0047383 1.2257386 0.9783855 1.0705083 0.8819446 0.9710846 1.0118148 1.0014466 1.2421599 0.8760140 0.8555622 1.0418305 1.0335815 0.9747077 1.0130920 2.5368250 2.7502806 
Q8TD57_HUMAN_857_1270  5.2590726 5.2590726 2.1417413 2.2153849 1.9034790 1.5307036 1.4626931 1.4064089 1.2966307 1.3872784 1.2239833 1.2670863 1.2227417 1.1080427 1.2507399 1.2525894 1.4749402 1.3420934 1.4880762 1.7881900 1.7623969 2.2596945 1.8726132 1.2239914 1.2239914 1.1033329 1.1833494 1.2183568 1.2201452 1.2001623 0.7498711 0.5971595 0.0000000 0.1700540 0.2192259 0.2104936 0.3883067 0.7004303 0.7509651 0.9276542 0.7114103 0.6327528 1.1342966 1.1584170 0.8998431 1.0055097 1.5221226 1.6428279 1.2538461 1.1774935 1.1370302 1.0929483 1.3487607 1.1004960 1.1397996 1.3163405 1.4946200 1.4522507 1.0643504 1.2414587 1.0847704 1.0499928 1.1393026 1.1559387 2.2474971 2.9821382 
Q8WXX0_HUMAN_754_1167  4.3830373 4.3830373 2.1155707 2.1284941 1.7552617 1.4064643 1.3326804 1.1827667 1.2415617 1.2628919 1.0386710 1.0950937 1.0603588 0.9803343 1.0830357 1.0826215 1.2894011 1.0799052 1.2404262 1.6075495 1.6008851 2.1630471 1.8309607 1.1328183 1.1328183 1.0610613 1.0441437 1.0356139 1.0637049 1.1611701 0.6961777 0.4900472 0.1700540 0.0000000 0.1740413 0.0991410 0.3311348 0.7885166 0.7641919 0.7731326 0.7781000 0.7466185 1.1574752 1.0899891 0.9689319 0.7719035 1.6301689 1.6382002 1.1919446 1.1161815 1.2623233 0.9128531 1.1654880 0.9733557 1.0848448 1.1428068 1.2715779 1.3079976 0.9527896 1.0440310 1.0081984 0.9603509 0.9922835 0.9873393 2.2614355 2.5543946 
Q9VJC6_DROME_722_1135  5.3509094 5.3509094 2.1383486 2.3870612 1.8656064 1.2981508 1.5573166 1.2806036 1.2998159 1.2501317 1.1221148 1.1309772 1.1410915 1.0136233 1.0884401 1.1588889 1.3387666 1.2255466 1.3541975 1.6042103 1.7251743 2.4161464 1.7382210 1.1667964 1.1667964 1.0640900 1.1375246 1.1524375 1.1600030 1.1602429 0.7612168 0.6359773 0.2192259 0.1740413 0.0000000 0.0728353 0.3893706 0.8622730 0.7791425 0.8462056 0.7708806 0.7328639 1.1720953 1.0858092 1.0650698 0.7668032 1.6080746 1.6929000 1.0599349 1.0773229 1.2233038 1.0278671 1.1921293 0.9610590 1.1293666 1.0811870 1.3106658 1.3818628 1.1433496 1.2138896 0.9673518 0.9990626 1.0302399 0.9986971 2.0061046 3.1711320 
Q7Q1Z0_ANOGA_611_1024  4.5884328 4.5884328 2.1782842 2.1754170 1.8107128 1.3526865 1.3757100 1.1690228 1.2250841 1.2481347 1.0358115 1.0887196 1.0544091 0.9751426 1.0476653 1.1197237 1.2635502 1.1382784 1.3117392 1.6039568 1.6666729 2.2764190 1.7076372 1.1058705 1.1058705 1.0288138 1.0145003 1.0203555 1.0817320 1.0977505 0.7333327 0.5561912 0.2104936 0.0991410 0.0728353 0.0000000 0.3769892 0.7756748 0.7425619 0.8748099 0.7451743 0.7033872 1.1983462 1.0796904 1.0090038 0.7157334 1.6258549 1.6699832 1.1487722 1.0781265 1.1670409 0.9371024 1.1655143 0.8585818 1.0855058 1.0953236 1.2700509 1.3465780 1.0520050 1.1293404 0.9553810 0.9401614 1.0561063 0.9899067 2.1196851 3.0930599 
Q9VZ77_DROME_1086_1499 6.7328530 6.7328530 2.5838038 2.2962716 2.1893445 1.6557649 1.7066797 1.5780040 1.5222141 1.4539873 1.4893242 1.5644052 1.5562547 1.4202992 1.5401060 1.4735092 1.7570128 1.3406316 1.4748980 1.7127015 1.8701406 2.3450976 1.9603399 1.3142222 1.3142222 1.3357828 1.3881634 1.3094359 1.3269792 1.4394694 0.8430046 0.7328032 0.3883067 0.3311348 0.3893706 0.3769892 0.0000000 1.0490068 0.8959093 1.0141945 0.9207302 0.8275980 1.1624807 1.2432052 1.2821180 1.0622575 1.7060913 1.7763083 1.3293659 1.5038412 1.3934844 1.3544355 1.6185794 1.3342316 1.4758916 1.4691413 1.6309241 1.5558629 1.0502330 1.0772548 1.1840750 1.1763929 1.2641369 1.0605029 2.2707231 3.3696327 
Q57VT8_9TRYP_822_1236  4.6321915 4.6321915 2.6299616 2.1574274 2.0121432 1.8003857 1.4930368 1.2904688 1.3658802 1.5158942 1.4715702 1.3777874 1.3905608 1.3115906 1.4705353 1.4950977 1.5203918 1.7394288 1.7242626 2.1517718 1.7630365 2.2839182 1.9617890 1.2976334 1.2976334 1.4510001 1.3330783 1.5227434 1.2145324 1.2566957 0.7888862 0.6583796 0.7004303 0.7885166 0.8622730 0.7756748 1.0490068 0.0000000 0.7660271 1.0444238 0.7182431 0.7779343 1.0333460 1.2504401 0.9503134 0.8249632 1.2117268 1.4706144 1.3645082 1.0136259 1.0915427 1.1297198 1.3427841 1.1027381 1.1080978 1.2935516 1.1432801 1.8195648 1.2601502 1.4483729 1.4948204 1.4840979 1.5416320 1.5861299 2.6401673 3.1562484 
Q57YY8_9TRYP_1383_1793 3.7309528 3.7309528 2.6935202 2.3353682 1.5053018 1.3397203 1.1686533 1.0136777 0.9699815 1.0405464 1.1569449 1.0449195 1.1296390 1.0114142 1.0989618 1.2547379 1.1572906 1.2817560 1.3608524 1.3779334 1.1992434 1.5969362 1.5760655 1.1679491 1.1679491 1.0166324 0.9976148 1.1007597 1.1196086 1.0571826 0.7708639 0.6604882 0.7509651 0.7641919 0.7791425 0.7425619 0.8959093 0.7660271 0.0000000 0.7177293 0.6111824 0.4505285 1.0554063 1.0991900 0.8703955 0.7765079 1.4064619 1.5739086 1.2640188 1.1029276 1.2429961 1.1163362 1.4156768 1.0319454 1.2197785 1.3341516 1.3059746 1.4095144 1.2708274 0.9292171 1.0487589 1.0655914 1.0810124 1.1099134 2.2258667 2.3961848 
Q9GPN8_DROME_944_1361  5.1731945 5.1731945 2.7633923 2.0220335 1.5657798 1.0154659 0.9688717 0.9695915 0.9959697 1.0745527 0.9391066 0.8869116 0.8952340 0.8660421 0.8732612 0.9876258 1.0179270 1.0785037 1.0859763 1.3130504 1.2528791 1.6212584 1.5774890 0.9475187 0.9475187 1.0299733 0.9893135 0.9512983 0.7954203 0.9277151 0.8523068 0.8828039 0.9276542 0.7731326 0.8462056 0.8748099 1.0141945 1.0444238 0.7177293 0.0000000 0.5360773 0.5409833 0.8892284 0.7740930 0.8010554 0.7898927 1.4087857 1.5260039 1.0693215 0.9483571 1.0263205 0.8544552 1.0817945 0.9540590 1.0194915 0.9133753 0.8812133 1.2742063 1.0126822 1.0384952 1.0192809 0.9812938 0.9386821 0.8982792 2.0607364 3.1928582 
Q5NCX9_MOUSE_1253_1668 5.2017302 5.2017302 2.3567004 2.0115927 1.5135357 1.2938787 1.0747878 1.0296524 1.0310225 1.1940971 1.0319577 1.0548458 1.0283068 0.9254329 0.9747057 1.0960942 1.1998870 1.1516791 1.2213482 1.4715959 1.1922456 1.6607150 1.4261209 0.9001936 0.9001936 0.8938708 0.8805972 0.8572175 0.9160742 0.9267470 0.6142133 0.7215967 0.7114103 0.7781000 0.7708806 0.7451743 0.9207302 0.7182431 0.6111824 0.5360773 0.0000000 0.3881715 0.9152866 1.0180431 0.8051314 0.7890710 1.3308085 1.5077931 1.2541599 0.9943111 0.9799754 1.0806828 1.2285795 0.9757585 1.1350777 1.0846532 1.0754112 1.3793955 1.0292613 1.0673837 1.0568432 1.0361328 1.0579041 0.9793874 1.6942165 3.0377849 
DYH1B_CHLRE_1267_1679  5.5803479 5.5803479 2.5118181 1.9517833 1.6740980 1.3121704 1.1187136 1.0400626 0.9830477 1.1356512 1.0497777 1.0326457 1.1134449 0.9811170 1.0457101 1.1483423 1.0645718 1.2675526 1.1934927 1.3812359 1.3586008 1.8036268 1.5236438 0.9642688 0.9642688 0.8685757 0.8974103 0.9916426 0.9576525 0.8943364 0.7894677 0.6921857 0.6327528 0.7466185 0.7328639 0.7033872 0.8275980 0.7779343 0.4505285 0.5409833 0.3881715 0.0000000 0.8681706 1.1051968 0.7886421 0.8081536 1.1861560 1.3649750 0.9795781 0.9439646 1.0480466 0.9307101 1.1331607 0.8904762 0.9401069 1.0619657 1.0404099 1.1468855 0.9726625 0.9470476 0.8978936 0.8817508 0.9383785 0.9473429 1.9661134 3.1314311 
Q580B5_9TRYP_1174_1586 4.7221835 4.7221835 2.5544677 1.9077345 2.0393150 1.5038769 1.5120992 1.2681828 1.2443068 1.3845926 1.3574723 1.4052478 1.4329212 1.2075486 1.4142581 1.3434666 1.4550621 1.5659507 1.6971187 1.7378051 1.4923554 1.7725701 1.4601045 1.1558334 1.1558334 1.1576496 1.1561108 1.1548027 1.1499919 1.2814475 1.2855380 0.9038612 1.1342966 1.1574752 1.1720953 1.1983462 1.1624807 1.0333460 1.0554063 0.8892284 0.9152866 0.8681706 0.0000000 1.0393906 0.7415939 0.5823209 1.6975223 1.6863699 1.1114793 1.0287592 0.9899718 0.9892255 1.2143362 1.1168878 1.3034162 1.0265983 1.1521011 1.3035209 0.9305479 0.9748240 0.9043793 0.9580610 0.7478673 1.0027946 2.1050152 3.3074603 
Q7R114_GIALA_1862_2283 4.0636859 4.0636859 2.5549857 2.4000717 1.8370369 1.3244408 1.4023468 0.9778692 1.0484405 1.0801852 1.0991810 1.0474395 1.0527609 1.0100200 1.0650269 1.1314654 1.2091088 1.0646697 1.3104441 1.8788313 1.4323561 1.3463878 1.1745454 1.0073406 1.0073406 0.9993386 0.9838444 0.9115260 1.0261886 1.1095740 1.4330247 1.0572033 1.1584170 1.0899891 1.0858092 1.0796904 1.2432052 1.2504401 1.0991900 0.7740930 1.0180431 1.1051968 1.0393906 0.0000000 0.6722659 0.5494596 1.5740237 1.6850510 1.0997175 1.0040884 1.1366734 0.9701268 1.1521370 1.0334063 1.1034807 1.1437904 1.2555614 1.5124166 1.1390902 0.9102366 0.9910394 1.0238772 1.0648384 0.7336581 2.1270142 3.1811082 
Q9VAV5_DROME_1844_2256 4.9675640 4.9675640 2.2206154 2.3208962 1.5463656 1.4039822 1.2096138 1.1216529 1.1340126 1.2723392 1.1562421 1.1784420 1.1295160 1.1833462 1.1756974 1.3050276 1.2741419 1.3059772 1.2433251 1.8615978 1.3220545 1.6000928 1.4328910 1.0847657 1.0847657 1.2073601 0.9909811 1.0218128 1.0924595 1.2993086 1.2208553 1.0246104 0.8998431 0.9689319 1.0650698 1.0090038 1.2821180 0.9503134 0.8703955 0.8010554 0.8051314 0.7886421 0.7415939 0.6722659 0.0000000 0.5079767 1.4034457 1.4716925 1.0852873 1.0304871 0.9353100 0.9340051 1.0486411 0.9690987 1.0911473 1.1042364 1.0993846 1.4685624 1.1956137 1.0439192 1.0911569 1.1452097 0.9921440 0.8972330 1.7617092 3.6767853 
DYH1A_CHLRE_1381_1791  3.7135254 3.7135254 2.4046773 2.1321238 1.8757828 1.2067410 1.2388352 0.8188387 0.9074370 0.9112595 0.9649283 0.9132487 0.9998493 0.8865896 0.9221534 0.9596381 1.0958070 1.3057114 1.1206738 1.7146289 1.3322533 1.5808005 1.2344284 0.7717872 0.7717872 0.8841692 0.7590098 0.8653825 0.8461164 0.8886143 1.0151312 0.6008320 1.0055097 0.7719035 0.7668032 0.7157334 1.0622575 0.8249632 0.7765079 0.7898927 0.7890710 0.8081536 0.5823209 0.5494596 0.5079767 0.0000000 1.2882966 1.4056121 0.9193108 0.7591820 0.8045814 0.7934667 0.9250449 0.7261444 0.9055486 0.8875596 0.9213410 0.9641378 0.7921796 0.5661448 0.7007581 0.7521013 0.6905488 0.5605673 1.8596466 2.7266132 
Q94709_PARTE_1286_1699 4.5090023 4.5090023 2.8424872 2.9185304 2.4807796 2.1727212 2.0603003 1.8778973 1.7943146 1.7974655 1.9371617 1.6362671 1.7006614 1.7290657 1.8068606 1.8857277 1.9086427 2.1725844 2.1360515 1.9648513 1.8658911 2.7334219 2.2881139 1.7909642 1.7909642 1.6882215 1.7094055 1.7456298 1.7252050 1.8290038 1.7216570 1.6375077 1.5221226 1.6301689 1.6080746 1.6258549 1.7060913 1.2117268 1.4064619 1.4087857 1.3308085 1.1861560 1.6975223 1.5740237 1.4034457 1.2882966 0.0000000 0.1505762 1.2614116 1.0140730 1.2020279 0.9892661 1.3041569 1.0463208 1.1773527 1.1972558 1.3046617 1.9604060 1.6192470 1.6703115 1.6609344 1.8026049 1.7087960 1.6213026 2.6904946 3.4859482 
O76506_TETTH_1290_1703 4.8498475 4.8498475 3.1704870 3.1424981 2.4190354 2.1829519 2.0554682 1.9042745 1.8378584 1.8312952 1.8681310 1.5714165 1.6548398 1.6743743 1.7659443 1.8591137 1.8271115 2.0480064 2.0341853 1.9990378 1.8543295 2.5335240 2.4535751 2.0229279 2.0229279 1.7311799 1.9587364 1.8932974 1.8134636 1.9919216 1.8457503 1.7285491 1.6428279 1.6382002 1.6929000 1.6699832 1.7763083 1.4706144 1.5739086 1.5260039 1.5077931 1.3649750 1.6863699 1.6850510 1.4716925 1.4056121 0.1505762 0.0000000 1.4021887 1.1681132 1.3036878 1.0830626 1.4824675 1.2274891 1.3542542 1.3265515 1.4585412 2.0973370 1.6667316 1.7386714 1.6960486 1.7937525 1.7226777 1.7028623 2.8702678 3.1875587 
DYHA_CHLRE_1138_1553   5.1306995 5.1306995 3.9256551 2.7795440 2.3858450 1.4554400 1.4429216 1.3396432 1.2798886 1.3462044 1.1179857 1.1382335 1.1359666 1.1825751 1.2609599 1.1964771 1.3652046 1.6650981 1.5975935 2.0179068 1.5340801 2.1563891 1.6328588 1.0856369 1.0856369 1.0536666 1.1193202 1.1793184 1.0205625 1.2070307 1.4889343 1.2323995 1.2538461 1.1919446 1.0599349 1.1487722 1.3293659 1.3645082 1.2640188 1.0693215 1.2541599 0.9795781 1.1114793 1.0997175 1.0852873 0.9193108 1.2614116 1.4021887 0.0000000 0.7666456 0.7819265 0.6078368 0.8349079 0.5898853 0.7482719 0.6756561 0.7694792 1.5040040 1.1868628 1.4437875 1.2173873 1.2717964 1.2025771 1.1746160 2.2890390 3.5489553 
DYHB_CHLRE_1336_1752   4.1339976 4.1339976 2.8634220 2.4613487 1.9907068 1.4506506 1.5044221 1.1252795 1.2248475 1.2523632 1.1589860 1.2026117 1.1788795 1.0701170 1.0940416 1.1379247 1.2956141 1.6961549 1.3528578 2.1597459 1.6911129 2.2787876 1.5437760 0.9726259 0.9726259 1.0193439 1.0057465 1.1192073 1.0311413 1.2128845 1.2070963 1.0047383 1.1774935 1.1161815 1.0773229 1.0781265 1.5038412 1.0136259 1.1029276 0.9483571 0.9943111 0.9439646 1.0287592 1.0040884 1.0304871 0.7591820 1.0140730 1.1681132 0.7666456 0.0000000 0.5525500 0.4135618 0.4830469 0.3974257 0.4579969 0.4766894 0.6358030 1.2402651 0.9217163 1.1067291 0.9718629 1.0506211 0.9337846 1.0139021 2.0079123 3.1843736 
Q9VB44_DROME_1290_1708 4.6048031 4.6048031 3.1172913 2.3980467 1.7937972 1.3733604 1.3043799 1.0760951 1.1247390 1.2186311 1.1537336 1.2098291 1.1606232 1.0355732 1.1480278 1.1668735 1.2503126 1.4762737 1.3920023 2.1410626 1.3488735 1.7883675 1.5086629 0.8144957 0.8144957 0.9430957 0.9366609 1.0353814 0.9901346 1.0142733 1.2772332 1.2257386 1.1370302 1.2623233 1.2233038 1.1670409 1.3934844 1.0915427 1.2429961 1.0263205 0.9799754 1.0480466 0.9899718 1.1366734 0.9353100 0.8045814 1.2020279 1.3036878 0.7819265 0.5525500 0.0000000 0.4731727 0.6714072 0.5505860 0.5932621 0.4942576 0.6468796 1.5782013 1.2579741 1.1759116 1.0017828 1.1189615 1.0750935 1.0654383 1.7527108 3.3871744 
O77075_DROHY_1367_1778 4.0473467 4.0473467 2.9187328 2.3484789 1.7260515 1.3450657 1.4276452 1.0278739 1.0220028 1.2401513 1.0939951 1.0710367 1.0917145 1.0383384 1.0132462 1.0515969 1.2210981 1.3671699 1.2983443 1.9247079 1.2993119 1.8813911 1.6239428 1.1046289 1.1046289 1.0078661 0.9658133 0.9552449 0.9265824 1.1772654 1.3370037 0.9783855 1.0929483 0.9128531 1.0278671 0.9371024 1.3544355 1.1297198 1.1163362 0.8544552 1.0806828 0.9307101 0.9892255 0.9701268 0.9340051 0.7934667 0.9892661 1.0830626 0.6078368 0.4135618 0.4731727 0.0000000 0.5510741 0.3773076 0.4733076 0.3918951 0.4508518 1.3159997 1.1355219 1.1478621 1.0268758 1.1646065 1.0891542 1.0481938 2.1850461 3.2090484 
DYH11_HUMAN_1314_1731  4.5239480 4.5239480 2.9769115 2.7478151 1.7773110 1.6161029 1.6162323 1.2354185 1.3140666 1.5360730 1.4225451 1.4483025 1.4044767 1.3079557 1.3675621 1.3664785 1.4680970 1.8930210 1.6790954 2.1334039 1.7112302 2.3098385 1.6532254 1.2439140 1.2439140 1.5174622 1.2810285 1.3398506 1.3958574 1.5112622 1.3445318 1.0705083 1.3487607 1.1654880 1.1921293 1.1655143 1.6185794 1.3427841 1.4156768 1.0817945 1.2285795 1.1331607 1.2143362 1.1521370 1.0486411 0.9250449 1.3041569 1.4824675 0.8349079 0.4830469 0.6714072 0.5510741 0.0000000 0.3757432 0.3704455 0.4107233 0.4798748 1.5579901 1.1225657 1.3603684 1.1651959 1.3047973 1.0965177 1.2359639 2.4517539 3.6849659 
DYHC_TRIGR_1272_1685   3.8892076 3.8892076 3.1364922 2.4858570 1.7047787 1.3234931 1.5364168 1.0662862 1.0787082 1.2292710 1.1668178 1.1037132 1.1548435 1.0689215 1.1416194 1.2128991 1.2577914 1.5020676 1.3343537 1.7724109 1.2836309 2.3215873 1.3944178 1.0218312 1.0218312 1.0811252 0.9304537 1.1050273 1.0092183 1.1153267 1.2383318 0.8819446 1.1004960 0.9733557 0.9610590 0.8585818 1.3342316 1.1027381 1.0319454 0.9540590 0.9757585 0.8904762 1.1168878 1.0334063 0.9690987 0.7261444 1.0463208 1.2274891 0.5898853 0.3974257 0.5505860 0.3773076 0.3757432 0.0000000 0.2749722 0.3854128 0.4615650 1.3822535 1.0203762 1.1430185 0.9911072 1.0160707 1.0185616 0.9885884 2.2337331 3.2014621 
Q5H9M6_BOVIN_1202_1614 3.9614222 3.9614222 2.9513370 2.7486115 1.8224389 1.5261155 1.7320578 1.1845275 1.2748773 1.4056493 1.3262128 1.3657047 1.3801653 1.2686981 1.3556222 1.4146637 1.4165033 1.8912624 1.4836595 2.1494127 1.8751596 2.5489331 1.7015920 1.0911285 1.0911285 1.2116890 1.1621546 1.3880434 1.1977378 1.3991487 1.1803917 0.9710846 1.1397996 1.0848448 1.1293666 1.0855058 1.4758916 1.1080978 1.2197785 1.0194915 1.1350777 0.9401069 1.3034162 1.1034807 1.0911473 0.9055486 1.1773527 1.3542542 0.7482719 0.4579969 0.5932621 0.4733076 0.3704455 0.2749722 0.0000000 0.4059777 0.5399813 1.5621088 1.1590584 1.4437656 1.2015160 1.2276361 1.1925316 1.2184916 2.3339750 3.2194519 
Q5TUD7_ANOGA_1176_1594 4.8849980 4.8849980 3.1289887 2.2369695 1.8673837 1.2861852 1.3536236 1.1896293 1.3026209 1.2595462 1.1029728 1.0636340 1.0854892 0.9798028 1.0165741 1.0826093 1.2189742 1.6232828 1.3506918 1.9925213 1.6648300 2.0745123 1.6082916 1.2038040 1.2038040 1.1784729 1.2382213 1.1839313 1.0770316 1.2279682 1.3685151 1.0118148 1.3163405 1.1428068 1.0811870 1.0953236 1.4691413 1.2935516 1.3341516 0.9133753 1.0846532 1.0619657 1.0265983 1.1437904 1.1042364 0.8875596 1.1972558 1.3265515 0.6756561 0.4766894 0.4942576 0.3918951 0.4107233 0.3854128 0.4059777 0.0000000 0.3226983 1.4286028 1.0659679 1.2236059 1.1136380 1.1523819 1.0230645 1.1716712 1.8929231 3.3554235 
Q71JD2_DROHY_1293_1705 4.2583027 4.2583027 3.2738324 2.5316773 1.6998092 1.2539270 1.3053157 1.1699627 1.1933928 1.1486641 1.0936113 1.0537232 1.0649720 0.8671683 0.9757053 1.0019445 1.3321888 1.5794536 1.1968785 1.7548579 1.5056041 1.9748241 1.6034745 1.1886127 1.1886127 1.3655241 1.2678490 1.3629414 1.2665420 1.3662223 1.4635376 1.0014466 1.4946200 1.2715779 1.3106658 1.2700509 1.6309241 1.1432801 1.3059746 0.8812133 1.0754112 1.0404099 1.1521011 1.2555614 1.0993846 0.9213410 1.3046617 1.4585412 0.7694792 0.6358030 0.6468796 0.4508518 0.4798748 0.4615650 0.5399813 0.3226983 0.0000000 1.4425303 1.3007605 1.2894256 1.1170678 1.1686399 1.0550644 1.2375845 2.0990165 3.4004031 
DYHG_CHLRE_1239_1652   7.1131303 7.1131303 2.5692165 3.2163749 2.6873002 1.9196105 1.4731416 1.5809397 1.7096067 1.5901352 1.5808454 1.5027430 1.5302081 1.4734497 1.4800649 1.3649494 1.6373938 1.6169167 1.6569790 2.3511957 2.1845324 2.4782893 2.2173216 1.4829742 1.4829742 1.5296877 1.4003688 1.4444357 1.5273128 1.3686176 1.4614685 1.2421599 1.4522507 1.3079976 1.3818628 1.3465780 1.5558629 1.8195648 1.4095144 1.2742063 1.3793955 1.1468855 1.3035209 1.5124166 1.4685624 0.9641378 1.9604060 2.0973370 1.5040040 1.2402651 1.5782013 1.3159997 1.5579901 1.3822535 1.5621088 1.4286028 1.4425303 0.0000000 0.6378475 0.6831584 0.6877178 0.5718343 0.5597385 0.7514209 2.7483749 4.6811412 
