13
Q9I725_PSEAE_29_172  0.0000000 2.3372604 1.9704793 2.0107238 2.0704087 2.6324908 1.9843715 2.4631798 1.9813796 1.9101984 2.2295427 1.7341139 1.7911157 
COXZ_RECAM_26_179    2.3372604 0.0000000 0.6016777 0.6172185 0.5688323 0.6945982 0.8479236 1.0923697 1.1186836 0.9179413 1.2962831 0.9999034 1.0996837 
COX11_HUMAN_113_264  1.9704793 0.6016777 0.0000000 0.4139581 0.6752011 0.6605531 0.6326165 0.9637281 1.2709024 1.3021256 1.6118582 1.2336211 1.1696024 
Q9VMQ6_DROME_71_222  2.0107238 0.6172185 0.4139581 0.0000000 0.7318748 0.9078537 0.9859986 1.1658511 1.5023948 1.1417885 1.4672202 1.1900049 1.2642631 
Q9FZ20_ARATH_40_195  2.0704087 0.5688323 0.6752011 0.7318748 0.0000000 0.7373878 0.8106101 0.9416489 1.5292834 1.0214200 1.2768243 1.3593918 1.1566194 
Q9C0Y0_SCHPO_567_719 2.6324908 0.6945982 0.6605531 0.9078537 0.7373878 0.0000000 0.5457453 1.1143676 1.4265709 1.3863077 1.6220399 1.3908808 1.2927639 
COX11_YEAST_103_255  1.9843715 0.8479236 0.6326165 0.9859986 0.8106101 0.5457453 0.0000000 1.0834497 1.6345493 1.5465443 1.7048703 1.5505017 1.3125302 
COXZ_RICPR_27_175    2.4631798 1.0923697 0.9637281 1.1658511 0.9416489 1.1143676 1.0834497 0.0000000 1.5174631 1.4044678 1.4457385 1.2858625 1.1612667 
Q9A303_CAUCR_26_171  1.9813796 1.1186836 1.2709024 1.5023948 1.5292834 1.4265709 1.6345493 1.5174631 0.0000000 0.9655247 1.0745204 1.0787118 1.0733140 
COXZ_RHILO_32_178    1.9101984 0.9179413 1.3021256 1.1417885 1.0214200 1.3863077 1.5465443 1.4044678 0.9655247 0.0000000 1.1471028 0.9319834 0.9600446 
COXZ_BRAJA_47_194    2.2295427 1.2962831 1.6118582 1.4672202 1.2768243 1.6220399 1.7048703 1.4457385 1.0745204 1.1471028 0.0000000 0.8958708 1.0734248 
COXZ_RHOSH_27_173    1.7341139 0.9999034 1.2336211 1.1900049 1.3593918 1.3908808 1.5505017 1.2858625 1.0787118 0.9319834 0.8958708 0.0000000 0.5344359 
COXZ_PARDE_30_175    1.7911157 1.0996837 1.1696024 1.2642631 1.1566194 1.2927639 1.3125302 1.1612667 1.0733140 0.9600446 1.0734248 0.5344359 0.0000000 
