6
YHCB_ECOLI_7_133   0.0000000 0.2133768 0.9200293 1.0536354 1.3853390 1.4986114 
Q8ZB59_YERPE_5_132 0.2133768 0.0000000 0.8296203 0.8685054 1.4002119 1.4305525 
Q8DEI7_VIBVU_2_133 0.9200293 0.8296203 0.0000000 0.3486268 1.6786832 1.9312941 
Q9KUF4_VIBCH_5_132 1.0536354 0.8685054 0.3486268 0.0000000 1.7218643 2.3233931 
Y1628_HAEIN_11_133 1.3853390 1.4002119 1.6786832 1.7218643 0.0000000 1.9677971 
Q8D359_WIGBR_4_123 1.4986114 1.4305525 1.9312941 2.3233931 1.9677971 0.0000000 
