7
Q9PUK2_CHICK_127_253 0.0000000 0.5906453 0.5609472 0.9286701 2.6596066 2.7060727 3.8300986 
CER1_MOUSE_121_247   0.5906453 0.0000000 0.3073661 1.0479454 2.4838786 2.7611855 4.2703306 
CER1_HUMAN_121_247   0.5609472 0.3073661 0.0000000 0.8975129 2.0380700 2.4279278 3.6803974 
P70041_XENLA_128_253 0.9286701 1.0479454 0.8975129 0.0000000 2.5228955 3.1050861 3.4421616 
GREM1_MOUSE_58_184   2.6596066 2.4838786 2.0380700 2.5228955 0.0000000 0.3784337 2.8073717 
GREM2_MOUSE_44_163   2.7060727 2.7611855 2.4279278 3.1050861 0.3784337 0.0000000 2.3522590 
NBL1_MOUSE_1_125     3.8300986 4.2703306 3.6803974 3.4421616 2.8073717 2.3522590 0.0000000 
