51
Q7UP10_RHOBA_69_492  0.0000000 0.2389831 0.2285547 0.3322332 0.3677454 0.3519874 0.4934804 0.5681163 0.3751937 0.4361495 0.4579677 0.5483842 0.3883316 0.6832024 0.6230088 0.5764227 0.5725272 0.5391769 0.5868135 0.6931474 0.5836559 0.5392339 0.6165964 0.7876158 0.8857402 0.5751784 0.7981320 1.0131400 0.8834897 0.9827542 0.9565293 1.1131559 1.1298350 0.9631173 1.5348937 1.0054564 1.3596461 1.2103425 1.6043337 1.0378742 4.2345845 3.6499209 3.3386750 3.1141444 4.0850706 2.5933321 2.8829428 2.8327055 2.6538834 2.5739233 2.5201382 
Q7UKW9_RHOBA_100_522 0.2389831 0.0000000 0.1960112 0.2353376 0.4400106 0.3977356 0.5033217 0.5265325 0.4657946 0.5726781 0.4781785 0.5299571 0.3889562 0.6169764 0.6007861 0.5538182 0.4946774 0.5944734 0.6242712 0.5998079 0.5370528 0.5482948 0.6767031 0.9152304 0.8036516 0.6184119 0.6293632 0.9720003 0.7338715 0.9995894 1.0037187 1.1287930 1.2420471 0.9101925 1.3231700 1.1090256 1.3332041 1.3103278 1.8936155 1.0333401 4.3938991 3.8870776 3.1514800 3.5362313 4.2052519 2.8781824 2.9311261 2.9933125 2.9512964 3.0218643 2.4909889 
Q7UKM6_RHOBA_69_495  0.2285547 0.1960112 0.0000000 0.3796582 0.4683596 0.3561394 0.5757897 0.4984300 0.3774315 0.5644017 0.4496220 0.6907002 0.4877609 0.5709599 0.4943009 0.5097834 0.4906570 0.5561888 0.6715296 0.6689367 0.7460661 0.5677035 0.8095262 0.7232105 0.8374291 0.6726686 0.7546440 0.8985846 0.7891253 0.8726057 1.0885531 1.2153696 1.2308500 1.0201085 1.1745178 1.1839070 1.3812381 1.4312642 1.8438115 0.9997582 3.6925999 3.3694440 3.0257180 3.2572110 3.5362167 2.4775368 2.8394526 2.9052573 2.6642208 2.7540444 2.0837215 
Q7UVE3_RHOBA_81_505  0.3322332 0.2353376 0.3796582 0.0000000 0.3395393 0.4228206 0.5248601 0.3872774 0.4963346 0.5723207 0.4783015 0.4106530 0.4320364 0.5696887 0.5249929 0.6014811 0.5835126 0.5173750 0.5570576 0.4940753 0.4770302 0.4553700 0.6789717 0.7096751 0.8743085 0.5971235 0.8041472 0.8674921 0.6412753 0.9963293 1.0414560 1.0945899 1.0679477 1.0496157 1.3755516 1.1372170 1.4564667 1.1833513 2.1349390 1.0673718 4.4222755 5.2347866 3.9057627 4.0115215 4.4188033 2.9084673 2.5620228 3.0177565 4.0201179 3.8296544 2.9303943 
Q7UYR5_RHOBA_95_521  0.3677454 0.4400106 0.4683596 0.3395393 0.0000000 0.3962584 0.4924293 0.4527437 0.5357939 0.5536537 0.4238035 0.4720323 0.4894967 0.5120259 0.5371680 0.5418047 0.5254917 0.5160393 0.4933554 0.4212657 0.4623818 0.3689036 0.5451404 0.7088609 0.7895103 0.4391902 0.7610745 0.8719072 0.7241310 0.9370097 0.7830865 0.9886840 0.9991967 0.7146949 1.6044098 0.8286023 1.1422323 0.9222707 1.4835895 0.9994350 4.5780196 5.3395725 3.4780071 3.7558632 5.1826164 2.7039534 2.7671920 3.1177155 3.2677933 3.1373282 3.1268215 
Q7UJ54_RHOBA_70_497  0.3519874 0.3977356 0.3561394 0.4228206 0.3962584 0.0000000 0.2429686 0.4395976 0.4101500 0.4917327 0.4193582 0.4798343 0.5100434 0.4169966 0.5353660 0.6285596 0.5058484 0.4569316 0.6387061 0.5413396 0.4310716 0.5124982 0.5565753 0.6251289 0.6411448 0.3907656 0.5835819 0.7984199 0.6776574 0.7990088 0.8859187 1.0564759 1.0154490 0.6997688 1.3253565 0.7997455 1.0735217 1.0089201 1.4493747 0.8677179 3.8640547 3.2501399 3.4226457 2.8823796 3.6913996 2.1012198 2.5531127 2.9916949 2.4014201 2.4875143 2.5080445 
Q7UYC8_RHOBA_101_527 0.4934804 0.5033217 0.5757897 0.5248601 0.4924293 0.2429686 0.0000000 0.5811157 0.6498451 0.6213653 0.5329332 0.4186096 0.6787482 0.6436116 0.6349343 0.6453006 0.6728905 0.5316759 0.5361672 0.5919575 0.5770516 0.6025135 0.5304200 0.7812292 0.7965532 0.4303682 0.7516589 0.7808334 0.6439369 0.8710549 0.6235987 0.8209074 0.9371569 0.6645006 1.3386254 0.6471166 1.0975254 0.8587518 1.4739942 0.8455776 3.7448162 3.0259650 3.4731718 2.7888497 4.4104370 1.7828924 2.2589369 2.7597890 2.6619901 2.4809416 2.8287344 
Q7UFP1_RHOBA_49_464  0.5681163 0.5265325 0.4984300 0.3872774 0.4527437 0.4395976 0.5811157 0.0000000 0.2205893 0.7187685 0.5233294 0.5594400 0.5264887 0.4933714 0.5155200 0.6233188 0.5123099 0.4091385 0.5267518 0.5432167 0.5637450 0.6346759 0.5203138 0.7232756 0.6427358 0.5587178 0.8240030 0.9511978 0.8652342 1.1376281 0.7225330 0.8275617 1.0362171 1.0180467 1.1381684 0.9009170 1.3387251 1.5376584 1.3903221 1.1378464 3.8090133 3.4138684 4.2185200 3.3524593 4.6497750 2.6327529 2.2314068 3.8051184 3.0651106 3.2385061 2.7526464 
Q7UZ35_RHOBA_49_467  0.3751937 0.4657946 0.3774315 0.4963346 0.5357939 0.4101500 0.6498451 0.2205893 0.0000000 0.5028973 0.4880802 0.5862450 0.3943757 0.4985439 0.5021638 0.5325528 0.4086830 0.4381204 0.6371863 0.5113905 0.5802876 0.5981414 0.6957857 0.6244133 0.5944212 0.5198482 0.6864586 0.9073070 0.8329232 0.9805804 0.8381353 0.9318463 1.0384224 1.0255523 1.3301952 0.9298426 1.3689206 1.5434822 1.3750048 1.1349258 3.9132964 3.5469053 3.4678073 3.1892184 3.4531075 2.8262527 3.2125168 3.4514987 3.0021380 3.1721688 2.1733273 
Q7UVE1_RHOBA_82_507  0.4361495 0.5726781 0.5644017 0.5723207 0.5536537 0.4917327 0.6213653 0.7187685 0.5028973 0.0000000 0.2609338 0.4487562 0.6249700 0.5575479 0.6343632 0.5444007 0.4068452 0.6237540 0.6579563 0.5622712 0.5630391 0.4412241 0.5930406 0.6885218 0.8136698 0.5672500 0.7229580 0.7937675 0.9225787 0.9519798 1.1072706 1.1665868 1.4387605 0.9795006 1.4415222 1.1081257 1.5885568 1.3565782 1.6439157 1.1187943 4.9899767 4.3098769 3.2424806 2.4365994 4.1352295 2.4934060 2.9557014 2.4889993 2.9910598 2.8502228 2.3224470 
Q7UDW2_RHOBA_77_502  0.4579677 0.4781785 0.4496220 0.4783015 0.4238035 0.4193582 0.5329332 0.5233294 0.4880802 0.2609338 0.0000000 0.3115756 0.4897142 0.3513277 0.5488523 0.5480726 0.4349650 0.5129859 0.6006173 0.5138781 0.4635867 0.3990977 0.4695271 0.5839142 0.6576713 0.5166914 0.8588294 0.6632284 0.6799382 0.6932879 0.8766618 1.1309935 1.2452659 1.0446260 1.4313836 0.9868785 1.4254600 1.2420817 1.5642365 0.8562426 4.7637574 4.2403773 3.3427427 2.6837186 4.7063119 2.4387644 2.9246663 2.6424192 3.0731576 2.9318370 2.4379468 
Q7UM62_RHOBA_63_489  0.5483842 0.5299571 0.6907002 0.4106530 0.4720323 0.4798343 0.4186096 0.5594400 0.5862450 0.4487562 0.3115756 0.0000000 0.5573379 0.5932102 0.5884813 0.5610690 0.5070667 0.5881673 0.5521247 0.4796714 0.4400971 0.4880590 0.5692321 0.5643151 0.5945665 0.6370339 0.7450685 0.8340485 0.6758768 0.9555769 0.8369286 1.0399489 0.9954583 0.8537303 1.6241329 1.1092703 1.3039615 1.1477025 1.5026190 1.0470494 3.6780657 3.2145565 3.7519053 4.0164656 4.2263048 2.2403735 2.3109270 2.5457478 3.2077373 3.1927600 3.0873932 
Q7UJ36_RHOBA_99_512  0.3883316 0.3889562 0.4877609 0.4320364 0.4894967 0.5100434 0.6787482 0.5264887 0.3943757 0.6249700 0.4897142 0.5573379 0.0000000 0.6025152 0.5321722 0.5560836 0.4622877 0.3915644 0.6285884 0.5252407 0.4066067 0.5054156 0.6391050 0.6829761 0.6664310 0.4652825 0.8174781 0.9525786 0.6543794 0.9551225 0.8272691 0.9236773 0.9416364 0.9146587 1.0351449 1.0412157 1.3474698 1.4554418 1.2651793 0.9078535 4.2054305 4.5070570 2.9538989 3.5243449 3.7304791 3.0832380 3.1344280 2.8496958 3.2757127 3.3532189 2.8046378 
Q7UGB9_RHOBA_69_492  0.6832024 0.6169764 0.5709599 0.5696887 0.5120259 0.4169966 0.6436116 0.4933714 0.4985439 0.5575479 0.3513277 0.5932102 0.6025152 0.0000000 0.7261769 0.8043045 0.6641812 0.5856270 0.8464411 0.7176007 0.5524311 0.6776978 0.8727661 0.5797486 0.4505436 0.4073778 0.7902881 0.8070555 0.7565941 0.8650363 0.7887159 1.3528654 1.2676654 0.9787201 1.2135348 0.9026103 1.1791399 1.4061548 1.3608115 0.8740754 4.0159652 4.1474506 3.1905411 3.3678408 4.1643835 2.3724645 2.4558597 2.9078719 3.0869468 3.1626079 2.5603446 
Q7UH70_RHOBA_75_488  0.6230088 0.6007861 0.4943009 0.5249929 0.5371680 0.5353660 0.6349343 0.5155200 0.5021638 0.6343632 0.5488523 0.5884813 0.5321722 0.7261769 0.0000000 0.3492979 0.5312633 0.5298043 0.6044478 0.4999332 0.5315962 0.5442580 0.6546801 0.7304767 0.9310194 0.4458890 0.9297913 1.0154846 0.7212810 0.9053072 0.9636866 1.2041145 1.4106281 0.9483936 1.3941677 0.8696087 1.5293836 1.3736320 1.8869944 1.1193938 4.1282837 4.3172889 3.2840457 3.4337778 4.1235025 2.8043282 2.9153906 3.1425935 3.0250159 2.9939529 2.9389132 
Q7UQ29_RHOBA_54_472  0.5764227 0.5538182 0.5097834 0.6014811 0.5418047 0.6285596 0.6453006 0.6233188 0.5325528 0.5444007 0.5480726 0.5610690 0.5560836 0.8043045 0.3492979 0.0000000 0.3086387 0.5185516 0.5520423 0.5466813 0.5344337 0.3959829 0.6104463 0.6674262 0.7143242 0.4819374 0.6147135 1.1321822 0.8408794 1.0067064 1.0219181 1.4378690 1.4424377 0.9528370 1.5963743 1.1251064 1.3630976 1.2016171 1.7070623 1.3898479 3.6957613 3.5012598 3.2046051 3.4447864 3.1890443 2.9017485 3.0983798 2.8659915 2.7260748 2.8134053 2.5319359 
Q7UWA1_RHOBA_72_492  0.5725272 0.4946774 0.4906570 0.5835126 0.5254917 0.5058484 0.6728905 0.5123099 0.4086830 0.4068452 0.4349650 0.5070667 0.4622877 0.6641812 0.5312633 0.3086387 0.0000000 0.3978251 0.5687986 0.3736719 0.4123382 0.4213287 0.4176918 0.7027730 0.7357576 0.4419871 0.6186378 0.8948376 0.7238823 0.9138492 0.9290507 1.2321281 1.3060705 0.9260792 1.4532720 1.1438794 1.5608418 1.4901063 1.5778155 1.0182698 4.1399524 3.5298385 2.6090426 2.4192103 3.7582824 2.9570667 2.9275106 3.2921710 2.7531435 2.7929442 2.4284116 
Q7US09_RHOBA_66_482  0.5391769 0.5944734 0.5561888 0.5173750 0.5160393 0.4569316 0.5316759 0.4091385 0.4381204 0.6237540 0.5129859 0.5881673 0.3915644 0.5856270 0.5298043 0.5185516 0.3978251 0.0000000 0.4281188 0.3904555 0.3645463 0.4954910 0.4136677 0.5110398 0.6679130 0.3817123 0.8083448 0.8425285 0.6508481 0.9136263 0.7231477 0.7579940 1.0512725 0.8169568 1.3435458 0.8271864 1.0729240 1.0526864 1.1770717 1.0308332 3.1374462 3.8899356 2.7481617 2.8917141 4.8089218 2.8674638 2.7266502 3.8812020 2.6034134 2.8369973 2.6391778 
Q7UHL2_RHOBA_84_501  0.5868135 0.6242712 0.6715296 0.5570576 0.4933554 0.6387061 0.5361672 0.5267518 0.6371863 0.6579563 0.6006173 0.5521247 0.6285884 0.8464411 0.6044478 0.5520423 0.5687986 0.4281188 0.0000000 0.4484162 0.5170840 0.5292716 0.4153324 0.7178143 0.8346895 0.4854543 0.8066633 0.8708299 0.7747233 0.9649377 0.7853836 0.8923301 0.9790714 0.8476630 1.7139509 0.9758871 1.2283609 1.3062436 1.4738999 1.0418625 3.2452766 3.3234904 2.9824253 3.0048696 5.2401242 2.5851298 2.3429123 3.8595183 2.5284313 2.5547940 3.0643480 
Q7UHK7_RHOBA_71_478  0.6931474 0.5998079 0.6689367 0.4940753 0.4212657 0.5413396 0.5919575 0.5432167 0.5113905 0.5622712 0.5138781 0.4796714 0.5252407 0.7176007 0.4999332 0.5466813 0.3736719 0.3904555 0.4484162 0.0000000 0.4835676 0.3787784 0.5287363 0.6780128 0.8346391 0.4545495 0.7909075 0.7905952 0.5172284 0.8281925 0.7120559 0.9854771 1.0456710 0.8574467 1.4466939 0.9438216 1.3558374 1.1216468 1.6687649 1.0218092 3.1508341 3.4832348 3.2166618 2.6307425 4.7173426 3.1882550 3.2486523 3.7020119 3.2109912 3.4974387 2.4320435 
Q7UQW1_RHOBA_70_487  0.5836559 0.5370528 0.7460661 0.4770302 0.4623818 0.4310716 0.5770516 0.5637450 0.5802876 0.5630391 0.4635867 0.4400971 0.4066067 0.5524311 0.5315962 0.5344337 0.4123382 0.3645463 0.5170840 0.4835676 0.0000000 0.4773638 0.4058371 0.5732333 0.6864394 0.3357333 0.6819531 0.9881114 0.6195661 0.8153105 0.7021251 1.0422671 1.2040348 0.8014610 1.6422234 0.8191442 1.4312332 1.2169159 1.5906888 0.9622391 3.4883214 4.2811748 3.1613728 3.1579989 3.9493009 3.2801340 3.0012567 3.4292833 2.9934409 3.2646318 3.2296752 
Q7UV65_RHOBA_50_468  0.5392339 0.5482948 0.5677035 0.4553700 0.3689036 0.5124982 0.6025135 0.6346759 0.5981414 0.4412241 0.3990977 0.4880590 0.5054156 0.6776978 0.5442580 0.3959829 0.4213287 0.4954910 0.5292716 0.3787784 0.4773638 0.0000000 0.4950417 0.8081490 0.7592698 0.5685697 0.7625486 0.8191307 0.7025136 0.7476690 0.9695469 1.3279992 1.3453412 0.9360599 1.5093991 1.1085986 1.3997052 1.2364374 2.0844183 1.1382841 4.4154003 5.0590185 3.0301400 3.2126129 4.3450073 3.2053088 3.2523471 2.5262771 3.2518512 3.2466079 2.4175639 
Q7UN58_RHOBA_63_468  0.6165964 0.6767031 0.8095262 0.6789717 0.5451404 0.5565753 0.5304200 0.5203138 0.6957857 0.5930406 0.4695271 0.5692321 0.6391050 0.8727661 0.6546801 0.6104463 0.4176918 0.4136677 0.4153324 0.5287363 0.4058371 0.4950417 0.0000000 0.8640815 0.9016665 0.5365860 0.8652209 0.8366570 0.8594858 1.0450694 0.7669514 0.9245085 1.0316804 0.9589060 1.6409545 0.9034578 1.2862328 1.2246400 1.4193867 1.0215765 3.9835854 3.7736804 3.5591734 2.6197623 5.1368467 2.5700714 2.5573846 3.1987267 2.5636621 2.5914101 2.8115592 
Q7UJ64_RHOBA_59_474  0.7876158 0.9152304 0.7232105 0.7096751 0.7088609 0.6251289 0.7812292 0.7232756 0.6244133 0.6885218 0.5839142 0.5643151 0.6829761 0.5797486 0.7304767 0.6674262 0.7027730 0.5110398 0.7178143 0.6780128 0.5732333 0.8081490 0.8640815 0.0000000 0.5586305 0.6689725 0.9794816 0.9569233 0.8561334 0.9986726 0.8743571 0.8272317 1.0692480 1.1248662 1.6644728 1.3682005 1.3969355 1.0034201 0.9195829 1.2168287 3.2325257 3.7147654 3.9726835 3.4497264 4.5264410 2.2649858 2.5598150 2.6520521 2.8601143 3.1280615 2.5968306 
Q7UT83_RHOBA_61_480  0.8857402 0.8036516 0.8374291 0.8743085 0.7895103 0.6411448 0.7965532 0.6427358 0.5944212 0.8136698 0.6576713 0.5945665 0.6664310 0.4505436 0.9310194 0.7143242 0.7357576 0.6679130 0.8346895 0.8346391 0.6864394 0.7592698 0.9016665 0.5586305 0.0000000 0.7431907 0.7694368 0.9540348 0.9318779 1.1967073 0.7465741 1.3722184 1.2013152 1.1057206 1.6669673 1.2190504 1.1963072 1.3433475 0.9332340 0.9203949 4.0554660 3.7883610 3.1092661 3.6019007 3.8492596 2.5070255 2.5529147 2.6678352 2.5125624 2.6259908 3.0036190 
Q7UIF5_RHOBA_61_494  0.5751784 0.6184119 0.6726686 0.5971235 0.4391902 0.3907656 0.4303682 0.5587178 0.5198482 0.5672500 0.5166914 0.6370339 0.4652825 0.4073778 0.4458890 0.4819374 0.4419871 0.3817123 0.4854543 0.4545495 0.3357333 0.5685697 0.5365860 0.6689725 0.7431907 0.0000000 0.5626096 0.8111924 0.4871021 0.7148559 0.7022142 1.0326978 1.0974963 0.6614478 1.6680560 0.6185793 1.0483878 1.2133282 1.4619860 0.9202561 3.4282119 3.5542092 2.9637080 2.3655046 3.6972075 2.2822931 2.2540572 3.2337981 2.5380706 2.5891450 2.9167965 
Q7UQ53_RHOBA_45_480  0.7981320 0.6293632 0.7546440 0.8041472 0.7610745 0.5835819 0.7516589 0.8240030 0.6864586 0.7229580 0.8588294 0.7450685 0.8174781 0.7902881 0.9297913 0.6147135 0.6186378 0.8083448 0.8066633 0.7909075 0.6819531 0.7625486 0.8652209 0.9794816 0.7694368 0.5626096 0.0000000 0.9385916 0.9218462 0.8857915 1.3065403 1.2644863 1.2595626 0.8250678 1.8489885 1.0690976 1.3642811 1.5620283 2.1610761 1.3954023 3.6429112 3.9344109 3.0795458 3.1947708 3.9249387 2.8184462 2.8492597 2.4843968 2.3137583 2.4999827 2.6349120 
Q7URV7_RHOBA_77_499  1.0131400 0.9720003 0.8985846 0.8674921 0.8719072 0.7984199 0.7808334 0.9511978 0.9073070 0.7937675 0.6632284 0.8340485 0.9525786 0.8070555 1.0154846 1.1321822 0.8948376 0.8425285 0.8708299 0.7905952 0.9881114 0.8191307 0.8366570 0.9569233 0.9540348 0.8111924 0.9385916 0.0000000 0.3947765 0.4352446 1.3073240 1.2571027 1.4366813 1.1307623 1.4152345 1.2140913 1.3317904 2.0972214 2.0054612 0.9890477 4.7703059 4.4048791 4.1810647 3.1276299 4.0800881 2.5387549 3.2785617 2.3508387 2.7747975 2.9877454 2.6024416 
Q7UEK9_RHOBA_80_501  0.8834897 0.7338715 0.7891253 0.6412753 0.7241310 0.6776574 0.6439369 0.8652342 0.8329232 0.9225787 0.6799382 0.6758768 0.6543794 0.7565941 0.7212810 0.8408794 0.7238823 0.6508481 0.7747233 0.5172284 0.6195661 0.7025136 0.8594858 0.8561334 0.9318779 0.4871021 0.9218462 0.3947765 0.0000000 0.5199914 0.9438921 1.1671614 1.4465555 0.9850147 1.4350915 1.0251402 1.3113943 1.6880115 1.9557910 0.9364818 3.3553216 3.9343805 3.4662365 3.3851519 4.2481919 2.1193053 2.5070289 2.1595812 2.6754712 2.7893560 2.9796123 
Q7UYJ8_RHOBA_60_484  0.9827542 0.9995894 0.8726057 0.9963293 0.9370097 0.7990088 0.8710549 1.1376281 0.9805804 0.9519798 0.6932879 0.9555769 0.9551225 0.8650363 0.9053072 1.0067064 0.9138492 0.9136263 0.9649377 0.8281925 0.8153105 0.7476690 1.0450694 0.9986726 1.1967073 0.7148559 0.8857915 0.4352446 0.5199914 0.0000000 1.5087680 1.5036568 1.5617382 1.1057585 1.9337864 1.3687997 1.5486627 2.2966428 2.6491324 1.2238393 3.4478096 3.1175170 3.5439979 3.5273709 3.7770702 3.0791651 3.0815024 2.2968910 2.3882771 2.6600169 2.6212923 
Q7UPF7_RHOBA_65_448  0.9565293 1.0037187 1.0885531 1.0414560 0.7830865 0.8859187 0.6235987 0.7225330 0.8381353 1.1072706 0.8766618 0.8369286 0.8272691 0.7887159 0.9636866 1.0219181 0.9290507 0.7231477 0.7853836 0.7120559 0.7021251 0.9695469 0.7669514 0.8743571 0.7465741 0.7022142 1.3065403 1.3073240 0.9438921 1.5087680 0.0000000 0.7926106 1.1109882 1.0455080 1.6010277 0.8923560 1.3067715 1.1329187 1.0891401 0.8597136 3.3384674 3.7296716 3.7383519 2.9245017 5.4629555 2.4142510 2.2305378 3.1478451 2.7965940 3.0705040 3.4475001 
Q7UYM7_RHOBA_45_446  1.1131559 1.1287930 1.2153696 1.0945899 0.9886840 1.0564759 0.8209074 0.8275617 0.9318463 1.1665868 1.1309935 1.0399489 0.9236773 1.3528654 1.2041145 1.4378690 1.2321281 0.7579940 0.8923301 0.9854771 1.0422671 1.3279992 0.9245085 0.8272317 1.3722184 1.0326978 1.2644863 1.2571027 1.1671614 1.5036568 0.7926106 0.0000000 0.7131477 0.9987214 1.3556051 1.1960717 0.9973112 1.2516942 0.9299222 1.1753685 2.9376978 3.0323249 3.2453748 3.5163397 5.1149965 2.7833675 2.5505404 3.6450184 2.7875077 3.3684037 2.9953387 
Q7UI66_RHOBA_46_421  1.1298350 1.2420471 1.2308500 1.0679477 0.9991967 1.0154490 0.9371569 1.0362171 1.0384224 1.4387605 1.2452659 0.9954583 0.9416364 1.2676654 1.4106281 1.4424377 1.3060705 1.0512725 0.9790714 1.0456710 1.2040348 1.3453412 1.0316804 1.0692480 1.2013152 1.0974963 1.2595626 1.4366813 1.4465555 1.5617382 1.1109882 0.7131477 0.0000000 1.3043751 1.5994195 1.1992741 1.0670092 1.4087612 1.3414931 1.0022730 2.7804001 3.6975431 3.5039832 3.7746218 3.7741835 2.3384369 2.5281557 2.4326193 2.7598099 2.3444542 3.2784636 
Q7UPP6_RHOBA_56_434  0.9631173 0.9101925 1.0201085 1.0496157 0.7146949 0.6997688 0.6645006 1.0180467 1.0255523 0.9795006 1.0446260 0.8537303 0.9146587 0.9787201 0.9483936 0.9528370 0.9260792 0.8169568 0.8476630 0.8574467 0.8014610 0.9360599 0.9589060 1.1248662 1.1057206 0.6614478 0.8250678 1.1307623 0.9850147 1.1057585 1.0455080 0.9987214 1.3043751 0.0000000 1.5995552 0.7626567 1.2822167 1.1774728 1.4620961 1.1274277 4.2207692 3.7491037 3.6240088 2.8208783 3.8714825 2.1200070 2.3070241 2.7250129 3.1044993 3.2054190 3.3842350 
Q7UTL9_RHOBA_100_490 1.5348937 1.3231700 1.1745178 1.3755516 1.6044098 1.3253565 1.3386254 1.1381684 1.3301952 1.4415222 1.4313836 1.6241329 1.0351449 1.2135348 1.3941677 1.5963743 1.4532720 1.3435458 1.7139509 1.4466939 1.6422234 1.5093991 1.6409545 1.6644728 1.6669673 1.6680560 1.8489885 1.4152345 1.4350915 1.9337864 1.6010277 1.3556051 1.5994195 1.5995552 0.0000000 1.0627051 1.7722268 2.1683719 1.5510154 1.2850431 3.2832219 2.8666677 3.0194996 4.9054541 3.5214526 2.5305711 3.0974922 2.6330987 4.1536742 3.4222135 2.9010070 
Q7UR29_RHOBA_60_444  1.0054564 1.1090256 1.1839070 1.1372170 0.8286023 0.7997455 0.6471166 0.9009170 0.9298426 1.1081257 0.9868785 1.1092703 1.0412157 0.9026103 0.8696087 1.1251064 1.1438794 0.8271864 0.9758871 0.9438216 0.8191442 1.1085986 0.9034578 1.3682005 1.2190504 0.6185793 1.0690976 1.2140913 1.0251402 1.3687997 0.8923560 1.1960717 1.1992741 0.7626567 1.0627051 0.0000000 0.8960010 1.0121700 1.1737307 0.8814686 2.7327012 3.1836498 2.5182671 2.8149597 3.3582409 1.9871318 2.2733714 2.8313302 2.8421928 2.1557864 2.6695515 
Q7UGF5_RHOBA_94_499  1.3596461 1.3332041 1.3812381 1.4564667 1.1422323 1.0735217 1.0975254 1.3387251 1.3689206 1.5885568 1.4254600 1.3039615 1.3474698 1.1791399 1.5293836 1.3630976 1.5608418 1.0729240 1.2283609 1.3558374 1.4312332 1.3997052 1.2862328 1.3969355 1.1963072 1.0483878 1.3642811 1.3317904 1.3113943 1.5486627 1.3067715 0.9973112 1.0670092 1.2822167 1.7722268 0.8960010 0.0000000 1.2783889 1.1673812 1.0762572 3.2130308 3.7812882 3.1408892 4.2085191 4.4291465 2.6524411 2.7299737 2.8437633 3.2029950 2.9111448 3.2410924 
Q7UQT8_RHOBA_50_438  1.2103425 1.3103278 1.4312642 1.1833513 0.9222707 1.0089201 0.8587518 1.5376584 1.5434822 1.3565782 1.2420817 1.1477025 1.4554418 1.4061548 1.3736320 1.2016171 1.4901063 1.0526864 1.3062436 1.1216468 1.2169159 1.2364374 1.2246400 1.0034201 1.3433475 1.2133282 1.5620283 2.0972214 1.6880115 2.2966428 1.1329187 1.2516942 1.4087612 1.1774728 2.1683719 1.0121700 1.2783889 0.0000000 1.2083766 1.5598720 2.4747233 2.7392594 3.3611249 2.9969735 3.7045609 1.7664292 1.7944774 2.4168520 2.9557730 2.9034972 2.7089902 
Q7ULC1_RHOBA_52_445  1.6043337 1.8936155 1.8438115 2.1349390 1.4835895 1.4493747 1.4739942 1.3903221 1.3750048 1.6439157 1.5642365 1.5026190 1.2651793 1.3608115 1.8869944 1.7070623 1.5778155 1.1770717 1.4738999 1.6687649 1.5906888 2.0844183 1.4193867 0.9195829 0.9332340 1.4619860 2.1610761 2.0054612 1.9557910 2.6491324 1.0891401 0.9299222 1.3414931 1.4620961 1.5510154 1.1737307 1.1673812 1.2083766 0.0000000 1.2029743 4.4121238 3.4952093 3.8226203 4.5623009 5.3628439 2.0555410 2.3597313 3.1354874 3.1414533 2.7868430 2.7394271 
Q7UW70_RHOBA_70_497  1.0378742 1.0333401 0.9997582 1.0673718 0.9994350 0.8677179 0.8455776 1.1378464 1.1349258 1.1187943 0.8562426 1.0470494 0.9078535 0.8740754 1.1193938 1.3898479 1.0182698 1.0308332 1.0418625 1.0218092 0.9622391 1.1382841 1.0215765 1.2168287 0.9203949 0.9202561 1.3954023 0.9890477 0.9364818 1.2238393 0.8597136 1.1753685 1.0022730 1.1274277 1.2850431 0.8814686 1.0762572 1.5598720 1.2029743 0.0000000 3.5961730 3.4970957 2.4964503 3.0660456 3.6749857 2.3437053 2.4311942 2.4977648 2.8726971 2.5336782 2.7044829 
Q7MDY0_VIBVY_67_457  4.2345845 4.3938991 3.6925999 4.4222755 4.5780196 3.8640547 3.7448162 3.8090133 3.9132964 4.9899767 4.7637574 3.6780657 4.2054305 4.0159652 4.1282837 3.6957613 4.1399524 3.1374462 3.2452766 3.1508341 3.4883214 4.4154003 3.9835854 3.2325257 4.0554660 3.4282119 3.6429112 4.7703059 3.3553216 3.4478096 3.3384674 2.9376978 2.7804001 4.2207692 3.2832219 2.7327012 3.2130308 2.4747233 4.4121238 3.5961730 0.0000000 0.7824148 1.2931638 1.2887114 2.2931479 3.3353387 2.8384032 2.4723338 2.4321838 2.9745518 3.6296348 
Q87HJ3_VIBPA_35_425  3.6499209 3.8870776 3.3694440 5.2347866 5.3395725 3.2501399 3.0259650 3.4138684 3.5469053 4.3098769 4.2403773 3.2145565 4.5070570 4.1474506 4.3172889 3.5012598 3.5298385 3.8899356 3.3234904 3.4832348 4.2811748 5.0590185 3.7736804 3.7147654 3.7883610 3.5542092 3.9344109 4.4048791 3.9343805 3.1175170 3.7296716 3.0323249 3.6975431 3.7491037 2.8666677 3.1836498 3.7812882 2.7392594 3.4952093 3.4970957 0.7824148 0.0000000 1.2363094 1.2755351 2.2246766 2.4835792 2.3198047 2.5184790 2.4200205 2.6281391 2.1551948 
Q7MLK9_VIBVY_33_420  3.3386750 3.1514800 3.0257180 3.9057627 3.4780071 3.4226457 3.4731718 4.2185200 3.4678073 3.2424806 3.3427427 3.7519053 2.9538989 3.1905411 3.2840457 3.2046051 2.6090426 2.7481617 2.9824253 3.2166618 3.1613728 3.0301400 3.5591734 3.9726835 3.1092661 2.9637080 3.0795458 4.1810647 3.4662365 3.5439979 3.7383519 3.2453748 3.5039832 3.6240088 3.0194996 2.5182671 3.1408892 3.3611249 3.8226203 2.4964503 1.2931638 1.2363094 0.0000000 1.0752508 1.3530422 2.4799762 2.5880328 1.7648846 1.5562362 1.5655736 2.2373635 
Q9A5N3_CAUCR_44_506  3.1141444 3.5362313 3.2572110 4.0115215 3.7558632 2.8823796 2.7888497 3.3524593 3.1892184 2.4365994 2.6837186 4.0164656 3.5243449 3.3678408 3.4337778 3.4447864 2.4192103 2.8917141 3.0048696 2.6307425 3.1579989 3.2126129 2.6197623 3.4497264 3.6019007 2.3655046 3.1947708 3.1276299 3.3851519 3.5273709 2.9245017 3.5163397 3.7746218 2.8208783 4.9054541 2.8149597 4.2085191 2.9969735 4.5623009 3.0660456 1.2887114 1.2755351 1.0752508 0.0000000 1.9849923 2.9743642 3.1939397 2.4686230 2.3348137 2.2550921 2.1189867 
Q7MCK0_VIBVY_38_408  4.0850706 4.2052519 3.5362167 4.4188033 5.1826164 3.6913996 4.4104370 4.6497750 3.4531075 4.1352295 4.7063119 4.2263048 3.7304791 4.1643835 4.1235025 3.1890443 3.7582824 4.8089218 5.2401242 4.7173426 3.9493009 4.3450073 5.1368467 4.5264410 3.8492596 3.6972075 3.9249387 4.0800881 4.2481919 3.7770702 5.4629555 5.1149965 3.7741835 3.8714825 3.5214526 3.3582409 4.4291465 3.7045609 5.3628439 3.6749857 2.2931479 2.2246766 1.3530422 1.9849923 0.0000000 2.6075332 2.5116497 2.9497810 2.9426000 2.3841281 2.9284432 
Q89DL5_BRAJA_42_392  2.5933321 2.8781824 2.4775368 2.9084673 2.7039534 2.1012198 1.7828924 2.6327529 2.8262527 2.4934060 2.4387644 2.2403735 3.0832380 2.3724645 2.8043282 2.9017485 2.9570667 2.8674638 2.5851298 3.1882550 3.2801340 3.2053088 2.5700714 2.2649858 2.5070255 2.2822931 2.8184462 2.5387549 2.1193053 3.0791651 2.4142510 2.7833675 2.3384369 2.1200070 2.5305711 1.9871318 2.6524411 1.7664292 2.0555410 2.3437053 3.3353387 2.4835792 2.4799762 2.9743642 2.6075332 0.0000000 0.2562147 0.8896359 1.1261072 0.9075076 1.6601334 
Q98BS1_RHILO_39_404  2.8829428 2.9311261 2.8394526 2.5620228 2.7671920 2.5531127 2.2589369 2.2314068 3.2125168 2.9557014 2.9246663 2.3109270 3.1344280 2.4558597 2.9153906 3.0983798 2.9275106 2.7266502 2.3429123 3.2486523 3.0012567 3.2523471 2.5573846 2.5598150 2.5529147 2.2540572 2.8492597 3.2785617 2.5070289 3.0815024 2.2305378 2.5505404 2.5281557 2.3070241 3.0974922 2.2733714 2.7299737 1.7944774 2.3597313 2.4311942 2.8384032 2.3198047 2.5880328 3.1939397 2.5116497 0.2562147 0.0000000 1.2140791 1.1142607 1.0518101 1.9933121 
Q9A6V4_CAUCR_38_393  2.8327055 2.9933125 2.9052573 3.0177565 3.1177155 2.9916949 2.7597890 3.8051184 3.4514987 2.4889993 2.6424192 2.5457478 2.8496958 2.9078719 3.1425935 2.8659915 3.2921710 3.8812020 3.8595183 3.7020119 3.4292833 2.5262771 3.1987267 2.6520521 2.6678352 3.2337981 2.4843968 2.3508387 2.1595812 2.2968910 3.1478451 3.6450184 2.4326193 2.7250129 2.6330987 2.8313302 2.8437633 2.4168520 3.1354874 2.4977648 2.4723338 2.5184790 1.7648846 2.4686230 2.9497810 0.8896359 1.2140791 0.0000000 1.3579850 1.3229848 1.7531415 
Q7VYL6_BORPE_29_381  2.6538834 2.9512964 2.6642208 4.0201179 3.2677933 2.4014201 2.6619901 3.0651106 3.0021380 2.9910598 3.0731576 3.2077373 3.2757127 3.0869468 3.0250159 2.7260748 2.7531435 2.6034134 2.5284313 3.2109912 2.9934409 3.2518512 2.5636621 2.8601143 2.5125624 2.5380706 2.3137583 2.7747975 2.6754712 2.3882771 2.7965940 2.7875077 2.7598099 3.1044993 4.1536742 2.8421928 3.2029950 2.9557730 3.1414533 2.8726971 2.4321838 2.4200205 1.5562362 2.3348137 2.9426000 1.1261072 1.1142607 1.3579850 0.0000000 0.2856398 2.0131302 
Q8P3X8_XANCP_29_384  2.5739233 3.0218643 2.7540444 3.8296544 3.1373282 2.4875143 2.4809416 3.2385061 3.1721688 2.8502228 2.9318370 3.1927600 3.3532189 3.1626079 2.9939529 2.8134053 2.7929442 2.8369973 2.5547940 3.4974387 3.2646318 3.2466079 2.5914101 3.1280615 2.6259908 2.5891450 2.4999827 2.9877454 2.7893560 2.6600169 3.0705040 3.3684037 2.3444542 3.2054190 3.4222135 2.1557864 2.9111448 2.9034972 2.7868430 2.5336782 2.9745518 2.6281391 1.5655736 2.2550921 2.3841281 0.9075076 1.0518101 1.3229848 0.2856398 0.0000000 2.1572328 
Q7NT93_CHRVO_33_383  2.5201382 2.4909889 2.0837215 2.9303943 3.1268215 2.5080445 2.8287344 2.7526464 2.1733273 2.3224470 2.4379468 3.0873932 2.8046378 2.5603446 2.9389132 2.5319359 2.4284116 2.6391778 3.0643480 2.4320435 3.2296752 2.4175639 2.8115592 2.5968306 3.0036190 2.9167965 2.6349120 2.6024416 2.9796123 2.6212923 3.4475001 2.9953387 3.2784636 3.3842350 2.9010070 2.6695515 3.2410924 2.7089902 2.7394271 2.7044829 3.6296348 2.1551948 2.2373635 2.1189867 2.9284432 1.6601334 1.9933121 1.7531415 2.0131302 2.1572328 0.0000000 
