6
Q8UFB6_AGRT5_5_182 0.0000000 0.7439470 1.7075336 1.5950402 2.0441450 1.9632575 
Q98ES0_RHILO_5_186 0.7439470 0.0000000 1.3729526 1.6575394 2.0924424 2.1508753 
Q97MY5_CLOAB_2_178 1.7075336 1.3729526 0.0000000 1.4983260 1.6448016 1.5639709 
O54178_STRCO_1_179 1.5950402 1.6575394 1.4983260 0.0000000 1.6007016 1.7635137 
Q8Z0Y5_SALTI_1_180 2.0441450 2.0924424 1.6448016 1.6007016 0.0000000 0.2053728 
Q8Z1I1_SALTI_1_180 1.9632575 2.1508753 1.5639709 1.7635137 0.2053728 0.0000000 
