11
Q19591_CAEEL_69_205 0.0000000 2.0695558 5.5142756 5.2035306 5.4095174 6.8945289 3.9588768 4.8837099 4.0806325 2.8694210 8.2932574 
O17954_CAEEL_75_206 2.0695558 0.0000000 5.4174210 5.4786060 4.3380373 6.2902391 4.2481713 4.1381453 3.5588956 3.2838642 5.6832184 
O01254_CAEEL_91_216 5.5142756 5.4174210 0.0000000 0.4950417 3.1156631 2.9996823 3.8728735 4.2172344 5.7317308 4.6781945 5.6353029 
Q9N3H0_CAEEL_88_212 5.2035306 5.4786060 0.4950417 0.0000000 2.9420230 3.0970480 2.9632302 3.6091051 5.0505223 5.2411374 4.2008038 
Q95Y74_CAEEL_66_193 5.4095174 4.3380373 3.1156631 2.9420230 0.0000000 2.5949306 3.5992198 4.5797882 4.5873854 4.9884877 5.9088384 
Q20865_CAEEL_97_225 6.8945289 6.2902391 2.9996823 3.0970480 2.5949306 0.0000000 3.5569864 3.8529797 4.3550170 4.3186709 4.0389395 
Q95Y27_CAEEL_8_136  3.9588768 4.2481713 3.8728735 2.9632302 3.5992198 3.5569864 0.0000000 2.5848912 3.0819125 2.8430540 2.8550489 
Q95Y29_CAEEL_73_210 4.8837099 4.1381453 4.2172344 3.6091051 4.5797882 3.8529797 2.5848912 0.0000000 2.8119150 2.5832551 4.1132861 
Q95Y28_CAEEL_71_201 4.0806325 3.5588956 5.7317308 5.0505223 4.5873854 4.3550170 3.0819125 2.8119150 0.0000000 4.7772002 4.0988068 
Q20590_CAEEL_71_202 2.8694210 3.2838642 4.6781945 5.2411374 4.9884877 4.3186709 2.8430540 2.5832551 4.7772002 0.0000000 4.1727982 
Q9XVU6_CAEEL_60_188 8.2932574 5.6832184 5.6353029 4.2008038 5.9088384 4.0389395 2.8550489 4.1132861 4.0988068 4.1727982 0.0000000 
