13
Q8UCG3_AGRT5_55_200  0.0000000 0.7726425 0.9285209 2.0513509 1.9819738 1.8865443 1.8455878 2.3153622 2.1188711 1.6049977 1.5551037 1.2752996 1.4696347 
Q92KK3_RHIME_55_198  0.7726425 0.0000000 0.6072931 1.9754438 2.2133419 1.9725707 2.1448135 2.1530977 2.3097877 1.5161088 1.7866527 1.2514683 1.4517501 
Q89L39_BRAJA_55_199  0.9285209 0.6072931 0.0000000 1.9544396 2.3052226 1.7909396 1.8601658 1.8787791 2.3574853 1.2692505 1.6720577 1.1384156 1.2777388 
Q8UHM7_AGRT5_7_158   2.0513509 1.9754438 1.9544396 0.0000000 0.5478047 2.1906569 2.1626727 2.4397474 2.2854014 2.1914407 3.1011589 1.8667789 2.2940000 
Q92KK3_RHIME_322_473 1.9819738 2.2133419 2.3052226 0.5478047 0.0000000 2.3375304 2.2110780 2.3815901 2.2875460 2.5322921 3.0654199 2.2753557 2.5895512 
Q89L39_BRAJA_476_637 1.8865443 1.9725707 1.7909396 2.1906569 2.3375304 0.0000000 0.5266526 0.8491853 1.1676253 1.3139556 1.4352676 1.2563978 1.3821368 
Q8UCG3_AGRT5_565_726 1.8455878 2.1448135 1.8601658 2.1626727 2.2110780 0.5266526 0.0000000 0.7624608 1.1750252 1.4611572 1.2336772 1.2924180 1.2643158 
Q92KK3_RHIME_558_720 2.3153622 2.1530977 1.8787791 2.4397474 2.3815901 0.8491853 0.7624608 0.0000000 1.2539923 1.4214293 1.3830702 1.5415000 1.4318543 
Q98HE4_RHILO_7_162   2.1188711 2.3097877 2.3574853 2.2854014 2.2875460 1.1676253 1.1750252 1.2539923 0.0000000 1.0052428 1.0384634 1.0969990 0.9934874 
O34169_9RHIZ_7_162   1.6049977 1.5161088 1.2692505 2.1914407 2.5322921 1.3139556 1.4611572 1.4214293 1.0052428 0.0000000 0.5149277 0.6182224 0.5410699 
Q92S00_RHIME_55_210  1.5551037 1.7866527 1.6720577 3.1011589 3.0654199 1.4352676 1.2336772 1.3830702 1.0384634 0.5149277 0.0000000 0.6200334 0.6005714 
Q89F18_BRAJA_63_218  1.2752996 1.2514683 1.1384156 1.8667789 2.2753557 1.2563978 1.2924180 1.5415000 1.0969990 0.6182224 0.6200334 0.0000000 0.4501346 
Q8FXF2_BRUSU_51_206  1.4696347 1.4517501 1.2777388 2.2940000 2.5895512 1.3821368 1.2643158 1.4318543 0.9934874 0.5410699 0.6005714 0.4501346 0.0000000 
