8
Q4ATT8_9BURK_45_177  0.0000000 0.6706847 0.7027267 0.5525430 0.6180662 3.2981883 3.3281301 3.1321710 
Q47AY8_DECAR_24_156  0.6706847 0.0000000 0.5424520 0.5861844 0.6244193 3.3899519 2.8656056 2.9573313 
Q3NBW1_9PROT_23_155  0.7027267 0.5424520 0.0000000 0.6465994 0.5704001 3.9329499 2.6116297 2.6327285 
Q7WGK7_BORBR_24_156  0.5525430 0.5861844 0.6465994 0.0000000 0.5254133 3.2947950 2.7220499 2.9708321 
Q2Y6S6_NITMU_27_159  0.6180662 0.6244193 0.5704001 0.5254133 0.0000000 3.1988016 2.4082569 2.4344719 
Q4J709_SULAC_732_861 3.2981883 3.3899519 3.9329499 3.2947950 3.1988016 0.0000000 0.5416211 0.5195749 
Q972N4_SULTO_722_851 3.3281301 2.8656056 2.6116297 2.7220499 2.4082569 0.5416211 0.0000000 0.3067708 
Q97UJ9_SULSO_734_863 3.1321710 2.9573313 2.6327285 2.9708321 2.4344719 0.5195749 0.3067708 0.0000000 
