9
O68903_ACTPA_16_450 0.0000000 0.2632123 0.5447637 1.0152269 0.9802465 1.1708374 1.3269533 1.2972614 1.5026005 
O53512_MYCTU_23_457 0.2632123 0.0000000 0.6539866 1.0005130 0.9758771 1.1137032 1.5061032 1.3663135 1.4408993 
O52550_AMYMD_19_437 0.5447637 0.6539866 0.0000000 1.4012128 1.4038613 1.4762025 1.3917504 1.4791402 1.6232611 
O24052_MORCI_63_499 1.0152269 1.0005130 1.4012128 0.0000000 0.1937504 0.7505446 1.5281710 1.3312025 1.5759355 
AROF_ARATH_74_511   0.9802465 0.9758771 1.4038613 0.1937504 0.0000000 0.7469817 1.5950319 1.4308037 1.6563430 
O24947_HELPY_5_441  1.1708374 1.1137032 1.4762025 0.7505446 0.7469817 0.0000000 1.7730012 1.5021786 1.6837890 
O30484_STRHY_3_391  1.3269533 1.5061032 1.3917504 1.5281710 1.5950319 1.7730012 0.0000000 1.1695429 1.1772185 
Q7DC82_PSEAE_3_389  1.2972614 1.3663135 1.4791402 1.3312025 1.4308037 1.5021786 1.1695429 0.0000000 0.3835735 
PHZC_PSEFL_3_390    1.5026005 1.4408993 1.6232611 1.5759355 1.6563430 1.6837890 1.1772185 0.3835735 0.0000000 
