11
Q99XR8_STRP1_3_149 0.0000000 0.6163088 0.8041697 1.3269869 1.0668842 1.1914036 1.0246428 1.1078684 2.0849089 1.3483770 1.5331718 
Q97N71_STRPN_3_149 0.6163088 0.0000000 1.1220296 1.2643080 1.0050422 0.9912950 1.3073903 1.4951510 1.9182531 1.5026847 2.0845655 
Q9L475_9LACT_4_147 0.8041697 1.1220296 0.0000000 1.0973005 0.9563708 1.1058888 0.9659167 1.0923741 1.8265540 1.4099483 1.4055136 
Q9JWR8_BACHD_1_152 1.3269869 1.2643080 1.0973005 0.0000000 0.5396021 0.6331593 0.9099666 1.0236981 1.4852370 1.3263371 1.4900276 
CTSR_BACSU_2_153   1.0668842 1.0050422 0.9563708 0.5396021 0.0000000 0.3535769 0.8414209 0.8079999 1.4185478 1.2981835 1.5602837 
Q48757_LISMO_1_151 1.1914036 0.9912950 1.1058888 0.6331593 0.3535769 0.0000000 0.7152325 0.9147286 1.5087193 1.1793425 1.7623336 
Q93CX4_LACSK_6_156 1.0246428 1.3073903 0.9659167 0.9099666 0.8414209 0.7152325 0.0000000 1.0501426 1.5797650 1.4813169 1.4769145 
Q99W81_STAAM_1_152 1.1078684 1.4951510 1.0923741 1.0236981 0.8079999 0.9147286 1.0501426 0.0000000 1.5647464 1.0541617 1.2755345 
Q8XHN8_CLOPE_1_151 2.0849089 1.9182531 1.8265540 1.4852370 1.4185478 1.5087193 1.5797650 1.5647464 0.0000000 1.1224194 0.9447930 
Q8R7R8_THETN_3_152 1.3483770 1.5026847 1.4099483 1.3263371 1.2981835 1.1793425 1.4813169 1.0541617 1.1224194 0.0000000 0.9611424 
Q97EC1_CLOAB_1_153 1.5331718 2.0845655 1.4055136 1.4900276 1.5602837 1.7623336 1.4769145 1.2755345 0.9447930 0.9611424 0.0000000 
