15
Q9Z978_CHLPN_7_339  0.0000000 0.3557336 1.2115002 1.7767836 1.6861677 1.7269294 1.7137438 2.0831926 2.4854792 2.1756127 2.2104563 2.0190582 1.8290724 2.2532933 2.7063333 
O84017_CHLTR_7_348  0.3557336 0.0000000 1.4105028 1.6774905 1.6751038 1.8680791 1.8487498 2.2646978 2.6608140 2.2848346 2.4660158 2.1557883 2.0185428 2.3209440 2.5384278 
O67371_AQUAE_2_359  1.2115002 1.4105028 0.0000000 1.4673326 1.3915028 1.4870067 1.4543629 1.3142046 1.5929757 1.4691770 1.5326488 1.7144671 1.2584979 1.6674254 2.5209416 
P73160_SYNY3_9_334  1.7767836 1.6774905 1.4673326 0.0000000 1.2689571 1.0678493 1.0972068 2.0350362 2.2265749 2.0113338 2.1341641 2.1676883 1.9311596 1.8591131 2.2802612 
O05943_RICPR_8_334  1.6861677 1.6751038 1.3915028 1.2689571 0.0000000 0.7531519 0.7292963 1.7114571 2.0790911 1.7776596 1.7036860 1.6320514 1.8278743 2.0605676 2.5481675 
O07441_PSEAE_3_329  1.7269294 1.8680791 1.4870067 1.0678493 0.7531519 0.0000000 0.6584911 1.6505957 1.7463216 1.6198243 1.6905431 1.7345599 1.6204030 1.7533912 2.1267819 
O86081_RHOSH_4_329  1.7137438 1.8487498 1.4543629 1.0972068 0.7292963 0.6584911 0.0000000 1.5972802 1.8498640 1.4854256 1.7308952 1.8385185 1.7617227 1.6678268 2.4722764 
APPB_ECOLI_5_366    2.0831926 2.2646978 1.3142046 2.0350362 1.7114571 1.6505957 1.5972802 0.0000000 0.6523212 0.4016363 0.7023068 1.5441952 1.5121638 1.6852421 2.8360137 
CYOB_HAEIN_5_366    2.4854792 2.6608140 1.5929757 2.2265749 2.0790911 1.7463216 1.8498640 0.6523212 0.0000000 0.4252732 0.7028670 1.3758265 1.4173302 1.5172353 3.1360987 
CYDB_ECOLI_5_367    2.1756127 2.2848346 1.4691770 2.0113338 1.7776596 1.6198243 1.4854256 0.4016363 0.4252732 0.0000000 0.5296355 1.3597172 1.1716515 1.3955616 2.8553505 
Q05780_AZOVI_5_367  2.2104563 2.4660158 1.5326488 2.1341641 1.7036860 1.6905431 1.7308952 0.7023068 0.7028670 0.5296355 0.0000000 1.6104324 1.3907790 1.3405786 3.2926305 
CYDB_BACSU_2_331    2.0190582 2.1557883 1.7144671 2.1676883 1.6320514 1.7345599 1.8385185 1.5441952 1.3758265 1.3597172 1.6104324 0.0000000 0.8162374 1.0620042 3.0446338 
Q9ZBY6_STRCO_1_325  1.8290724 2.0185428 1.2584979 1.9311596 1.8278743 1.6204030 1.7617227 1.5121638 1.4173302 1.1716515 1.3907790 0.8162374 0.0000000 0.8144665 2.4722495 
O06139_MYCTU_1_331  2.2532933 2.3209440 1.6674254 1.8591131 2.0605676 1.7533912 1.6678268 1.6852421 1.5172353 1.3955616 1.3405786 1.0620042 0.8144665 0.0000000 2.4941846 
O54596_HALSA_14_325 2.7063333 2.5384278 2.5209416 2.2802612 2.5481675 2.1267819 2.4722764 2.8360137 3.1360987 2.8553505 3.2926305 3.0446338 2.4722495 2.4941846 0.0000000 
