12
Q984A1_RHILO_21_257 0.0000000 0.4783259 1.1423206 1.6158127 1.5494275 1.8973581 1.5693104 1.4900843 1.4189236 2.2339217 2.2533660 2.8485859 
Q8UDZ1_AGRT5_19_248 0.4783259 0.0000000 1.1454209 1.5358126 1.5411431 2.0160657 1.6707134 1.2708356 1.3468641 2.2237029 1.8542523 3.0377756 
Q8PAZ9_XANCP_20_250 1.1423206 1.1454209 0.0000000 2.1620254 1.7729682 1.9812737 1.7352748 1.7586772 1.8932311 2.0779570 2.4517073 3.0408293 
Q8Y9D9_LISMO_16_244 1.6158127 1.5358126 2.1620254 0.0000000 0.4984750 1.3318479 1.2380524 1.0622525 1.0451238 0.9878463 1.8034399 2.0709662 
Q9CHY6_LACLA_17_245 1.5494275 1.5411431 1.7729682 0.4984750 0.0000000 1.1214885 1.1760219 1.0720013 1.0991025 1.2125469 1.6354164 2.4060001 
O53731_MYCTU_17_243 1.8973581 2.0160657 1.9812737 1.3318479 1.1214885 0.0000000 0.8822680 1.5307113 1.6828052 1.8912989 2.3836061 2.1203153 
Q9A3U2_CAUCR_70_299 1.5693104 1.6707134 1.7352748 1.2380524 1.1760219 0.8822680 0.0000000 1.2959036 1.4603803 1.5042294 2.2179411 2.3210538 
Q94GR1_ORYSA_24_252 1.4900843 1.2708356 1.7586772 1.0622525 1.0720013 1.5307113 1.2959036 0.0000000 0.2669499 0.7752235 1.8318323 2.3242555 
Q8LEY8_ARATH_24_252 1.4189236 1.3468641 1.8932311 1.0451238 1.0991025 1.6828052 1.4603803 0.2669499 0.0000000 0.8364101 1.6833806 2.2325203 
Q9VSM5_DROME_25_264 2.2339217 2.2237029 2.0779570 0.9878463 1.2125469 1.8912989 1.5042294 0.7752235 0.8364101 0.0000000 2.4128140 1.9375209 
O81042_ARATH_64_303 2.2533660 1.8542523 2.4517073 1.8034399 1.6354164 2.3836061 2.2179411 1.8318323 1.6833806 2.4128140 0.0000000 1.6579581 
O74507_SCHPO_61_314 2.8485859 3.0377756 3.0408293 2.0709662 2.4060001 2.1203153 2.3210538 2.3242555 2.2325203 1.9375209 1.6579581 0.0000000 
