8
Q9M0V1_ARATH_14_308  0.0000000 0.8320183 1.0804727 1.0956138 1.1557496 1.6642899 1.6770740 2.1953514 
CD123_HUMAN_14_316   0.8320183 0.0000000 0.7823097 0.8798483 0.9777226 1.2389302 1.3907122 1.9071879 
Q9P7N5_SCHPO_18_300  1.0804727 0.7823097 0.0000000 0.7784404 0.8655563 1.3458038 1.8448828 2.2293504 
Q7RYH8_NEUCR_38_463  1.0956138 0.8798483 0.7784404 0.0000000 0.8420945 1.2105173 1.5565819 2.1694781 
CD123_YEAST_27_330   1.1557496 0.9777226 0.8655563 0.8420945 0.0000000 1.4782437 1.5921167 2.6725487 
Q7PNF0_ANOGA_11_311  1.6642899 1.2389302 1.3458038 1.2105173 1.4782437 0.0000000 2.0088209 2.4418569 
Q7YXW4_CRYPV_185_460 1.6770740 1.3907122 1.8448828 1.5565819 1.5921167 2.0088209 0.0000000 2.5062161 
Q7RQ46_PLAYO_302_728 2.1953514 1.9071879 2.2293504 2.1694781 2.6725487 2.4418569 2.5062161 0.0000000 
