6
Y2428_VIBCH_2_245 0.0000000 0.2105053 1.1811592 1.1383753 1.2878621 1.7992319 
Y2528_VIBPA_2_245 0.2105053 0.0000000 1.0722642 1.1297432 1.3967529 1.6878308 
Y3431_YERPE_6_250 1.1811592 1.0722642 0.0000000 0.3901102 1.5933143 1.7103574 
YACF_ECOLI_3_247  1.1383753 1.1297432 0.3901102 0.0000000 1.5974997 1.6933923 
Y412_SHEON_2_243  1.2878621 1.3967529 1.5933143 1.5974997 0.0000000 2.3830784 
Y2829_RALSO_2_250 1.7992319 1.6878308 1.7103574 1.6933923 2.3830784 0.0000000 
