29
Q87G44_VIBPA_191_307 0.0000000 0.2861700 0.3854817 0.6131803 0.6986206 0.9218444 0.8158823 0.7515012 1.0580390 0.8930188 1.1606979 0.9317491 1.1223891 1.0360664 1.1339979 1.2761520 1.6702432 1.9809361 2.3143778 2.0978240 2.2168567 2.1595084 2.0327712 1.8302193 2.0030471 3.4945645 4.2154903 2.5009168 2.8784936 
Q7MFG5_VIBVY_195_311 0.2861700 0.0000000 0.4263180 0.5761122 0.6427056 0.8348219 0.8517139 0.6993353 1.1050058 1.0436318 1.1935709 0.8809964 1.1553394 1.2226224 1.0409356 1.3873605 1.7061950 2.2355486 2.6768320 2.1655469 2.0722369 2.1466065 1.8312785 2.3751891 2.4688299 3.8809412 4.7776324 2.7945597 3.7355416 
Q9KNB0_VIBCH_197_313 0.3854817 0.4263180 0.0000000 0.5088489 0.7423993 0.8418410 1.0705358 0.4774890 0.8770259 0.7736963 1.2607117 0.9096661 1.1085677 1.1439058 1.2070167 1.3947454 1.8750137 2.1433684 2.4379076 2.0682850 2.0578010 2.0715557 1.7591092 1.9798254 2.3670509 4.0554418 4.4562371 3.5153476 3.3364273 
Q8Z6K7_SALTI_192_309 0.6131803 0.5761122 0.5088489 0.0000000 0.8484022 1.0997931 0.8942848 0.5499601 1.0022222 1.0135754 1.2834469 0.9878797 1.1036799 1.2515271 1.2548300 1.3867235 2.0170825 2.5226828 2.7895734 1.9212786 1.8419478 1.9364921 2.1953880 2.1888291 2.7257425 4.3590824 5.3795644 3.2546029 3.3213933 
Q5DZH4_VIBF1_189_305 0.6986206 0.6427056 0.7423993 0.8484022 0.0000000 0.8311633 0.9144064 0.7198966 0.8254071 1.0289640 1.1710178 1.1646832 1.0758155 1.0363769 1.2172983 1.2647817 1.7073840 2.1024391 2.0575590 1.6841807 1.9889661 2.4486935 2.0429958 2.3605802 2.8256656 4.2092120 3.7361392 3.4856981 2.7943313 
Q8EBV9_SHEON_194_308 0.9218444 0.8348219 0.8418410 1.0997931 0.8311633 0.0000000 0.7616468 0.8357192 1.2101000 1.5487725 1.0651172 1.0224501 1.0788952 1.0135562 0.9788077 0.9094123 1.5815884 2.2951711 2.1866279 2.3951510 2.6314631 1.9767909 2.0301503 2.5286099 2.3823495 3.4636385 3.2677508 3.9024589 2.9804252 
Q5QV17_IDILO_187_302 0.8158823 0.8517139 1.0705358 0.8942848 0.9144064 0.7616468 0.0000000 0.9858762 1.0370313 1.4313488 1.1243818 0.9910195 1.0840668 1.2298902 1.0253794 1.2934043 1.5730161 1.8910176 2.3929765 2.1069417 2.4196117 2.2408906 2.3068272 2.6046947 2.1228298 3.5255336 4.3219174 3.4330773 3.4566094 
Q6D7H7_ERWCT_193_310 0.7515012 0.6993353 0.4774890 0.5499601 0.7198966 0.8357192 0.9858762 0.0000000 0.4905272 0.4992986 1.1043348 1.0827847 0.9783836 0.9383049 1.1193738 0.8527096 1.7116794 2.2966738 2.0933477 1.6611717 1.6667660 2.2964786 1.7053367 1.7933020 2.9156875 3.1675833 3.0184736 3.5511617 2.7296799 
Q74SS8_YERPE_19_136  1.0580390 1.1050058 0.8770259 1.0022222 0.8254071 1.2101000 1.0370313 0.4905272 0.0000000 0.7699025 1.9688342 1.8788671 1.5462650 1.5440039 2.0492754 1.6225731 2.1813924 2.8918726 2.7552174 1.4896269 1.9003394 2.6856660 2.1400007 2.2415188 2.7798911 3.6898574 4.0005842 3.5584830 4.3754738 
Q8FJV1_ECOL6_41_158  0.8930188 1.0436318 0.7736963 1.0135754 1.0289640 1.5487725 1.4313488 0.4992986 0.7699025 0.0000000 1.7375146 1.6059824 1.5049934 1.5463426 2.0176633 1.4939071 2.1553144 3.0580086 3.1340119 2.1230019 2.0400947 2.6997584 2.0407917 2.3019737 3.1376018 4.5996019 4.1980888 3.8465479 3.7711931 
Q888A7_PSESM_193_309 1.1606979 1.1935709 1.2607117 1.2834469 1.1710178 1.0651172 1.1243818 1.1043348 1.9688342 1.7375146 0.0000000 0.4308896 0.5631675 1.0763110 0.8480923 1.0475622 1.6284493 2.7245238 2.2798161 3.1950300 3.4311313 2.2080057 2.1968832 2.9025588 2.6957194 3.2443563 4.8841797 3.7779863 2.9809264 
Q88PV7_PSEPK_196_313 0.9317491 0.8809964 0.9096661 0.9878797 1.1646832 1.0224501 0.9910195 1.0827847 1.8788671 1.6059824 0.4308896 0.0000000 0.6278613 1.0724821 0.6881820 0.9699276 1.3999621 2.0002892 2.6211791 2.4656725 2.4715112 1.8781087 2.0279929 1.9656712 1.9746623 2.8692388 3.7802531 3.2427450 2.4503949 
Q9HVD4_PSEAE_193_309 1.1223891 1.1553394 1.1085677 1.1036799 1.0758155 1.0788952 1.0840668 0.9783836 1.5462650 1.5049934 0.5631675 0.6278613 0.0000000 1.2162094 1.1010269 1.1070383 1.5861837 2.4265898 2.4927824 2.7488644 2.9590406 2.0201014 1.7351592 2.4300954 2.6925510 3.5139594 5.0893197 3.4432406 3.1961678 
Q6AK20_DESPS_190_306 1.0360664 1.2226224 1.1439058 1.2515271 1.0363769 1.0135562 1.2298902 0.9383049 1.5440039 1.5463426 1.0763110 1.0724821 1.2162094 0.0000000 0.7955689 0.6177014 1.6074368 1.7718683 1.5324761 1.8074413 1.8899820 1.7339569 1.8356407 2.2597558 2.3730941 2.6893419 2.3486778 2.5811515 2.2457558 
Q747L4_GEOSL_190_306 1.1339979 1.0409356 1.2070167 1.2548300 1.2172983 0.9788077 1.0253794 1.1193738 2.0492754 2.0176633 0.8480923 0.6881820 1.1010269 0.7955689 0.0000000 0.4524791 1.0330069 1.8427439 1.7973959 2.3295218 2.4130487 2.0561561 1.4674968 2.4560750 2.4535847 2.7819545 2.6982658 2.8485512 1.9616358 
Q726Y0_DESVH_245_361 1.2761520 1.3873605 1.3947454 1.3867235 1.2647817 0.9094123 1.2934043 0.8527096 1.6225731 1.4939071 1.0475622 0.9699276 1.1070383 0.6177014 0.4524791 0.0000000 1.2117427 1.7800285 1.7297464 2.1273644 2.2641493 1.8503968 1.3129779 2.4590075 2.1226950 3.6449461 2.3493395 3.2961538 1.9727950 
Q7MRA0_WOLSU_187_303 1.6702432 1.7061950 1.8750137 2.0170825 1.7073840 1.5815884 1.5730161 1.7116794 2.1813924 2.1553144 1.6284493 1.3999621 1.5861837 1.6074368 1.0330069 1.2117427 0.0000000 2.3455558 2.4220083 2.4230906 2.1314162 2.1304678 1.8197361 3.3477803 3.2289421 4.9314446 3.6046661 3.4120992 2.7998003 
Q63B43_BACCZ_191_307 1.9809361 2.2355486 2.1433684 2.5226828 2.1024391 2.2951711 1.8910176 2.2966738 2.8918726 3.0580086 2.7245238 2.0002892 2.4265898 1.7718683 1.8427439 1.7800285 2.3455558 0.0000000 1.5123462 1.2694132 1.5721575 1.2689679 1.4827544 1.5970670 1.9444403 2.0676626 2.6329058 2.3101333 1.6520931 
Q6LYD3_METMP_190_305 2.3143778 2.6768320 2.4379076 2.7895734 2.0575590 2.1866279 2.3929765 2.0933477 2.7552174 3.1340119 2.2798161 2.6211791 2.4927824 1.5324761 1.7973959 1.7297464 2.4220083 1.5123462 0.0000000 1.0411601 1.2977432 2.1934662 1.3146284 2.5962489 2.8869078 3.6125403 2.8673556 4.5473941 3.4173826 
Q8TIP1_METAC_191_307 2.0978240 2.1655469 2.0682850 1.9212786 1.6841807 2.3951510 2.1069417 1.6611717 1.4896269 2.1230019 3.1950300 2.4656725 2.7488644 1.8074413 2.3295218 2.1273644 2.4230906 1.2694132 1.0411601 0.0000000 0.2327030 1.9083294 1.1861250 2.2684508 2.6948661 3.5158216 2.5666907 4.5595208 4.0500768 
Q8PYP7_METMA_192_308 2.2168567 2.0722369 2.0578010 1.8419478 1.9889661 2.6314631 2.4196117 1.6667660 1.9003394 2.0400947 3.4311313 2.4715112 2.9590406 1.8899820 2.4130487 2.2641493 2.1314162 1.5721575 1.2977432 0.2327030 0.0000000 1.6359577 1.1791228 2.8038402 3.4262592 3.8784514 2.9421056 5.1993216 4.2571993 
Q746I6_THET2_190_306 2.1595084 2.1466065 2.0715557 1.9364921 2.4486935 1.9767909 2.2408906 2.2964786 2.6856660 2.6997584 2.2080057 1.8781087 2.0201014 1.7339569 2.0561561 1.8503968 2.1304678 1.2689679 2.1934662 1.9083294 1.6359577 0.0000000 1.5556648 2.4871264 3.1801989 2.2601853 2.5376384 2.4338703 2.3668237 
O26989_METTH_187_301 2.0327712 1.8312785 1.7591092 2.1953880 2.0429958 2.0301503 2.3068272 1.7053367 2.1400007 2.0407917 2.1968832 2.0279929 1.7351592 1.8356407 1.4674968 1.3129779 1.8197361 1.4827544 1.3146284 1.1861250 1.1791228 1.5556648 0.0000000 2.6932333 2.9887207 3.5437220 3.5532826 3.4351793 3.0475071 
Q8E048_STRA5_13_123  1.8302193 2.3751891 1.9798254 2.1888291 2.3605802 2.5286099 2.6046947 1.7933020 2.2415188 2.3019737 2.9025588 1.9656712 2.4300954 2.2597558 2.4560750 2.4590075 3.3477803 1.5970670 2.5962489 2.2684508 2.8038402 2.4871264 2.6932333 0.0000000 1.1471681 1.4515652 1.4531123 1.8911342 1.6879395 
Q73PK4_TREDE_16_127  2.0030471 2.4688299 2.3670509 2.7257425 2.8256656 2.3823495 2.1228298 2.9156875 2.7798911 3.1376018 2.6957194 1.9746623 2.6925510 2.3730941 2.4535847 2.1226950 3.2289421 1.9444403 2.8869078 2.6948661 3.4262592 3.1801989 2.9887207 1.1471681 0.0000000 2.4813569 2.2887910 1.7286218 1.8140095 
Q9A0H8_STRP1_17_128  3.4945645 3.8809412 4.0554418 4.3590824 4.2092120 3.4636385 3.5255336 3.1675833 3.6898574 4.5996019 3.2443563 2.8692388 3.5139594 2.6893419 2.7819545 3.6449461 4.9314446 2.0676626 3.6125403 3.5158216 3.8784514 2.2601853 3.5437220 1.4515652 2.4813569 0.0000000 1.1698643 1.6603861 1.6441190 
Q88VV4_LACPL_12_123  4.2154903 4.7776324 4.4562371 5.3795644 3.7361392 3.2677508 4.3219174 3.0184736 4.0005842 4.1980888 4.8841797 3.7802531 5.0893197 2.3486778 2.6982658 2.3493395 3.6046661 2.6329058 2.8673556 2.5666907 2.9421056 2.5376384 3.5532826 1.4531123 2.2887910 1.1698643 0.0000000 1.9029015 1.5292619 
Q99RP9_STAAN_15_125  2.5009168 2.7945597 3.5153476 3.2546029 3.4856981 3.9024589 3.4330773 3.5511617 3.5584830 3.8465479 3.7779863 3.2427450 3.4432406 2.5811515 2.8485512 3.2961538 3.4120992 2.3101333 4.5473941 4.5595208 5.1993216 2.4338703 3.4351793 1.8911342 1.7286218 1.6603861 1.9029015 0.0000000 0.8578973 
Q8CRA0_STAES_15_125  2.8784936 3.7355416 3.3364273 3.3213933 2.7943313 2.9804252 3.4566094 2.7296799 4.3754738 3.7711931 2.9809264 2.4503949 3.1961678 2.2457558 1.9616358 1.9727950 2.7998003 1.6520931 3.4173826 4.0500768 4.2571993 2.3668237 3.0475071 1.6879395 1.8140095 1.6441190 1.5292619 0.8578973 0.0000000 
