6
Q93YN4_ARATH_35_420 0.0000000 0.3973305 1.2669112 1.1387973 1.2560606 1.1539206 
Q8LGK6_ARATH_32_397 0.3973305 0.0000000 1.3868095 1.2648618 1.3141990 1.1069340 
Q8PPY0_XANAC_7_315  1.2669112 1.3868095 0.0000000 0.1505166 0.3462765 1.1194616 
Q8P4V2_XANCP_7_315  1.1387973 1.2648618 0.1505166 0.0000000 0.3726184 1.0324495 
Q9PCE3_XYLFA_3_308  1.2560606 1.3141990 0.3462765 0.3726184 0.0000000 1.1468039 
Q9A4I2_CAUCR_19_335 1.1539206 1.1069340 1.1194616 1.0324495 1.1468039 0.0000000 
