10
Q8SY65_DROME_31_153  0.0000000 0.5417706 0.5191477 1.5513059 1.3508692 1.3711236 1.3376633 2.0250684 1.6911641 2.2821351 
Q8SY67_DROME_28_147  0.5417706 0.0000000 0.6087391 2.1689896 1.8922625 1.9660405 1.8584329 2.5593703 2.4439030 2.9631812 
Q9V7V0_DROME_31_150  0.5191477 0.6087391 0.0000000 2.0303569 1.5630485 1.6391860 1.7398802 2.1429204 2.0616890 2.4997048 
Q9VS11_DROME_134_258 1.5513059 2.1689896 2.0303569 0.0000000 1.7135479 2.0840219 1.6209409 2.3540691 2.1204584 2.5719494 
Q9BI29_CHLIS_26_137  1.3508692 1.8922625 1.5630485 1.7135479 0.0000000 0.4809866 0.8351562 1.0098568 0.6667767 1.3179434 
Q9BLE0_9BIVA_6_118   1.3711236 1.9660405 1.6391860 2.0840219 0.4809866 0.0000000 0.6636566 0.8435133 0.6810935 1.7636745 
Q25091_HIRME_22_136  1.3376633 1.8584329 1.7398802 1.6209409 0.8351562 0.6636566 0.0000000 0.9873590 0.8540763 1.6870683 
O76359_CAEEL_17_142  2.0250684 2.5593703 2.1429204 2.3540691 1.0098568 0.8435133 0.9873590 0.0000000 0.5481658 1.8042498 
O76358_CAEEL_17_137  1.6911641 2.4439030 2.0616890 2.1204584 0.6667767 0.6810935 0.8540763 0.5481658 0.0000000 1.3261210 
Q9GYQ2_CAEEL_27_147  2.2821351 2.9631812 2.4997048 2.5719494 1.3179434 1.7636745 1.6870683 1.8042498 1.3261210 0.0000000 
