7
Q7SAH3_NEUCR_191_287 0.0000000 0.3492874 1.7726590 1.6538644 1.5589571 2.0524181 2.8870667 
Q4HZJ8_GIBZE_191_285 0.3492874 0.0000000 1.6804654 1.9610176 1.7515578 2.4503367 2.8315460 
Q4W9P6_ASPFU_186_284 1.7726590 1.6804654 0.0000000 2.6591934 2.3371602 2.2070350 2.8437411 
Q6C086_YARLI_180_273 1.6538644 1.9610176 2.6591934 0.0000000 1.2810408 1.6386898 3.1068556 
Q6BLV3_DEBHA_183_275 1.5589571 1.7515578 2.3371602 1.2810408 0.0000000 0.7476162 2.2689130 
Q59TU3_CANAL_26_112  2.0524181 2.4503367 2.2070350 1.6386898 0.7476162 0.0000000 1.7550974 
O94440_SCHPO_172_261 2.8870667 2.8315460 2.8437411 3.1068556 2.2689130 1.7550974 0.0000000 
