21
CATA2_ACILW_100_275  0.0000000 0.5021756 0.6106651 0.5108847 0.7229428 0.5441519 1.4103837 1.4012352 1.2660310 1.1706420 1.3354120 1.3815158 1.3964358 1.3948499 1.2100264 1.4325417 1.3862263 2.2489092 1.5120544 1.2947677 1.1573103 
Q51433_PSEPU_105_293 0.5021756 0.0000000 0.7430163 0.4452189 0.5036649 0.7412683 1.2873585 1.1709155 1.0884278 1.2220149 1.3404706 1.3666222 1.3582560 1.3979120 1.6760209 1.2907611 1.4059922 2.1312348 1.5186105 1.2913336 1.2400558 
CATA_ACIGB_103_292   0.6106651 0.7430163 0.0000000 0.4818807 0.6643095 0.6264859 1.5456760 1.5796006 1.3945775 1.1430187 1.5598411 1.1217562 1.5529806 1.9432540 1.4315125 1.3425714 1.9602113 2.5124064 1.9937699 1.8741332 1.5154906 
CATA_ACIAD_105_295   0.5108847 0.4452189 0.4818807 0.0000000 0.5327009 0.5294860 1.3116438 1.2197963 1.0456103 1.1082406 1.3361087 1.2934034 1.2593902 1.2999413 1.2541999 1.2121549 1.7637863 1.8868058 1.6141520 1.4229869 1.3068847 
PHEB_PSEUE_105_293   0.7229428 0.5036649 0.6643095 0.5327009 0.0000000 0.9622491 1.2613504 1.3043863 1.1150504 1.0983978 1.1595852 1.4642037 1.2466942 1.6303819 1.5688642 1.0421396 2.0204683 2.2420985 1.5304081 1.6297528 1.2853853 
CATA1_ACILW_104_292  0.5441519 0.7412683 0.6264859 0.5294860 0.9622491 0.0000000 1.3132654 1.4307630 1.2783062 1.2856400 1.1944182 1.2673587 1.4110526 1.4989852 1.2443019 1.4544720 1.7643804 2.0026391 1.7336027 1.5260497 1.2389144 
O85116_RHORH_104_282 1.4103837 1.2873585 1.5456760 1.3116438 1.2613504 1.3132654 0.0000000 0.2055689 0.3031328 0.5191114 1.1469554 1.1633230 1.2336425 1.5090958 1.3855045 1.1711311 1.6269401 1.8626476 1.5924241 1.8666811 1.4697047 
P96984_RHOER_106_284 1.4012352 1.1709155 1.5796006 1.2197963 1.3043863 1.4307630 0.2055689 0.0000000 0.2073934 0.5301710 1.1423879 1.0854431 1.1835481 1.4408688 1.1538378 1.2839917 1.5004058 1.5671897 1.4959508 1.7721648 1.4884889 
CATA_RHOOP_92_270    1.2660310 1.0884278 1.3945775 1.0456103 1.1150504 1.2783062 0.3031328 0.2073934 0.0000000 0.4405794 0.9815614 1.1032571 1.2699753 1.3756495 1.2322841 1.2093425 1.5274292 1.4786597 1.4417496 1.6858116 1.3844794 
O31247_ARTSP_103_281 1.1706420 1.2220149 1.1430187 1.1082406 1.0983978 1.2856400 0.5191114 0.5301710 0.4405794 0.0000000 1.0004612 1.0135185 1.1631572 1.3996895 1.4101801 1.0188787 1.3129103 1.7115217 1.4899652 1.7183381 1.3287707 
CLCA_RHOOP_74_257    1.3354120 1.3404706 1.5598411 1.3361087 1.1595852 1.1944182 1.1469554 1.1423879 0.9815614 1.0004612 0.0000000 0.8738062 1.2176504 1.4806293 1.4097330 0.9218723 1.5134832 1.9727702 1.6133819 1.6127955 1.3056473 
P94137_RALEU_74_251  1.3815158 1.3666222 1.1217562 1.2934034 1.4642037 1.2673587 1.1633230 1.0854431 1.1032571 1.0135185 0.8738062 0.0000000 1.1340435 1.7110537 1.6952762 1.1750156 1.8734982 2.1690298 1.5735741 1.2760956 1.3281020 
Q53010_BURPI_100_310 1.3964358 1.3582560 1.5529806 1.2593902 1.2466942 1.4110526 1.2336425 1.1835481 1.2699753 1.1631572 1.2176504 1.1340435 0.0000000 1.0265910 0.8770131 0.7519501 1.6096556 1.9796447 1.5916935 1.3722897 1.2478157 
Q45076_BURCE_100_289 1.3948499 1.3979120 1.9432540 1.2999413 1.6303819 1.4989852 1.5090958 1.4408688 1.3756495 1.3996895 1.4806293 1.7110537 1.0265910 0.0000000 0.9303098 1.0207054 1.6317448 2.2848680 1.6299770 1.7454204 1.5508363 
Q9S1B4_ARTSP_114_302 1.2100264 1.6760209 1.4315125 1.2541999 1.5688642 1.2443019 1.3855045 1.1538378 1.2322841 1.4101801 1.4097330 1.6952762 0.8770131 0.9303098 0.0000000 0.9604305 1.5244262 2.1548445 1.9588402 1.6887384 1.3966571 
Q9ZAM3_9SPHN_112_298 1.4325417 1.2907611 1.3425714 1.2121549 1.0421396 1.4544720 1.1711311 1.2839917 1.2093425 1.0188787 0.9218723 1.1750156 0.7519501 1.0207054 0.9604305 0.0000000 1.8026958 1.9228383 1.6634010 1.4644733 1.2979732 
Q9XA22_STRCO_82_229  1.3862263 1.4059922 1.9602113 1.7637863 2.0204683 1.7643804 1.6269401 1.5004058 1.5274292 1.3129103 1.5134832 1.8734982 1.6096556 1.6317448 1.5244262 1.8026958 0.0000000 1.7458530 1.7915805 1.8629759 1.5806498 
O33538_RHOOP_20_178  2.2489092 2.1312348 2.5124064 1.8868058 2.2420985 2.0026391 1.8626476 1.5671897 1.4786597 1.7115217 1.9727702 2.1690298 1.9796447 2.2848680 2.1548445 1.9228383 1.7458530 0.0000000 2.2998277 2.7699880 2.6157742 
Q9ZFA1_9ACTO_66_248  1.5120544 1.5186105 1.9937699 1.6141520 1.5304081 1.7336027 1.5924241 1.4959508 1.4417496 1.4899652 1.6133819 1.5735741 1.5916935 1.6299770 1.9588402 1.6634010 1.7915805 2.2998277 0.0000000 0.4797738 0.6305222 
PCXB_BURCE_45_228    1.2947677 1.2913336 1.8741332 1.4229869 1.6297528 1.5260497 1.8666811 1.7721648 1.6858116 1.7183381 1.6127955 1.2760956 1.3722897 1.7454204 1.6887384 1.4644733 1.8629759 2.7699880 0.4797738 0.0000000 0.4822329 
PCXB_PSEPU_46_230    1.1573103 1.2400558 1.5154906 1.3068847 1.2853853 1.2389144 1.4697047 1.4884889 1.3844794 1.3287707 1.3056473 1.3281020 1.2478157 1.5508363 1.3966571 1.2979732 1.5806498 2.6157742 0.6305222 0.4822329 0.0000000 
