8
Q8PMZ7_XANAC_2_117 0.0000000 0.2474153 0.7899495 0.9370211 0.7825644 1.0600608 1.7589282 1.1318956 
Q8PBE1_XANCP_2_117 0.2474153 0.0000000 0.6817745 0.8300394 0.7441635 0.9082972 1.5015434 1.1155022 
YBAA_SHIFL_2_117   0.7899495 0.6817745 0.0000000 0.7722770 0.7047369 0.8951666 1.2281047 1.0050770 
Q92NA2_RHIME_2_117 0.9370211 0.8300394 0.7722770 0.0000000 0.3290085 0.3692830 1.0956913 1.4430713 
Q89NE4_BRAJA_3_116 0.7825644 0.7441635 0.7047369 0.3290085 0.0000000 0.3531440 0.9618223 1.1901936 
Q98HZ3_RHILO_2_117 1.0600608 0.9082972 0.8951666 0.3692830 0.3531440 0.0000000 1.0805951 1.3623188 
Q8Q0W8_METMA_3_121 1.7589282 1.5015434 1.2281047 1.0956913 0.9618223 1.0805951 0.0000000 2.0668577 
Q89LX7_BRAJA_1_115 1.1318956 1.1155022 1.0050770 1.4430713 1.1901936 1.3623188 2.0668577 0.0000000 
