18
Q98LL7_RHILO_2_140  0.0000000 1.6913473 2.1287200 2.2968693 2.2536083 2.1731006 2.7097793 2.4544295 2.3959419 2.1073368 2.2791774 2.0877686 2.0395220 1.5802187 2.3480922 2.1789111 2.4877358 2.1654116 
Q4AUC4_9BURK_6_144  1.6913473 0.0000000 0.8451925 0.9424282 1.0216915 1.0571253 1.0500917 0.8461413 0.8168603 1.1353082 0.9823926 1.3661128 1.0406436 0.8633543 1.4403245 1.3517430 1.4191587 1.2569032 
Q4AMM4_9CHLB_9_147  2.1287200 0.8451925 0.0000000 1.1046861 1.1178777 1.0094984 0.7905900 1.1671098 1.2022756 1.1931826 1.2352994 1.1876233 0.8793794 1.0163167 1.5466142 1.8203740 1.6218456 1.3610893 
O07756_MYCTU_5_143  2.2968693 0.9424282 1.1046861 0.0000000 0.3046831 0.8570393 0.7238510 0.8278628 0.8587282 0.7730978 1.0389862 0.7901085 0.8616414 1.0065097 1.3894349 1.7118548 1.7264032 1.4254465 
Q73ZL6_MYCPA_11_149 2.2536083 1.0216915 1.1178777 0.3046831 0.0000000 0.6792514 0.7276333 0.7687841 0.6834995 0.9044132 0.8931549 0.7465797 0.7607289 0.7897114 1.0189375 1.4560880 1.4351536 1.3175726 
Q3K9T3_PSEPF_7_145  2.1731006 1.0571253 1.0094984 0.8570393 0.6792514 0.0000000 0.8278043 0.6989130 0.8817294 1.0498380 0.7911458 0.9046028 0.9176390 0.8736084 1.4706955 1.6883652 1.5591187 1.3760204 
Q4AX42_9BURK_29_167 2.7097793 1.0500917 0.7905900 0.7238510 0.7276333 0.8278043 0.0000000 0.6776022 0.6858566 0.7687960 1.0753328 0.7536639 0.6755954 0.9597497 1.2374829 1.4313478 1.9576445 1.3415549 
Q89MJ6_BRAJA_2_139  2.4544295 0.8461413 1.1671098 0.8278628 0.7687841 0.6989130 0.6776022 0.0000000 0.3797361 0.7448772 0.9063663 0.9076752 1.0535166 0.7121068 1.1080840 1.1957179 1.9203478 1.3153564 
Q35JS2_9BRAD_3_140  2.3959419 0.8168603 1.2022756 0.8587282 0.6834995 0.8817294 0.6858566 0.3797361 0.0000000 0.8823842 0.8756712 0.8725422 1.0441088 0.8127931 0.9943402 1.3101100 1.8866177 1.3469611 
Q92SE0_RHIME_3_141  2.1073368 1.1353082 1.1931826 0.7730978 0.9044132 1.0498380 0.7687960 0.7448772 0.8823842 0.0000000 1.0324216 0.9235429 0.9112602 0.8680933 1.5349678 1.3923442 1.8962289 1.2370235 
Q2RPJ2_RHORT_4_143  2.2791774 0.9823926 1.2352994 1.0389862 0.8931549 0.7911458 1.0753328 0.9063663 0.8756712 1.0324216 0.0000000 0.5652750 0.9900340 0.8988745 1.1604145 1.5475121 1.6407917 1.2809665 
Q3J0I6_RHOS4_3_142  2.0877686 1.3661128 1.1876233 0.7901085 0.7465797 0.9046028 0.7536639 0.9076752 0.8725422 0.9235429 0.5652750 0.0000000 0.9122003 0.9827498 1.2957465 1.5460807 1.8702252 1.2549912 
Q4ZU35_PSEU2_2_140  2.0395220 1.0406436 0.8793794 0.8616414 0.7607289 0.9176390 0.6755954 1.0535166 1.0441088 0.9112602 0.9900340 0.9122003 0.0000000 0.7198234 1.1466185 1.3728916 1.4631056 1.0844476 
Q4NE88_9MICC_2_142  1.5802187 0.8633543 1.0163167 1.0065097 0.7897114 0.8736084 0.9597497 0.7121068 0.8127931 0.8680933 0.8988745 0.9827498 0.7198234 0.0000000 0.9011774 1.1485795 1.5328570 1.1302317 
Q5LWG4_SILPO_8_146  2.3480922 1.4403245 1.5466142 1.3894349 1.0189375 1.4706955 1.2374829 1.1080840 0.9943402 1.5349678 1.1604145 1.2957465 1.1466185 0.9011774 0.0000000 0.4724485 1.8966609 1.3505307 
Q3QT88_9RHOB_15_153 2.1789111 1.3517430 1.8203740 1.7118548 1.4560880 1.6883652 1.4313478 1.1957179 1.3101100 1.3923442 1.5475121 1.5460807 1.3728916 1.1485795 0.4724485 0.0000000 2.1275224 1.4979959 
Q50VJ7_ENTHI_7_154  2.4877358 1.4191587 1.6218456 1.7264032 1.4351536 1.5591187 1.9576445 1.9203478 1.8866177 1.8962289 1.6407917 1.8702252 1.4631056 1.5328570 1.8966609 2.1275224 0.0000000 0.8886377 
Q89YX3_BACTN_9_145  2.1654116 1.2569032 1.3610893 1.4254465 1.3175726 1.3760204 1.3415549 1.3153564 1.3469611 1.2370235 1.2809665 1.2549912 1.0844476 1.1302317 1.3505307 1.4979959 0.8886377 0.0000000 
