6
Q9RDQ9_STRCO_157_332 0.0000000 0.6645854 0.7639525 1.6071413 1.7058977 1.6892350 
Q9F2M1_STRCO_113_275 0.6645854 0.0000000 1.0567783 1.6054398 1.4695230 1.6651549 
Q9X8R0_STRCO_101_271 0.7639525 1.0567783 0.0000000 1.9675335 2.2813490 1.7613643 
P95011_MYCTU_169_349 1.6071413 1.6054398 1.9675335 0.0000000 0.8515542 1.4685281 
P71654_MYCTU_277_466 1.7058977 1.4695230 2.2813490 0.8515542 0.0000000 0.8891398 
Y988_MYCBO_53_231    1.6892350 1.6651549 1.7613643 1.4685281 0.8891398 0.0000000 
