12
Q9PPN0_CAMJE_16_404 0.0000000 0.3423731 0.3101998 1.0381869 1.0298413 1.1899911 1.4511689 1.5804370 1.5168638 1.6510425 1.4549747 1.4385802 
DCUB_SHIFL_6_376    0.3423731 0.0000000 0.2932069 0.9343249 1.0045985 1.0107545 1.4575943 1.5201868 1.5692249 1.4476370 1.4277946 1.4217412 
Q9ZEN8_WOLSU_6_382  0.3101998 0.2932069 0.0000000 1.0090937 1.0107496 1.0578960 1.4997954 1.5003049 1.6266436 1.4758579 1.3953818 1.2675592 
Q9KMW3_VIBCH_5_373  1.0381869 0.9343249 1.0090937 0.0000000 0.1936610 1.0934227 1.6270454 1.8585888 1.6608961 1.4816781 1.5728870 1.4902143 
Q9CJS4_PASMU_5_375  1.0298413 1.0045985 1.0107496 0.1936610 0.0000000 1.1542281 1.6236032 1.9096985 1.5999282 1.6158544 1.5516585 1.5375122 
DCUB_HAEIN_8_372    1.1899911 1.0107545 1.0578960 1.0934227 1.1542281 0.0000000 1.1990548 1.4288669 1.1556170 1.1318283 1.0591711 1.3525810 
DCUA_HELPJ_7_369    1.4511689 1.4575943 1.4997954 1.6270454 1.6236032 1.1990548 0.0000000 0.5807045 0.6190980 0.7652980 0.5078356 1.5028893 
Q9PJ38_CAMJE_8_371  1.5804370 1.5201868 1.5003049 1.8585888 1.9096985 1.4288669 0.5807045 0.0000000 0.7205993 0.9198884 0.5986783 1.6614351 
DCUA_SHIFL_5_365    1.5168638 1.5692249 1.6266436 1.6608961 1.5999282 1.1556170 0.6190980 0.7205993 0.0000000 0.7461237 0.4283701 1.5372094 
Q9KNN2_VIBCH_21_383 1.6510425 1.4476370 1.4758579 1.4816781 1.6158544 1.1318283 0.7652980 0.9198884 0.7461237 0.0000000 0.5375046 1.4875157 
DCUA_WOLSU_5_365    1.4549747 1.4277946 1.3953818 1.5728870 1.5516585 1.0591711 0.5078356 0.5986783 0.4283701 0.5375046 0.0000000 1.4764737 
Q97DH7_CLOAB_5_371  1.4385802 1.4217412 1.2675592 1.4902143 1.5375122 1.3525810 1.5028893 1.6614351 1.5372094 1.4875157 1.4764737 0.0000000 
