6
Q88G25_PSEPK_6_86   0.0000000 0.8879328 0.8337448 1.2784090 1.5970522 1.8068822 
Q88K40_PSEPK_6_80   0.8879328 0.0000000 0.2526542 1.4278697 1.2416759 1.7487038 
Q883J2_PSESM_6_83   0.8337448 0.2526542 0.0000000 1.2362817 1.2244065 1.6187479 
Q9I198_PSEAE_5_80   1.2784090 1.4278697 1.2362817 0.0000000 1.7030714 2.1728202 
Q87XP5_PSESM_6_83   1.5970522 1.2416759 1.2244065 1.7030714 0.0000000 1.8983409 
Q88GF1_PSEPK_20_100 1.8068822 1.7487038 1.6187479 2.1728202 1.8983409 0.0000000 
