6
DMPK_MOUSE_472_532     0.0000000 1.8467817 1.9216019 2.1311108 2.6870145 2.8600666 
Q5TZ42_BRARE_875_935   1.8467817 0.0000000 0.3366033 0.4807681 0.7007315 1.4583631 
MRCKB_RAT_878_939      1.9216019 0.3366033 0.0000000 0.6516471 0.7709839 1.3776263 
Q4SGU4_TETNG_1025_1085 2.1311108 0.4807681 0.6516471 0.0000000 0.3220833 1.1801679 
MRCKA_RAT_881_941      2.6870145 0.7007315 0.7709839 0.3220833 0.0000000 1.3057901 
MRCKG_HUMAN_744_801    2.8600666 1.4583631 1.3776263 1.1801679 1.3057901 0.0000000 
