10
YKY5_CAEEL_55_351   0.0000000 0.5799971 0.5389730 0.4370421 1.5914294 1.3764752 1.8261079 1.5735781 1.3095627 1.8132020 
DPH1_YEAST_99_409   0.5799971 0.0000000 0.4718092 0.4291307 1.6064297 1.4785675 1.7698031 1.8450269 1.4998234 1.7719121 
DPH1_SCHPO_96_407   0.5389730 0.4718092 0.0000000 0.3505821 1.6708588 1.6423395 1.7814805 1.7843741 1.4596555 1.8533807 
Q16439_HUMAN_1_306  0.4370421 0.4291307 0.3505821 0.0000000 1.5579182 1.5883855 1.8915237 1.8494437 1.5027549 1.9474866 
O58832_PYRHO_26_323 1.5914294 1.6064297 1.6708588 1.5579182 0.0000000 1.0185096 1.2379583 1.2004756 1.6820674 1.9601723 
O27374_METTH_27_327 1.3764752 1.4785675 1.6423395 1.5883855 1.0185096 0.0000000 1.1905204 1.1466443 1.4300294 1.9825374 
O28472_ARCFU_21_308 1.8261079 1.7698031 1.7814805 1.8915237 1.2379583 1.1905204 0.0000000 1.2401590 1.9176063 2.2056857 
Y483_METJA_44_335   1.5735781 1.8450269 1.7843741 1.8494437 1.2004756 1.1466443 1.2401590 0.0000000 2.0326403 2.7727087 
DPH2_SCHPO_58_376   1.3095627 1.4998234 1.4596555 1.5027549 1.6820674 1.4300294 1.9176063 2.0326403 0.0000000 1.0147461 
YQ32_CAEEL_63_383   1.8132020 1.7719121 1.8533807 1.9474866 1.9601723 1.9825374 2.2056857 2.7727087 1.0147461 0.0000000 
