13
Q8PXS1_METMA_270_470 0.0000000 0.3013466 0.3434902 0.5146765 0.4985000 0.5551799 0.8276627 0.8371847 0.8446844 0.8750949 0.9107032 1.0749174 1.0304175 
Q8PXU7_METMA_268_468 0.3013466 0.0000000 0.3394764 0.4420725 0.3786651 0.5733920 0.8357992 0.8556142 0.8494480 0.8663871 0.8767030 1.0203861 0.9686066 
Q8PUS9_METMA_278_463 0.3434902 0.3394764 0.0000000 0.5107077 0.4009679 0.4787563 0.7965124 0.9928569 0.9805372 0.9125919 0.9148961 0.9130195 0.8771623 
Q8TLE9_METAC_305_493 0.5146765 0.4420725 0.5107077 0.0000000 0.3508191 0.7057798 1.0232706 1.0009140 1.0250337 1.0272049 0.9548774 1.0612520 1.0842799 
Q8TKN2_METAC_356_545 0.4985000 0.3786651 0.4009679 0.3508191 0.0000000 0.6212623 0.9510347 1.0133698 0.9580013 0.9466705 0.8614629 1.0324755 0.8792734 
Q8PXT0_METMA_261_458 0.5551799 0.5733920 0.4787563 0.7057798 0.6212623 0.0000000 0.8562895 0.8922938 0.8827734 0.9045660 0.8464123 1.2370484 1.3021851 
Q8PSX7_METMA_258_449 0.8276627 0.8357992 0.7965124 1.0232706 0.9510347 0.8562895 0.0000000 0.3474302 0.4839833 0.4856066 0.9577941 1.2397971 1.2178752 
Q8TNA9_METAC_274_466 0.8371847 0.8556142 0.9928569 1.0009140 1.0133698 0.8922938 0.3474302 0.0000000 0.5006914 0.4777925 0.9198846 1.2270170 1.2372788 
Q8TNF1_METAC_197_388 0.8446844 0.8494480 0.9805372 1.0250337 0.9580013 0.8827734 0.4839833 0.5006914 0.0000000 0.3533236 0.9135545 1.1987545 1.1847464 
Q8PSY5_METMA_251_443 0.8750949 0.8663871 0.9125919 1.0272049 0.9466705 0.9045660 0.4856066 0.4777925 0.3533236 0.0000000 0.9579550 1.3634070 1.2911298 
Q8TRW0_METAC_268_463 0.9107032 0.8767030 0.9148961 0.9548774 0.8614629 0.8464123 0.9577941 0.9198846 0.9135545 0.9579550 0.0000000 1.3691513 1.3953593 
Q8PXU6_METMA_268_452 1.0749174 1.0203861 0.9130195 1.0612520 1.0324755 1.2370484 1.2397971 1.2270170 1.1987545 1.3634070 1.3691513 0.0000000 0.2914922 
Q8THR8_METAC_274_457 1.0304175 0.9686066 0.8771623 1.0842799 0.8792734 1.3021851 1.2178752 1.2372788 1.1847464 1.2911298 1.3953593 0.2914922 0.0000000 
