8
Q978N7_THEVO_1_114  0.0000000 0.2180888 1.3829601 1.5250100 1.6256759 1.7063975 1.8156443 2.5004267 
Q9HLI7_THEAC_31_144 0.2180888 0.0000000 1.4790734 1.6258315 2.0357136 1.9005935 1.9990518 2.6857047 
Q8U2X2_PYRFU_1_109  1.3829601 1.4790734 0.0000000 0.9813115 1.2476332 2.0001032 1.9394722 2.9965420 
Q9YBN0_AERPE_1_109  1.5250100 1.6258315 0.9813115 0.0000000 1.1405822 2.2055081 2.2052097 2.7550028 
O28315_ARCFU_54_162 1.6256759 2.0357136 1.2476332 1.1405822 0.0000000 1.8003302 1.6481084 2.8387211 
Q8ZUK2_PYRAE_1_110  1.7063975 1.9005935 2.0001032 2.2055081 1.8003302 0.0000000 1.0908702 2.0737063 
Q976V1_SULTO_2_111  1.8156443 1.9990518 1.9394722 2.2052097 1.6481084 1.0908702 0.0000000 2.4004329 
Q8A7V2_BACTN_4_114  2.5004267 2.6857047 2.9965420 2.7550028 2.8387211 2.0737063 2.4004329 0.0000000 
