7
Q8PBY8_XANCP_26_253 0.0000000 0.3448572 1.5382903 1.9126990 1.9358226 1.9346658 2.0805373 
Q879U2_XYLFT_26_253 0.3448572 0.0000000 1.5237797 2.0752221 1.8744678 1.8086556 1.9207321 
Q8XKZ0_CLOPE_20_240 1.5382903 1.5237797 0.0000000 2.8153025 2.4529462 2.8717664 3.1829113 
O53420_MYCTU_46_278 1.9126990 2.0752221 2.8153025 0.0000000 0.6634084 1.3300309 1.5370604 
Q8FQS1_COREF_1_226  1.9358226 1.8744678 2.4529462 0.6634084 0.0000000 1.7690415 2.1588121 
Q54192_STRGR_66_293 1.9346658 1.8086556 2.8717664 1.3300309 1.7690415 0.0000000 0.3476158 
Q9KZ65_STRCO_80_307 2.0805373 1.9207321 3.1829113 1.5370604 2.1588121 0.3476158 0.0000000 
