9
Q8PKC9_XANAC_7_131  0.0000000 1.2900408 1.2315314 0.7197299 0.6375446 0.8124474 0.9820166 1.0212202 1.1005954 
Q8PA69_XANCP_35_159 1.2900408 0.0000000 0.4594738 0.7475356 0.7131355 0.8374058 0.5435551 0.5863970 1.6245279 
Q8PHD8_XANAC_6_130  1.2315314 0.4594738 0.0000000 0.7649630 0.8061079 0.8571082 0.6465596 0.6742018 1.6504672 
Q8PJA4_XANAC_7_130  0.7197299 0.7475356 0.7649630 0.0000000 0.5929981 0.6315685 0.5922752 0.5562339 1.3140511 
Q8PHI7_XANAC_9_133  0.6375446 0.7131355 0.8061079 0.5929981 0.0000000 0.2779482 0.5050067 0.5876254 1.1804163 
Q8PA65_XANCP_9_133  0.8124474 0.8374058 0.8571082 0.6315685 0.2779482 0.0000000 0.5016524 0.4733776 1.1195574 
Q8PHD7_XANAC_25_148 0.9820166 0.5435551 0.6465596 0.5922752 0.5050067 0.5016524 0.0000000 0.2631174 1.3655664 
Q8PJM3_XANAC_9_132  1.0212202 0.5863970 0.6742018 0.5562339 0.5876254 0.4733776 0.2631174 0.0000000 1.4972685 
Q8PIN3_XANAC_11_135 1.1005954 1.6245279 1.6504672 1.3140511 1.1804163 1.1195574 1.3655664 1.4972685 0.0000000 
