7
NUC1_CAEEL_9_365   0.0000000 1.8400000 1.9497267 1.8916040 1.8666492 1.9590324 1.8514265 
Q9VED8_DROME_4_352 1.8400000 0.0000000 2.1628125 2.1431505 2.0735296 2.1390610 2.3986154 
DNS2A_PIG_4_339    1.9497267 2.1628125 0.0000000 0.2553840 0.2825166 1.7697388 1.6740164 
DNS2A_HUMAN_1_337  1.8916040 2.1431505 0.2553840 0.0000000 0.3188948 1.8239923 1.7314572 
DNS2A_MOUSE_4_339  1.8666492 2.0735296 0.2825166 0.3188948 0.0000000 1.9187027 1.7858739 
DNS2B_RAT_9_345    1.9590324 2.1390610 1.7697388 1.8239923 1.9187027 0.0000000 0.3234247 
DNS2B_MOUSE_9_343  1.8514265 2.3986154 1.6740164 1.7314572 1.7858739 0.3234247 0.0000000 
