10
Q7VKY4_HAEDU_84_248 0.0000000 1.4126125 2.9621562 2.1192252 2.2413370 2.3040837 1.8344034 1.7253682 1.6948069 1.6012730 
FADR_HAEIN_77_241   1.4126125 0.0000000 2.6144004 2.3696268 2.3357800 2.3685773 1.9849740 1.9658755 1.8259024 1.5356816 
Q6LNY9_PHOPR_72_283 2.9621562 2.6144004 0.0000000 0.9322619 1.0015156 1.5478614 1.3144885 1.2251974 1.4103153 1.6916281 
FADR_VIBCH_72_279   2.1192252 2.3696268 0.9322619 0.0000000 0.1763871 1.2527895 1.0491234 1.1107636 1.0347844 1.1528715 
FADR_VIBVY_72_279   2.2413370 2.3357800 1.0015156 0.1763871 0.0000000 1.2455617 1.0920424 1.1256467 1.1241007 1.2264750 
FADR_SHEON_72_240   2.3040837 2.3685773 1.5478614 1.2527895 1.2455617 0.0000000 0.9080032 0.8936643 0.9559641 1.2426729 
FADR_PHOLL_72_239   1.8344034 1.9849740 1.3144885 1.0491234 1.0920424 0.9080032 0.0000000 0.2542695 0.3915696 0.7030018 
FADR_YERPE_71_238   1.7253682 1.9658755 1.2251974 1.1107636 1.1256467 0.8936643 0.2542695 0.0000000 0.3149176 0.7507294 
FADR_SHIFL_71_238   1.6948069 1.8259024 1.4103153 1.0347844 1.1241007 0.9559641 0.3915696 0.3149176 0.0000000 0.8331002 
FADR_PASMU_77_241   1.6012730 1.5356816 1.6916281 1.1528715 1.2264750 1.2426729 0.7030018 0.7507294 0.8331002 0.0000000 
