10
Q9WX21_STRCO_11_134 0.0000000 0.8437735 0.9806095 0.9969262 1.2251042 1.1817465 2.9125982 1.7261238 1.6209811 1.6812076 
Y1292_MYCBO_12_148  0.8437735 0.0000000 0.9053755 0.9711656 1.0598244 0.7960932 2.3461914 1.7096626 1.2110550 1.4170874 
Q9ZH81_MYCPA_16_143 0.9806095 0.9053755 0.0000000 1.1170423 1.3204793 0.8201144 2.4708094 2.0598331 1.6112736 1.5324116 
O85698_STRLI_13_145 0.9969262 0.9711656 1.1170423 0.0000000 0.3952827 0.9021962 2.5296048 1.6316421 1.5499696 1.7488622 
Y1584_MYCBO_13_143  1.2251042 1.0598244 1.3204793 0.3952827 0.0000000 0.9126451 2.6620334 2.1705973 1.7828383 2.1068889 
P71854_MYCTU_18_151 1.1817465 0.7960932 0.8201144 0.9021962 0.9126451 0.0000000 2.5416983 1.3803239 1.2468204 1.5545441 
O06389_MYCTU_4_129  2.9125982 2.3461914 2.4708094 2.5296048 2.6620334 2.5416983 0.0000000 1.8221200 1.7186546 2.0019408 
Q9KZZ9_STRCO_8_133  1.7261238 1.7096626 2.0598331 1.6316421 2.1705973 1.3803239 1.8221200 0.0000000 0.4798321 1.2207492 
P95144_MYCTU_6_129  1.6209811 1.2110550 1.6112736 1.5499696 1.7828383 1.2468204 1.7186546 0.4798321 0.0000000 1.5524504 
Q9K447_STRCO_18_139 1.6812076 1.4170874 1.5324116 1.7488622 2.1068889 1.5545441 2.0019408 1.2207492 1.5524504 0.0000000 
