25
Q88N51_PSEPK_205_470 0.0000000 0.3582182 0.4226145 1.3005822 1.2722683 1.3535422 1.3919831 1.1300715 1.1031393 1.2722482 1.0914304 1.6627962 1.3475329 1.2760679 1.3774754 1.4594664 1.7865044 1.2151290 1.4048121 1.4529387 1.2490109 1.2038157 1.8057493 2.4871380 2.1774935 
Q87X72_PSESM_205_470 0.3582182 0.0000000 0.5375149 1.3140694 1.4393379 1.4074430 1.4788038 1.0952833 0.9479028 1.2594912 0.9801615 1.4385902 1.2626375 1.2473979 1.3874824 1.4034293 1.7723011 1.4590633 1.5185924 1.5582031 1.3693080 1.2960802 1.7865383 2.5317868 1.9923563 
Q9HW85_PSEAE_207_472 0.4226145 0.5375149 0.0000000 1.3286685 1.2957659 1.4006226 1.3712310 0.9966993 0.9314535 1.2052547 1.0061665 1.3835950 1.2450165 1.2374980 1.2189251 1.5385349 1.7650984 1.0427093 1.5051741 1.3943468 1.2659318 1.2111841 1.6539243 2.5680120 2.4062077 
Q7VLL6_HAEDU_208_471 1.3005822 1.3140694 1.3286685 0.0000000 0.4244889 0.4640616 0.4504450 0.7633286 0.7485157 0.8702708 0.8312312 0.8218941 0.7397841 0.7245469 0.7791419 1.4770549 1.7359490 1.9679436 1.8315546 1.8617832 1.7317928 1.5901420 1.7462843 2.3851336 2.4387048 
EX1_HAEIN_208_471    1.2722683 1.4393379 1.2957659 0.4244889 0.0000000 0.2320696 0.3309085 0.6960585 0.7375231 0.7011821 0.7519060 0.9728601 0.8500449 0.8557953 0.8336128 1.4002478 1.8212832 1.7678170 1.6254951 1.7399218 1.7610363 1.5765113 1.7832204 2.0111423 2.3796306 
Q65TM2_MANSM_207_470 1.3535422 1.4074430 1.4006226 0.4640616 0.2320696 0.0000000 0.2908179 0.7164733 0.7656994 0.7378203 0.7955211 0.8928452 0.8644701 0.8968306 0.8257989 1.2648917 1.6475882 1.9027632 2.0422902 2.0492495 1.7687341 1.6423527 2.0366371 2.1341413 2.4648178 
Q9CN34_PASMU_210_473 1.3919831 1.4788038 1.3712310 0.4504450 0.3309085 0.2908179 0.0000000 0.7304594 0.7712102 0.7675076 0.8038850 0.9018766 0.8458882 0.9018015 0.8146901 1.2208427 1.7630694 1.8529919 2.0762816 2.0825400 1.7562988 1.5630157 1.8049020 2.0761366 2.4047532 
Q8D081_YERPE_232_495 1.1300715 1.0952833 0.9966993 0.7633286 0.6960585 0.7164733 0.7304594 0.0000000 0.2743394 0.3284982 0.3850323 0.6580128 0.5879442 0.6448673 0.5430866 1.0467455 1.6365937 1.5122701 1.7957253 1.7001644 1.4718950 1.2893596 1.4589571 2.0312421 2.0531934 
Q6D429_ERWCT_210_473 1.1031393 0.9479028 0.9314535 0.7485157 0.7375231 0.7656994 0.7712102 0.2743394 0.0000000 0.3136709 0.4138296 0.7432927 0.5600461 0.6507191 0.6193496 1.1889558 1.8587276 1.5209153 1.7354394 1.6667645 1.5805073 1.4166507 1.7172180 2.1972845 1.9990197 
Q83R11_SHIFL_211_473 1.2722482 1.2594912 1.2052547 0.8702708 0.7011821 0.7378203 0.7675076 0.3284982 0.3136709 0.0000000 0.4252137 0.8005464 0.7185528 0.6894063 0.6073789 1.0645494 1.8144449 1.5787626 1.9081593 1.8006771 1.7241154 1.4169126 1.6137502 2.4686486 2.2678068 
Q7N372_PHOLL_211_474 1.0914304 0.9801615 1.0061665 0.8312312 0.7519060 0.7955211 0.8038850 0.3850323 0.4138296 0.4252137 0.0000000 0.7850248 0.5924570 0.7063479 0.6584024 1.0994074 1.6531942 1.6749710 1.7397005 1.6040602 1.4223717 1.2693520 1.5738987 2.2405622 2.4782538 
Q5E4R9_VIBF1_210_472 1.6627962 1.4385902 1.3835950 0.8218941 0.9728601 0.8928452 0.9018766 0.6580128 0.7432927 0.8005464 0.7850248 0.0000000 0.4692750 0.5511290 0.5308480 1.0847481 1.5816737 1.8293000 2.0277025 1.7002653 1.5055715 1.5482401 1.6490967 2.2202778 1.8375567 
Q8D919_VIBVU_210_471 1.3475329 1.2626375 1.2450165 0.7397841 0.8500449 0.8644701 0.8458882 0.5879442 0.5600461 0.7185528 0.5924570 0.4692750 0.0000000 0.2420914 0.4353138 0.9604447 1.3534389 1.8755622 1.9168661 1.6062351 1.6744367 1.5156187 1.4733561 2.3999485 2.1465773 
Q9KSM2_VIBCH_210_472 1.2760679 1.2473979 1.2374980 0.7245469 0.8557953 0.8968306 0.9018015 0.6448673 0.6507191 0.6894063 0.7063479 0.5511290 0.2420914 0.0000000 0.4812682 1.0320719 1.5249087 1.9958263 1.8828786 1.7661794 1.7419827 1.5158673 1.6139122 2.4287563 2.3573940 
Q6LRH6_PHOPR_210_472 1.3774754 1.3874824 1.2189251 0.7791419 0.8336128 0.8257989 0.8146901 0.5430866 0.6193496 0.6073789 0.6584024 0.5308480 0.4353138 0.4812682 0.0000000 0.9581750 1.4741456 1.7145842 1.9255826 1.7964593 1.5897862 1.4472219 1.4717041 2.0984000 2.0196842 
Q8EDG2_SHEON_210_470 1.4594664 1.4034293 1.5385349 1.4770549 1.4002478 1.2648917 1.2208427 1.0467455 1.1889558 1.0645494 1.0994074 1.0847481 0.9604447 1.0320719 0.9581750 0.0000000 1.6900402 1.6017189 2.0676556 1.8851765 1.7923434 1.5143222 1.7682723 3.0646992 2.8648601 
Q5QZ62_IDILO_210_479 1.7865044 1.7723011 1.7650984 1.7359490 1.8212832 1.6475882 1.7630694 1.6365937 1.8587276 1.8144449 1.6531942 1.5816737 1.3534389 1.5249087 1.4741456 1.6900402 0.0000000 2.1965405 2.2354740 2.3076551 1.9325624 1.8294696 2.0410008 2.8321412 3.1853203 
Q605A2_METCA_208_476 1.2151290 1.4590633 1.0427093 1.9679436 1.7678170 1.9027632 1.8529919 1.5122701 1.5209153 1.5787626 1.6749710 1.8293000 1.8755622 1.9958263 1.7145842 1.6017189 2.1965405 0.0000000 1.3822517 1.2035615 1.2495102 1.3196925 1.5870675 3.4097869 2.7554178 
Q87D93_XYLFT_222_490 1.4048121 1.5185924 1.5051741 1.8315546 1.6254951 2.0422902 2.0762816 1.7957253 1.7354394 1.9081593 1.7397005 2.0277025 1.9168661 1.8828786 1.9255826 2.0676556 2.2354740 1.3822517 0.0000000 0.4851566 1.6765365 1.7984010 1.6492735 2.8182290 2.7560540 
Q8PM35_XANAC_206_477 1.4529387 1.5582031 1.3943468 1.8617832 1.7399218 2.0492495 2.0825400 1.7001644 1.6667645 1.8006771 1.6040602 1.7002653 1.6062351 1.7661794 1.7964593 1.8851765 2.3076551 1.2035615 0.4851566 0.0000000 1.5015230 1.4519917 1.6874059 3.2909663 3.2100975 
Q7NYE5_CHRVO_207_467 1.2490109 1.3693080 1.2659318 1.7317928 1.7610363 1.7687341 1.7562988 1.4718950 1.5805073 1.7241154 1.4223717 1.5055715 1.6744367 1.7419827 1.5897862 1.7923434 1.9325624 1.2495102 1.6765365 1.5015230 0.0000000 0.6793547 1.5603350 2.9425185 3.4102046 
Q8XUR1_RALSO_218_486 1.2038157 1.2960802 1.2111841 1.5901420 1.5765113 1.6423527 1.5630157 1.2893596 1.4166507 1.4169126 1.2693520 1.5482401 1.5156187 1.5158673 1.4472219 1.5143222 1.8294696 1.3196925 1.7984010 1.4519917 0.6793547 0.0000000 1.7916779 3.2169535 3.1136866 
Q82WK3_NITEU_209_476 1.8057493 1.7865383 1.6539243 1.7462843 1.7832204 2.0366371 1.8049020 1.4589571 1.7172180 1.6137502 1.5738987 1.6490967 1.4733561 1.6139122 1.4717041 1.7682723 2.0410008 1.5870675 1.6492735 1.6874059 1.5603350 1.7916779 0.0000000 2.9552621 3.1648493 
EX1_BUCAP_213_470    2.4871380 2.5317868 2.5680120 2.3851336 2.0111423 2.1341413 2.0761366 2.0312421 2.1972845 2.4686486 2.2405622 2.2202778 2.3999485 2.4287563 2.0984000 3.0646992 2.8321412 3.4097869 2.8182290 3.2909663 2.9425185 3.2169535 2.9552621 0.0000000 2.5479271 
Q7VQX2_BLOFL_211_495 2.1774935 1.9923563 2.4062077 2.4387048 2.3796306 2.4648178 2.4047532 2.0531934 1.9990197 2.2678068 2.4782538 1.8375567 2.1465773 2.3573940 2.0196842 2.8648601 3.1853203 2.7554178 2.7560540 3.2100975 3.4102046 3.1136866 3.1648493 2.5479271 0.0000000 
