9
Q9MA92_ARATH_64_603  0.0000000 0.8206505 0.8821289 0.6341658 1.3984567 1.3609401 1.2211149 1.3606493 1.3710909 
Q9CAP9_ARATH_79_691  0.8206505 0.0000000 0.3787886 0.6492896 1.6109645 1.5106785 1.2723918 1.4369431 1.3545744 
Q9XHZ6_ARATH_15_548  0.8821289 0.3787886 0.0000000 0.7003824 1.6783945 1.4980819 1.2958671 1.4400602 1.4709873 
Q8LLE5_LYCES_1_486   0.6341658 0.6492896 0.7003824 0.0000000 1.5599907 1.3262451 1.1656291 1.3257266 1.4544751 
O65649_ARATH_92_900  1.3984567 1.6109645 1.6783945 1.5599907 0.0000000 0.7693675 0.7333258 0.6720298 1.7383883 
Q9C698_ARATH_132_961 1.3609401 1.5106785 1.4980819 1.3262451 0.7693675 0.0000000 0.3995606 0.6827060 1.2644948 
Q9FXI1_ARATH_82_902  1.2211149 1.2723918 1.2958671 1.1656291 0.7333258 0.3995606 0.0000000 0.5410746 1.1498230 
Q8SAW5_ORYSA_79_914  1.3606493 1.4369431 1.4400602 1.3257266 0.6720298 0.6827060 0.5410746 0.0000000 1.2786149 
Q9SLN1_ARATH_40_755  1.3710909 1.3545744 1.4709873 1.4544751 1.7383883 1.2644948 1.1498230 1.2786149 0.0000000 
