27
O31568_BACSU_19_329 0.0000000 0.8091331 0.8972455 0.9816530 1.0713747 1.3574024 1.3714823 1.4315906 1.3278859 1.3632450 1.6775943 1.5350288 1.4017444 2.2829767 1.4024476 1.6040723 1.7334761 1.4177589 1.8557207 1.9007414 1.8974235 1.9932608 1.8393102 1.8393403 1.5438130 2.7804438 5.0698772 
P72590_SYNY3_32_340 0.8091331 0.0000000 0.9468751 1.0997151 1.0684197 1.2668615 1.4091000 1.2961843 1.1697774 1.2651536 1.3946315 1.4310258 1.6771463 1.7755290 1.4542257 1.1664695 1.4554931 1.2893448 1.6391021 1.5367407 1.7055117 1.6072953 1.6482980 1.5267234 1.2201170 2.9932448 5.0300930 
CBRB_DICD3_24_335   0.8972455 0.9468751 0.0000000 1.0728545 1.3328760 1.6875386 1.1635830 1.4275015 1.3834154 1.2357180 1.5166190 1.5143597 1.4863627 1.7656101 1.2702643 1.0474000 1.3379396 1.4480638 1.6509249 1.7826960 1.7263981 1.7525648 1.8523210 1.6500760 1.2875914 2.7080864 4.7569551 
O34933_BACSU_22_328 0.9816530 1.0997151 1.0728545 0.0000000 1.0273839 1.2768888 1.4753165 1.1321974 1.1874589 1.2882272 1.4469283 1.3792615 1.3638960 1.8565216 1.1850284 1.5818272 1.7579902 1.4912593 1.5989668 1.6958282 1.6150543 1.8115444 1.8507324 1.8121770 1.1572384 2.6394926 4.6165961 
FHUB_BACSU_69_379   1.0713747 1.0684197 1.3328760 1.0273839 0.0000000 0.9343914 1.5456348 1.5458386 1.5579072 1.4397175 1.5616865 1.5085635 1.4529967 1.8027449 1.4930370 1.4127140 1.4672605 1.3519948 1.7045614 1.6777999 1.8428674 1.7238615 1.9828697 1.9564809 1.4520029 2.4937534 4.3755790 
FEUB_BACSU_17_327   1.3574024 1.2668615 1.6875386 1.2768888 0.9343914 0.0000000 1.8925493 1.6354287 1.5306323 1.5627210 2.0330301 1.7857441 1.8823873 2.2195424 2.1071600 1.8475509 2.1038139 1.4258617 2.0183010 1.8810087 2.1897236 2.0263922 2.3616361 1.9883534 1.5890648 2.9664666 3.7441028 
FEPD_ECOLI_19_328   1.3714823 1.4091000 1.1635830 1.4753165 1.5456348 1.8925493 0.0000000 1.7094423 1.5715149 1.5412077 1.7341464 1.9317908 1.8012382 2.5290719 1.3832158 1.4848426 1.5748573 1.7571866 2.2743655 2.0887444 2.0507055 1.6522614 2.1650917 1.8656841 1.9248199 2.8028968 3.5985836 
O34832_BACSU_21_328 1.4315906 1.2961843 1.4275015 1.1321974 1.5458386 1.6354287 1.7094423 0.0000000 1.1172852 0.9819835 1.0673294 1.0354144 0.9356679 1.4042434 1.5234042 1.4188036 1.8385700 1.4703576 1.5660347 1.6098420 1.8341731 1.3991766 1.9344953 1.7227822 1.3674125 2.7044285 4.1395269 
FECD_ECOLI_12_315   1.3278859 1.1697774 1.3834154 1.1874589 1.5579072 1.5306323 1.5715149 1.1172852 0.0000000 1.0370781 1.3004141 1.3200574 1.2663365 1.7791574 1.5135340 1.2505386 1.4468291 1.3221215 1.5906194 1.6962574 1.7306076 1.6477769 1.8628104 1.4405520 1.2372536 2.5338365 4.4836978 
P72591_SYNY3_35_345 1.3632450 1.2651536 1.2357180 1.2882272 1.4397175 1.5627210 1.5412077 0.9819835 1.0370781 0.0000000 1.0728413 1.0634662 1.1042049 1.3173199 1.3560136 1.4875170 1.6247701 1.3647449 2.0944987 1.8978535 2.0593500 1.4633864 1.5169729 1.7205972 1.4498509 2.5343093 4.7701397 
FHUG_BACSU_18_334   1.6775943 1.3946315 1.5166190 1.4469283 1.5616865 2.0330301 1.7341464 1.0673294 1.3004141 1.0728413 0.0000000 1.2547965 1.3715501 1.6618919 1.6662558 1.4046320 1.5339548 1.7154639 1.7615288 1.6588737 1.8697224 1.9669414 1.7718084 1.7495415 1.5025621 2.6544134 3.6842256 
P70913_BACIN_32_340 1.5350288 1.4310258 1.5143597 1.3792615 1.5085635 1.7857441 1.9317908 1.0354144 1.3200574 1.0634662 1.2547965 0.0000000 0.8648566 1.0076730 1.5486232 1.7424350 1.7337761 1.8641858 2.0725777 2.0678669 2.0234071 1.8070240 1.5305435 1.5038109 1.7582417 2.9526271 4.7774045 
O31569_BACSU_24_339 1.4017444 1.6771463 1.4863627 1.3638960 1.4529967 1.8823873 1.8012382 0.9356679 1.2663365 1.1042049 1.3715501 0.8648566 0.0000000 1.5062514 1.8664642 1.6124806 1.7904339 1.7931322 1.8308498 1.8342072 1.9163607 1.6257636 1.6888610 1.6460013 1.5166393 2.9606854 5.0327990 
CBRC_DICD3_36_345   2.2829767 1.7755290 1.7656101 1.8565216 1.8027449 2.2195424 2.5290719 1.4042434 1.7791574 1.3173199 1.6618919 1.0076730 1.5062514 0.0000000 1.9182109 1.6102832 2.2690254 1.8131663 2.3188845 2.2850736 2.6393131 2.2207432 1.9531459 1.5879700 1.9929843 3.6704687 6.1523531 
FECC_ECOLI_18_330   1.4024476 1.4542257 1.2702643 1.1850284 1.4930370 2.1071600 1.3832158 1.5234042 1.5135340 1.3560136 1.6662558 1.5486232 1.8664642 1.9182109 0.0000000 1.3254308 1.6994354 1.7165082 2.1555300 1.9299630 1.7461127 1.7337291 2.1861580 2.0367916 1.6972308 2.9018037 4.5726921 
HMUU_YERPE_17_327   1.6040723 1.1664695 1.0474000 1.5818272 1.4127140 1.8475509 1.4848426 1.4188036 1.2505386 1.4875170 1.4046320 1.7424350 1.6124806 1.6102832 1.3254308 0.0000000 1.1330871 1.1674695 1.2451938 1.4964806 1.3959827 1.2761660 1.8812973 1.5143945 1.3379745 2.4251083 4.3209555 
BTUC_ECOLI_22_323   1.7334761 1.4554931 1.3379396 1.7579902 1.4672605 2.1038139 1.5748573 1.8385700 1.4468291 1.6247701 1.5339548 1.7337761 1.7904339 2.2690254 1.6994354 1.1330871 0.0000000 1.4463053 1.5975045 1.4148458 1.6684776 1.5529638 2.0114933 1.8148863 1.6344805 2.2029725 3.8866270 
O34451_BACSU_24_345 1.4177589 1.2893448 1.4480638 1.4912593 1.3519948 1.4258617 1.7571866 1.4703576 1.3221215 1.3647449 1.7154639 1.8641858 1.7931322 1.8131663 1.7165082 1.1674695 1.4463053 0.0000000 1.5302551 1.4844941 1.5385250 1.4244821 2.2601267 2.1139677 1.4552945 2.6843223 5.1378125 
Y087_METJA_24_344   1.8557207 1.6391021 1.6509249 1.5989668 1.7045614 2.0183010 2.2743655 1.5660347 1.5906194 2.0944987 1.7615288 2.0725777 1.8308498 2.3188845 2.1555300 1.2451938 1.5975045 1.5302551 0.0000000 0.5045313 1.6555837 2.1097339 2.5303636 2.0572444 1.6674643 2.4829492 5.3392040 
O29818_ARCFU_18_331 1.9007414 1.5367407 1.7826960 1.6958282 1.6777999 1.8810087 2.0887444 1.6098420 1.6962574 1.8978535 1.6588737 2.0678669 1.8342072 2.2850736 1.9299630 1.4964806 1.4148458 1.4844941 0.5045313 0.0000000 1.7922575 1.8033318 2.4399389 2.2187033 1.6667198 2.7191494 4.4599407 
O28870_ARCFU_17_325 1.8974235 1.7055117 1.7263981 1.6150543 1.8428674 2.1897236 2.0507055 1.8341731 1.7306076 2.0593500 1.8697224 2.0234071 1.9163607 2.6393131 1.7461127 1.3959827 1.6684776 1.5385250 1.6555837 1.7922575 0.0000000 1.4295678 2.3826662 2.4774258 1.4985241 3.0930260 4.2180813 
Y1471_HAEIN_16_329  1.9932608 1.6072953 1.7525648 1.8115444 1.7238615 2.0263922 1.6522614 1.3991766 1.6477769 1.4633864 1.9669414 1.8070240 1.6257636 2.2207432 1.7337291 1.2761660 1.5529638 1.4244821 2.1097339 1.8033318 1.4295678 0.0000000 2.3030366 2.4727834 2.0104439 2.6062930 4.1351480 
Q50376_MYCSM_28_340 1.8393102 1.6482980 1.8523210 1.8507324 1.9828697 2.3616361 2.1650917 1.9344953 1.8628104 1.5169729 1.7718084 1.5305435 1.6888610 1.9531459 2.1861580 1.8812973 2.0114933 2.2601267 2.5303636 2.4399389 2.3826662 2.3030366 0.0000000 0.8320048 1.8492801 3.2526133 3.9598261 
FEPG_ECOLI_19_325   1.8393403 1.5267234 1.6500760 1.8121770 1.9564809 1.9883534 1.8656841 1.7227822 1.4405520 1.7205972 1.7495415 1.5038109 1.6460013 1.5879700 2.0367916 1.5143945 1.8148863 2.1139677 2.0572444 2.2187033 2.4774258 2.4727834 0.8320048 0.0000000 1.6019445 3.2352249 4.3186028 
O34182_HALVO_49_363 1.5438130 1.2201170 1.2875914 1.1572384 1.4520029 1.5890648 1.9248199 1.3674125 1.2372536 1.4498509 1.5025621 1.7582417 1.5166393 1.9929843 1.6972308 1.3379745 1.6344805 1.4552945 1.6674643 1.6667198 1.4985241 2.0104439 1.8492801 1.6019445 0.0000000 2.7482715 3.7006186 
FATD_VIBAN_3_310    2.7804438 2.9932448 2.7080864 2.6394926 2.4937534 2.9664666 2.8028968 2.7044285 2.5338365 2.5343093 2.6544134 2.9526271 2.9606854 3.6704687 2.9018037 2.4251083 2.2029725 2.6843223 2.4829492 2.7191494 3.0930260 2.6062930 3.2526133 3.2352249 2.7482715 0.0000000 4.9484719 
P94419_BACSU_1_310  5.0698772 5.0300930 4.7569551 4.6165961 4.3755790 3.7441028 3.5985836 4.1395269 4.4836978 4.7701397 3.6842256 4.7774045 5.0327990 6.1523531 4.5726921 4.3209555 3.8866270 5.1378125 5.3392040 4.4599407 4.2180813 4.1351480 3.9598261 4.3186028 3.7006186 4.9484719 0.0000000 
