9
PTR1_SCHPO_426_737   0.0000000 1.5080099 1.5162404 1.4897315 1.6873927 1.6873927 1.7542714 1.7809924 1.7506553 
TOM1_NEUCR_578_1020  1.5080099 0.0000000 1.4444993 1.3977656 2.1537958 2.1537958 2.1160623 2.2661795 2.0312172 
UPL1_ARATH_410_764   1.5162404 1.4444993 0.0000000 0.0323386 1.4338917 1.4338917 1.5571474 2.1523045 2.4348947 
UPL2_ARATH_410_766   1.4897315 1.3977656 0.0323386 0.0000000 1.4327598 1.4327598 1.5529169 2.1260091 2.4640121 
Q8BKX3_MOUSE_424_815 1.6873927 2.1537958 1.4338917 1.4327598 0.0000000 0.0000010 0.4649045 1.1833834 1.9424789 
Q8C0G8_MOUSE_350_741 1.6873927 2.1537958 1.4338917 1.4327598 0.0000010 0.0000000 0.4649045 1.1833834 1.9424789 
Q9VXR3_DROME_422_991 1.7542714 2.1160623 1.5571474 1.5529169 0.4649045 0.4649045 0.0000000 1.0657199 1.9209937 
Q9GUP2_CAEEL_432_938 1.7809924 2.2661795 2.1523045 2.1260091 1.1833834 1.1833834 1.0657199 0.0000000 2.4029474 
TOM1_YEAST_442_827   1.7506553 2.0312172 2.4348947 2.4640121 1.9424789 1.9424789 1.9209937 2.4029474 0.0000000 
