7
Q9BZ56_HUMAN_1_124 0.0000000 0.0749187 0.0668896 0.1013042 0.0783406 0.1005413 0.0920991 
Q9BXE4_HUMAN_1_124 0.0749187 0.0000000 0.0661882 0.0735997 0.0671589 0.1172612 0.1088067 
Q9BZ54_HUMAN_1_124 0.0668896 0.0661882 0.0000000 0.1007297 0.0785395 0.1010109 0.0925313 
Q9BXE0_HUMAN_1_124 0.1013042 0.0735997 0.1007297 0.0000000 0.0675103 0.1530604 0.1444404 
Q9BZ65_HUMAN_1_104 0.0783406 0.0671589 0.0785395 0.0675103 0.0000000 0.1183710 0.0981354 
Q9BXE7_HUMAN_1_124 0.1005413 0.1172612 0.1010109 0.1530604 0.1183710 0.0000000 0.0654868 
Q9BXE5_HUMAN_1_124 0.0920991 0.1088067 0.0925313 0.1444404 0.0981354 0.0654868 0.0000000 
