9
Q9LTY0_ARATH_498_861 0.0000000 0.2723547 0.4110263 0.4142993 1.0706078 0.9913591 2.1549464 2.1357177 2.1272984 
Q9LQ24_ARATH_363_725 0.2723547 0.0000000 0.4395513 0.4868075 1.0791515 1.0567327 2.4452500 2.0650462 2.2305429 
Q9FW55_ORYSA_27_390  0.4110263 0.4395513 0.0000000 0.1746271 1.0967410 1.0170074 2.0400007 2.1696743 2.0098051 
Q9LRN1_ARATH_522_885 0.4142993 0.4868075 0.1746271 0.0000000 1.1667586 1.0601824 1.9783722 2.2802747 2.1419026 
P73619_SYNY3_418_794 1.0706078 1.0791515 1.0967410 1.1667586 0.0000000 1.5152238 2.5766928 2.2782398 2.1631704 
O01893_CAEEL_479_850 0.9913591 1.0567327 1.0170074 1.0601824 1.5152238 0.0000000 2.6016795 2.4192682 2.3282767 
Q97UH8_SULSO_333_733 2.1549464 2.4452500 2.0400007 1.9783722 2.5766928 2.6016795 0.0000000 2.6233867 2.9701019 
Q97YG8_SULSO_329_663 2.1357177 2.0650462 2.1696743 2.2802747 2.2782398 2.4192682 2.6233867 0.0000000 1.5864023 
Q97VF2_SULSO_305_642 2.1272984 2.2305429 2.0098051 2.1419026 2.1631704 2.3282767 2.9701019 1.5864023 0.0000000 
