12
Q92UT2_RHIME_5_225  0.0000000 0.2496225 0.7971381 0.8954356 1.0176337 1.2576668 1.3673887 1.1607572 1.2617280 1.1579602 2.0609070 2.6991791 
Q98JJ9_RHILO_7_227  0.2496225 0.0000000 0.8445840 0.9494886 1.3001328 1.6339860 1.5190765 1.3602492 1.3910139 1.3967145 2.1242997 2.5148904 
Q93JH9_STRCO_1_229  0.7971381 0.8445840 0.0000000 0.6238538 1.0878408 1.3180836 1.0565486 0.9262729 1.0156756 1.0001391 1.7648731 2.2326817 
Q8CV44_OCEIH_7_254  0.8954356 0.9494886 0.6238538 0.0000000 0.9657077 1.0242799 1.0341519 0.8455989 0.9854116 0.9200495 2.1499289 2.3280803 
Q98JM6_RHILO_1_236  1.0176337 1.3001328 1.0878408 0.9657077 0.0000000 0.5122725 1.0535817 0.5733149 0.8906191 0.8165243 2.1672989 2.3505612 
Q98FI9_RHILO_20_255 1.2576668 1.6339860 1.3180836 1.0242799 0.5122725 0.0000000 1.1346064 0.5855664 0.8090357 0.7616834 2.1741621 2.1248306 
Q92RU4_RHIME_2_270  1.3673887 1.5190765 1.0565486 1.0341519 1.0535817 1.1346064 0.0000000 0.7783156 0.8382227 0.9296560 1.7318408 1.7185814 
Q9I3Z4_PSEAE_5_236  1.1607572 1.3602492 0.9262729 0.8455989 0.5733149 0.5855664 0.7783156 0.0000000 0.7151163 0.7016284 1.8480350 1.9009836 
Q8Y0D1_RALSO_1_234  1.2617280 1.3910139 1.0156756 0.9854116 0.8906191 0.8090357 0.8382227 0.7151163 0.0000000 0.7969597 2.3453913 2.5114111 
Q8UH32_AGRT5_1_233  1.1579602 1.3967145 1.0001391 0.9200495 0.8165243 0.7616834 0.9296560 0.7016284 0.7969597 0.0000000 1.8227527 1.9903410 
Q98I82_RHILO_14_271 2.0609070 2.1242997 1.7648731 2.1499289 2.1672989 2.1741621 1.7318408 1.8480350 2.3453913 1.8227527 0.0000000 1.2893165 
Q92NT5_RHIME_3_234  2.6991791 2.5148904 2.2326817 2.3280803 2.3505612 2.1248306 1.7185814 1.9009836 2.5114111 1.9903410 1.2893165 0.0000000 
