13
Q48746_LISMO_23_231 0.0000000 0.7951464 0.9332782 1.0797860 1.0333742 1.0949621 1.0779137 1.3704076 2.1806419 2.0911862 2.8737578 3.4016006 3.8428727 
YQFN_BACSU_1_211    0.7951464 0.0000000 0.9837315 1.0471317 1.2137080 1.0767333 1.2664654 1.4850121 2.0299664 2.2383220 2.6422272 3.3901063 4.1134632 
Q9KD40_BACHD_23_232 0.9332782 0.9837315 0.0000000 1.3212134 1.0319464 1.2675327 1.0752221 1.2569833 2.2291324 2.4617732 2.4046983 3.3967538 3.6983566 
Q99TT6_STAAM_20_223 1.0797860 1.0471317 1.3212134 0.0000000 1.2062383 1.2228781 1.0709025 1.3457112 1.8050283 2.8201679 2.4031185 3.6285265 3.9503280 
Q9CGM4_LACLA_23_227 1.0333742 1.2137080 1.0319464 1.2062383 0.0000000 0.8987285 0.8519664 0.7777121 1.6907780 2.6290643 2.0867607 3.1175255 4.1405017 
Q9A050_STRP1_22_222 1.0949621 1.0767333 1.2675327 1.2228781 0.8987285 0.0000000 0.4748705 0.6631725 1.9498558 2.2395057 2.4534524 3.5152034 2.8476495 
Q97PJ9_STRPN_19_219 1.0779137 1.2664654 1.0752221 1.0709025 0.8519664 0.4748705 0.0000000 0.7756345 1.7779642 2.5021966 2.4423791 3.1627308 3.6129115 
P95776_STRMU_27_227 1.3704076 1.4850121 1.2569833 1.3457112 0.7777121 0.6631725 0.7756345 0.0000000 1.8205198 2.3955938 2.5079270 2.9550152 3.2323791 
Q97JI1_CLOAB_20_224 2.1806419 2.0299664 2.2291324 1.8050283 1.6907780 1.9498558 1.7779642 1.8205198 0.0000000 3.1120620 2.0599897 3.1404704 2.8852138 
Q9RXN4_DEIRA_22_225 2.0911862 2.2383220 2.4617732 2.8201679 2.6290643 2.2395057 2.5021966 2.3955938 3.1120620 0.0000000 3.7938699 4.1532479 5.0332058 
Q9PQE1_UREPA_20_221 2.8737578 2.6422272 2.4046983 2.4031185 2.0867607 2.4534524 2.4423791 2.5079270 2.0599897 3.7938699 0.0000000 3.0488915 2.9554889 
Y351_MYCPN_20_211   3.4016006 3.3901063 3.3967538 3.6285265 3.1175255 3.5152034 3.1627308 2.9550152 3.1404704 4.1532479 3.0488915 0.0000000 0.8990848 
Y248_MYCGE_20_210   3.8428727 4.1134632 3.6983566 3.9503280 4.1405017 2.8476495 3.6129115 3.2323791 2.8852138 5.0332058 2.9554889 0.8990848 0.0000000 
