12
O44153_CAEEL_431_560 0.0000000 1.3013713 1.1400798 1.9113947 1.3890210 2.1800134 2.3787815 1.9832817 1.9729507 2.2772532 2.7020347 1.9078443 
O44150_CAEEL_230_360 1.3013713 0.0000000 0.6551226 1.0003270 1.1268101 1.5432774 2.3223917 1.5534534 2.3269236 1.4106870 2.2144255 1.5170281 
O44154_CAEEL_440_572 1.1400798 0.6551226 0.0000000 1.1884521 1.0503031 1.5671952 1.9656352 1.5606190 1.9582236 1.4380376 1.8384424 1.7130111 
Q9BKP7_CAEEL_299_428 1.9113947 1.0003270 1.1884521 0.0000000 0.6140372 1.5690928 2.1857635 1.6208533 2.3825129 1.6248726 2.5024147 2.0625763 
O44151_CAEEL_296_424 1.3890210 1.1268101 1.0503031 0.6140372 0.0000000 1.5066921 1.9066762 1.5969904 2.2694094 1.8572395 2.4253229 1.9786477 
O44152_CAEEL_312_440 2.1800134 1.5432774 1.5671952 1.5690928 1.5066921 0.0000000 1.9719031 0.9513734 1.4549516 1.1017989 1.8277672 1.6973387 
Q9TZ98_CAEEL_1_116   2.3787815 2.3223917 1.9656352 2.1857635 1.9066762 1.9719031 0.0000000 0.4253415 3.9822858 1.5233031 2.0730186 2.1152064 
O44155_CAEEL_259_390 1.9832817 1.5534534 1.5606190 1.6208533 1.5969904 0.9513734 0.4253415 0.0000000 2.3062440 0.9465404 1.7352465 1.2418543 
O44153_CAEEL_240_351 1.9729507 2.3269236 1.9582236 2.3825129 2.2694094 1.4549516 3.9822858 2.3062440 0.0000000 1.6356940 2.1800410 2.3083411 
Q20990_CAEEL_196_322 2.2772532 1.4106870 1.4380376 1.6248726 1.8572395 1.1017989 1.5233031 0.9465404 1.6356940 0.0000000 1.2056128 1.1191999 
Q20988_CAEEL_197_314 2.7020347 2.2144255 1.8384424 2.5024147 2.4253229 1.8277672 2.0730186 1.7352465 2.1800410 1.2056128 0.0000000 2.2915071 
Q17411_CAEEL_495_621 1.9078443 1.5170281 1.7130111 2.0625763 1.9786477 1.6973387 2.1152064 1.2418543 2.3083411 1.1191999 2.2915071 0.0000000 
