18
DUS1_BACSU_14_323  0.0000000 1.5604287 1.3730102 1.2108936 1.1140850 1.1184497 1.1866220 1.3639651 1.9630822 1.6990982 2.5205414 2.8350203 1.8363826 2.6955615 2.6747130 3.5713279 4.4755806 3.7143773 
DUS_MYCLE_1_346    1.5604287 0.0000000 1.5090290 1.6969073 1.6769016 1.7896304 1.8968555 1.7487350 2.5430684 2.6136136 3.0115719 3.4134835 2.4822362 3.1101125 3.6459145 2.6295014 4.8014886 4.5549804 
DUS_AZOBR_15_323   1.3730102 1.5090290 0.0000000 0.4247562 0.5903025 0.8543022 0.8373110 0.9486478 1.7247420 1.7095995 1.5730940 1.8919744 1.3987685 3.3168858 2.6862247 2.2132456 3.0676440 2.8787777 
DUS_RHILP_8_311    1.2108936 1.6969073 0.4247562 0.0000000 0.2579903 0.8155543 0.7214579 1.0899360 1.5794325 1.4935147 1.8448935 2.1502473 1.4043016 3.0317503 2.4131726 2.4174983 3.3764413 2.9056482 
DUS_RHOCA_15_318   1.1140850 1.6769016 0.5903025 0.2579903 0.0000000 0.6542474 0.6375887 1.0845791 1.4819275 1.6177378 1.5455887 1.9290271 1.4296409 2.6835963 2.8739532 2.1876134 3.3596011 3.0269535 
DUSB_HAEIN_13_321  1.1184497 1.7896304 0.8543022 0.8155543 0.6542474 0.0000000 0.1982715 1.0801305 1.6279934 1.7624579 1.8285234 1.7751041 1.5164404 2.9428548 2.9557835 2.6890070 3.3698939 2.2342096 
DUSB_ECOLI_13_321  1.1866220 1.8968555 0.8373110 0.7214579 0.6375887 0.1982715 0.0000000 1.1339471 1.6625854 1.9443404 2.0724175 2.0071241 1.6360112 3.2749450 3.3901046 2.4805057 3.6198599 2.3192719 
DUS1_SYNY3_45_353  1.3639651 1.7487350 0.9486478 1.0899360 1.0845791 1.0801305 1.1339471 0.0000000 1.9260750 1.8207708 2.8765377 3.1503924 2.3337340 3.5804625 2.7195292 2.9269328 3.4516774 3.1237970 
DUSC_HAEIN_4_308   1.9630822 2.5430684 1.7247420 1.5794325 1.4819275 1.6279934 1.6625854 1.9260750 0.0000000 0.3289709 1.7245236 1.9758436 1.3513271 3.9327899 3.0041437 2.0117880 5.1514851 3.7297952 
DUSC_ECOLI_4_308   1.6990982 2.6136136 1.7095995 1.4935147 1.6177378 1.7624579 1.9443404 1.8207708 0.3289709 0.0000000 1.7201312 2.2442956 1.4577599 3.9425909 3.0416193 1.9033011 4.7721771 3.5338266 
DUSA_ECOLI_14_327  2.5205414 3.0115719 1.5730940 1.8448935 1.5455887 1.8285234 2.0724175 2.8765377 1.7245236 1.7201312 0.0000000 0.2389406 0.4025930 3.0246540 2.3807666 3.1569323 3.2446529 3.8718788 
DUSA_HAEIN_14_326  2.8350203 3.4134835 1.8919744 2.1502473 1.9290271 1.7751041 2.0071241 3.1503924 1.9758436 2.2442956 0.2389406 0.0000000 0.4012166 3.8677807 2.2430489 3.7019734 4.1459954 4.5773525 
DUS2_SYNY3_14_327  1.8363826 2.4822362 1.3987685 1.4043016 1.4296409 1.5164404 1.6360112 2.3337340 1.3513271 1.4577599 0.4025930 0.4012166 0.0000000 3.0454593 1.8735150 3.0749289 3.4364136 3.4184040 
DUS4_YEAST_41_361  2.6955615 3.1101125 3.3168858 3.0317503 2.6835963 2.9428548 3.2749450 3.5804625 3.9327899 3.9425909 3.0246540 3.8677807 3.0454593 0.0000000 2.6790351 4.9840707 3.7649127 4.6222832 
DUS1_YEAST_31_358  2.6747130 3.6459145 2.6862247 2.4131726 2.8739532 2.9557835 3.3901046 2.7195292 3.0041437 3.0416193 2.3807666 2.2430489 1.8735150 2.6790351 0.0000000 4.7063545 5.1490567 4.3083276 
DUSC_AZOVI_4_309   3.5713279 2.6295014 2.2132456 2.4174983 2.1876134 2.6890070 2.4805057 2.9269328 2.0117880 1.9033011 3.1569323 3.7019734 3.0749289 4.9840707 4.7063545 0.0000000 7.3506165 5.4016958 
DUS3_YEAST_272_609 4.4755806 4.8014886 3.0676440 3.3764413 3.3596011 3.3698939 3.6198599 3.4516774 5.1514851 4.7721771 3.2446529 4.1459954 3.4364136 3.7649127 5.1490567 7.3506165 0.0000000 4.1761593 
DUS2_YEAST_31_355  3.7143773 4.5549804 2.8787777 2.9056482 3.0269535 2.2342096 2.3192719 3.1237970 3.7297952 3.5338266 3.8718788 4.5773525 3.4184040 4.6222832 4.3083276 5.4016958 4.1761593 0.0000000 
