16
Q9S4L4_STRSL_4_242 0.0000000 0.2925192 0.3026612 0.5987055 0.5105957 0.9538950 1.1379177 1.2584931 1.2784015 1.1273346 1.0833621 2.2580464 2.8802814 2.6017168 2.2614365 3.4370515 
Q99YE5_STRP1_4_242 0.2925192 0.0000000 0.2483726 0.5714902 0.5317301 0.8305425 0.9925445 1.1070952 1.1728874 1.0167060 0.9846545 2.3029106 2.7543455 2.5680890 2.4011871 3.3830438 
Q97SP3_STRPN_1_239 0.3026612 0.2483726 0.0000000 0.5067542 0.5068671 0.8636558 0.9338725 1.0839294 1.0981189 0.9888110 0.9292196 2.2339107 2.9718247 2.3490782 2.1230738 3.1237704 
Q97TN1_CLOAB_3_240 0.5987055 0.5714902 0.5067542 0.0000000 0.7254733 1.0457713 1.2667366 1.1687050 1.2403381 1.0413346 1.0863804 2.5181937 3.2024873 2.6518632 2.2598657 3.1849180 
Q9CEX7_LACLA_3_242 0.5105957 0.5317301 0.5068671 0.7254733 0.0000000 0.9728059 1.0844093 1.2124596 1.0283284 1.0963883 1.0781808 2.3438658 3.7332813 2.9034068 2.4940308 3.3558157 
PTNC_SHIFL_3_238   0.9538950 0.8305425 0.8636558 1.0457713 0.9728059 0.0000000 0.3248233 0.5547572 0.5260841 0.6265309 0.5858102 1.9265703 2.7071563 2.4473209 2.0721235 2.5695877 
Q9CMJ1_PASMU_3_238 1.1379177 0.9925445 0.9338725 1.2667366 1.0844093 0.3248233 0.0000000 0.6113536 0.6794287 0.6630263 0.7058569 2.1155061 2.6838441 2.5528000 2.3829595 2.6353178 
PTRC_KLEPN_3_238   1.2584931 1.1070952 1.0839294 1.1687050 1.2124596 0.5547572 0.6113536 0.0000000 0.3993199 0.7354376 0.6564836 2.0873232 2.8236742 2.6992578 2.2339110 2.9196769 
Q9RGG3_LACCA_3_238 1.2784015 1.1728874 1.0981189 1.2403381 1.0283284 0.5260841 0.6794287 0.3993199 0.0000000 0.7445794 0.7082661 2.1142324 2.7116516 2.3111318 2.2309172 2.7614913 
PTFC_BACSU_1_235   1.1273346 1.0167060 0.9888110 1.0413346 1.0963883 0.6265309 0.6630263 0.7354376 0.7445794 0.0000000 0.1846354 2.1047033 2.7070855 2.7903099 2.4763528 3.2240120 
Q48521_LACCU_1_235 1.0833621 0.9846545 0.9292196 1.0863804 1.0781808 0.5858102 0.7058569 0.6564836 0.7082661 0.1846354 0.0000000 1.9800628 2.6892623 2.7153334 2.1822115 3.1092972 
Q97N93_STRPN_1_235 2.2580464 2.3029106 2.2339107 2.5181937 2.3438658 1.9265703 2.1155061 2.0873232 2.1142324 2.1047033 1.9800628 0.0000000 2.9961086 2.4098121 2.0302048 2.4657817 
Q9KIP7_ECOLI_4_239 2.8802814 2.7543455 2.9718247 3.2024873 3.7332813 2.7071563 2.6838441 2.8236742 2.7116516 2.7070855 2.6892623 2.9961086 0.0000000 1.8366898 1.5959856 2.7607623 
Q9KIQ3_ECOLI_3_237 2.6017168 2.5680890 2.3490782 2.6518632 2.9034068 2.4473209 2.5528000 2.6992578 2.3111318 2.7903099 2.7153334 2.4098121 1.8366898 0.0000000 0.3440106 2.3049033 
P96163_VIBFU_3_237 2.2614365 2.4011871 2.1230738 2.2598657 2.4940308 2.0721235 2.3829595 2.2339110 2.2309172 2.4763528 2.1822115 2.0302048 1.5959856 0.3440106 0.0000000 2.3516398 
Q97SK8_STRPN_3_238 3.4370515 3.3830438 3.1237704 3.1849180 3.3558157 2.5695877 2.6353178 2.9196769 2.7614913 3.2240120 3.1092972 2.4657817 2.7607623 2.3049033 2.3516398 0.0000000 
