7
Q9UUI3_SCHPO_196_324 0.0000000 0.5733173 0.6087686 0.5155529 0.5194925 1.3194486 2.0188276 
O16997_CAEEL_167_295 0.5733173 0.0000000 0.2915039 0.5322367 0.6028560 1.1807838 1.9959013 
Q9BWD2_HUMAN_468_596 0.6087686 0.2915039 0.0000000 0.4543694 0.4932301 1.0361458 1.9364304 
Q9SVT1_ARATH_168_376 0.5155529 0.5322367 0.4543694 0.0000000 0.5114489 1.2315460 1.9731489 
Q9P5R7_NEUCR_162_290 0.5194925 0.6028560 0.4932301 0.5114489 0.0000000 1.0198771 1.9561111 
CUS1_YEAST_141_276   1.3194486 1.1807838 1.0361458 1.2315460 1.0198771 0.0000000 2.7871669 
Q8SQT5_ENCCU_55_187  2.0188276 1.9959013 1.9364304 1.9731489 1.9561111 2.7871669 0.0000000 
