12
Q8EGD2_SHEON_24_195 0.0000000 0.5176162 0.3530059 0.4513816 1.3065612 1.5748162 1.3148446 1.8262803 1.6637523 2.5859762 1.8241050 3.1236453 
Q8CLF2_YERPE_23_203 0.5176162 0.0000000 0.5234315 0.5795790 1.3020569 1.6729080 0.9426527 1.3672866 1.3605328 2.8939649 1.7550394 2.7807425 
Q8DAJ8_VIBVU_18_176 0.3530059 0.5234315 0.0000000 0.1675345 1.1613371 1.4287271 1.0129227 1.5376858 1.5780699 2.5257219 1.8562698 2.8951629 
Q9KMH4_VIBCH_41_201 0.4513816 0.5795790 0.1675345 0.0000000 1.0286150 1.4500239 1.0008411 1.4842756 1.5630000 3.1722193 2.1434289 2.8223732 
Q8CZ82_STRR6_24_189 1.3065612 1.3020569 1.1613371 1.0286150 0.0000000 0.4780612 0.5707413 1.9630017 1.6479914 2.5121231 1.8049004 2.0916894 
Q8DVZ2_STRMU_20_185 1.5748162 1.6729080 1.4287271 1.4500239 0.4780612 0.0000000 0.5295998 1.8506928 1.9416016 2.4086928 1.4993267 2.0840965 
Q8E2A6_STRA5_18_182 1.3148446 0.9426527 1.0129227 1.0008411 0.5707413 0.5295998 0.0000000 1.6880646 1.3641386 2.4991461 1.5436291 2.0663079 
Q9CGK8_LACLA_21_184 1.8262803 1.3672866 1.5376858 1.4842756 1.9630017 1.8506928 1.6880646 0.0000000 1.1266491 1.4927855 1.6012155 2.0322687 
Q8YZI8_ANASP_20_179 1.6637523 1.3605328 1.5780699 1.5630000 1.6479914 1.9416016 1.3641386 1.1266491 0.0000000 2.0056952 1.6766080 1.7078875 
Q9A3I2_CAUCR_23_194 2.5859762 2.8939649 2.5257219 3.1722193 2.5121231 2.4086928 2.4991461 1.4927855 2.0056952 0.0000000 1.1152421 2.3708435 
Q98CQ2_RHILO_57_224 1.8241050 1.7550394 1.8562698 2.1434289 1.8049004 1.4993267 1.5436291 1.6012155 1.6766080 1.1152421 0.0000000 1.7070597 
Q9RT10_DEIRA_20_184 3.1236453 2.7807425 2.8951629 2.8223732 2.0916894 2.0840965 2.0663079 2.0322687 1.7078875 2.3708435 1.7070597 0.0000000 
