12
Q88S28_LACPL_4_188 0.0000000 0.3326727 0.3022456 0.3487869 0.5499519 1.1448540 0.7967819 0.7025423 1.0133559 1.0604422 0.8996195 1.2765901 
Q9X675_STRMU_4_188 0.3326727 0.0000000 0.1376605 0.3434808 0.4060933 1.0506959 0.5528969 0.5137242 0.8721259 0.9357351 0.8202795 1.2101842 
Q82YX5_ENTFA_4_183 0.3022456 0.1376605 0.0000000 0.3116628 0.4307150 1.1330224 0.6229415 0.5766253 0.9355060 0.9336677 0.8716480 1.2709064 
Q88RZ8_LACPL_6_190 0.3487869 0.3434808 0.3116628 0.0000000 0.6012632 1.1294784 0.7002319 0.7759053 0.9982385 1.0691229 0.8241333 1.3166110 
PTHB_CLOBE_5_188   0.5499519 0.4060933 0.4307150 0.6012632 0.0000000 1.1928969 0.6763520 0.6753729 0.9001336 0.9506462 0.8992529 1.1925704 
Q841V1_ENTAG_2_167 1.1448540 1.0506959 1.1330224 1.1294784 1.1928969 0.0000000 0.7528043 0.7918685 1.5738601 1.4990928 1.4835232 1.8200197 
PTHB_ERWAM_3_185   0.7967819 0.5528969 0.6229415 0.7002319 0.6763520 0.7528043 0.0000000 0.4227748 0.8321386 0.9636882 0.9500437 1.1737283 
Q9CJM7_PASMU_3_181 0.7025423 0.5137242 0.5766253 0.7759053 0.6753729 0.7918685 0.4227748 0.0000000 0.9768484 0.9868628 0.9978513 1.3190018 
Q98FU6_RHILO_6_186 1.0133559 0.8721259 0.9355060 0.9982385 0.9001336 1.5738601 0.8321386 0.9768484 0.0000000 0.7035822 0.6681253 1.2524923 
Q8Y9I5_LISMO_3_181 1.0604422 0.9357351 0.9336677 1.0691229 0.9506462 1.4990928 0.9636882 0.9868628 0.7035822 0.0000000 0.6174148 1.2161465 
Q9KES7_BACHD_4_187 0.8996195 0.8202795 0.8716480 0.8241333 0.8992529 1.4835232 0.9500437 0.9978513 0.6681253 0.6174148 0.0000000 1.2866058 
Q8ZMQ2_SALTY_2_179 1.2765901 1.2101842 1.2709064 1.3166110 1.1925704 1.8200197 1.1737283 1.3190018 1.2524923 1.2161465 1.2866058 0.0000000 
