13
Q8UHB0_AGRT5_31_117 0.0000000 0.7052942 0.6417538 0.8254483 1.0611425 1.5412844 1.3835595 1.4838766 2.0238264 1.9129968 1.6598343 1.5435220 2.4287071 
Q92RG4_RHIME_30_116 0.7052942 0.0000000 0.4795454 0.6382938 1.2192023 1.5891143 1.7227763 1.5877631 2.1492714 2.0735522 1.7404521 1.9338007 2.4816809 
Q8G259_BRUSU_29_115 0.6417538 0.4795454 0.0000000 0.4651258 1.0814779 1.5626658 1.3845716 1.3568874 2.2938816 1.7467087 1.7054620 1.4764736 2.3082867 
Q985W5_RHILO_35_121 0.8254483 0.6382938 0.4651258 0.0000000 1.0547821 1.3167279 1.4106770 1.7368183 2.3272511 2.1001137 1.6802633 1.5212960 2.3695783 
Q9RM94_BRAJA_34_120 1.0611425 1.2192023 1.0814779 1.0547821 0.0000000 1.5007636 1.2332968 1.5500051 2.5805551 2.5175497 2.4379261 2.1375093 2.3698420 
Q92NT8_RHIME_1_87   1.5412844 1.5891143 1.5626658 1.3167279 1.5007636 0.0000000 1.0362689 1.8526837 3.3383138 2.8289086 2.8699675 2.3662075 3.2936441 
Q9A3T7_CAUCR_29_115 1.3835595 1.7227763 1.3845716 1.4106770 1.2332968 1.0362689 0.0000000 2.0236680 2.3980410 2.2896388 2.4834745 2.2762366 2.5848286 
Q9A305_CAUCR_23_109 1.4838766 1.5877631 1.3568874 1.7368183 1.5500051 1.8526837 2.0236680 0.0000000 2.1642659 2.3454010 2.3525460 2.4933967 1.9752978 
Q92QM1_RHIME_41_127 2.0238264 2.1492714 2.2938816 2.3272511 2.5805551 3.3383138 2.3980410 2.1642659 0.0000000 0.5738275 0.6583645 0.9018486 2.1806615 
Q8UFU5_AGRT5_41_127 1.9129968 2.0735522 1.7467087 2.1001137 2.5175497 2.8289086 2.2896388 2.3454010 0.5738275 0.0000000 0.7490787 0.7028861 2.0740979 
Q98LW8_RHILO_45_131 1.6598343 1.7404521 1.7054620 1.6802633 2.4379261 2.8699675 2.4834745 2.3525460 0.6583645 0.7490787 0.0000000 0.5708815 1.9950181 
Q8FW58_BRUSU_49_135 1.5435220 1.9338007 1.4764736 1.5212960 2.1375093 2.3662075 2.2762366 2.4933967 0.9018486 0.7028861 0.5708815 0.0000000 2.1756705 
Q9A9G7_CAUCR_33_117 2.4287071 2.4816809 2.3082867 2.3695783 2.3698420 3.2936441 2.5848286 1.9752978 2.1806615 2.0740979 1.9950181 2.1756705 0.0000000 
