12
ENO1_MAIZE_4_140  0.0000000 0.9044711 0.5889373 0.7435037 0.8808239 0.7294333 0.6675478 0.6861822 0.6324207 0.9148130 0.9088383 0.8760384 
ENO_CLAHE_2_134   0.9044711 0.0000000 0.5115886 0.3871167 0.4200538 0.4629167 0.6606445 0.5764902 0.8375094 0.7684824 0.7949039 0.8066420 
ENO_NEOFR_2_134   0.5889373 0.5115886 0.0000000 0.4935730 0.3740063 0.4540086 0.4642393 0.4256777 0.5849055 0.7314159 0.8282899 0.7965073 
ENO1_CANAL_3_135  0.7435037 0.3871167 0.4935730 0.0000000 0.3191593 0.5182011 0.5677285 0.4767725 0.6272456 0.7739823 0.8215994 0.7822972 
ENO1_YEAST_1_133  0.8808239 0.4200538 0.3740063 0.3191593 0.0000000 0.3549053 0.6801673 0.5766380 0.7209645 0.7263664 1.0331898 0.9954498 
ENO11_SCHPO_2_134 0.7294333 0.4629167 0.4540086 0.5182011 0.3549053 0.0000000 0.6567268 0.5328722 0.6857556 0.7553037 1.1378155 0.8873772 
ENOA_ANAPL_1_133  0.6675478 0.6606445 0.4642393 0.5677285 0.6801673 0.6567268 0.0000000 0.4601680 0.5762609 0.7504471 0.6887738 0.7427466 
ENO_DROME_69_201  0.6861822 0.5764902 0.4256777 0.4767725 0.5766380 0.5328722 0.4601680 0.0000000 0.6396880 0.9465980 0.8977506 0.8384214 
ENO_SCHJA_2_134   0.6324207 0.8375094 0.5849055 0.6272456 0.7209645 0.6857556 0.5762609 0.6396880 0.0000000 0.7881865 1.2369540 0.9160214 
ENO_BACSU_2_133   0.9148130 0.7684824 0.7314159 0.7739823 0.7263664 0.7553037 0.7504471 0.9465980 0.7881865 0.0000000 0.9925568 0.8873280 
ENO_SHIFL_2_133   0.9088383 0.7949039 0.8282899 0.8215994 1.0331898 1.1378155 0.6887738 0.8977506 1.2369540 0.9925568 0.0000000 0.5430439 
ENO_ZYMMO_3_134   0.8760384 0.8066420 0.7965073 0.7822972 0.9954498 0.8873772 0.7427466 0.8384214 0.9160214 0.8873280 0.5430439 0.0000000 
