11
Q97IR8_CLOAB_16_657 0.0000000 0.4678967 0.6541446 0.6873966 0.7886734 0.9617462 0.9079229 0.9516915 1.0455659 1.1119895 1.2575314 
Q897W7_CLOTE_16_656 0.4678967 0.0000000 0.6981770 0.8044572 0.7878265 0.9892122 0.9596264 1.0352681 1.1560427 1.1875714 1.1861173 
Q8A8D9_BACTN_16_658 0.6541446 0.6981770 0.0000000 0.8449512 0.8220429 1.0872606 1.1070315 1.1378204 1.2339706 1.4025679 1.3275052 
Q8Y8R5_LISMO_6_647  0.6873966 0.8044572 0.8449512 0.0000000 0.8852644 0.8431842 0.8192743 0.9324221 0.9537068 0.9913535 1.0774388 
Q8RFB5_FUSNN_5_640  0.7886734 0.7878265 0.8220429 0.8852644 0.0000000 1.0308940 1.0639084 0.9992433 1.1984568 1.2972099 1.3024664 
Q8EMI3_OCEIH_4_644  0.9617462 0.9892122 1.0872606 0.8431842 1.0308940 0.0000000 0.2559067 0.3611708 0.8290468 0.9506285 1.0353809 
Q45597_BACSU_33_671 0.9079229 0.9596264 1.1070315 0.8192743 1.0639084 0.2559067 0.0000000 0.3798786 0.8005797 0.8903557 1.0339498 
Q8CN27_STAES_11_654 0.9516915 1.0352681 1.1378204 0.9324221 0.9992433 0.3611708 0.3798786 0.0000000 0.8799518 0.9426128 1.0708298 
Q93PN6_LACRH_14_655 1.0455659 1.1560427 1.2339706 0.9537068 1.1984568 0.8290468 0.8005797 0.8799518 0.0000000 1.1557259 1.2811098 
Q9CIU9_LACLA_3_640  1.1119895 1.1875714 1.4025679 0.9913535 1.2972099 0.9506285 0.8903557 0.9426128 1.1557259 0.0000000 0.9038019 
Q8E146_STRA5_2_641  1.2575314 1.1861173 1.3275052 1.0774388 1.3024664 1.0353809 1.0339498 1.0708298 1.2811098 0.9038019 0.0000000 
