9
FEL1B_FELCA_24_90  0.0000000 1.3229252 1.6763444 1.7574962 1.7929482 1.8205580 1.4789565 2.1507981 2.1104420 
Q5I1B4_RAT_1_67    1.3229252 0.0000000 1.4779731 1.2907860 1.5933832 1.8426506 1.6329485 1.6948248 1.8013464 
Q5I1B3_RAT_1_67    1.6763444 1.4779731 0.0000000 0.7003886 0.6708866 0.8647084 0.9413326 1.0965533 1.0987316 
Q7M746_MOUSE_20_86 1.7574962 1.2907860 0.7003886 0.0000000 0.6258874 1.3153824 1.0010439 1.1645968 1.1455400 
Q7M747_MOUSE_24_90 1.7929482 1.5933832 0.6708866 0.6258874 0.0000000 0.9295756 0.9134170 1.2046605 1.2755927 
Q5I1B2_RAT_1_67    1.8205580 1.8426506 0.8647084 1.3153824 0.9295756 0.0000000 0.8252506 1.8864559 1.9205813 
Q6UGQ3_MOUSE_24_90 1.4789565 1.6329485 0.9413326 1.0010439 0.9134170 0.8252506 0.0000000 1.2755472 1.3011517 
Q7TNM5_MUSMC_1_67  2.1507981 1.6948248 1.0965533 1.1645968 1.2046605 1.8864559 1.2755472 0.0000000 0.2634268 
Q7M745_MOUSE_24_90 2.1104420 1.8013464 1.0987316 1.1455400 1.2755927 1.9205813 1.3011517 0.2634268 0.0000000 
