12
Q9A9A9_CAUCR_8_557  0.0000000 0.7956553 0.8450078 1.1305830 0.9827788 1.1385611 1.4131366 1.4630679 1.0765561 1.1838424 1.2896179 1.9245873 
Q9A3Z7_CAUCR_50_596 0.7956553 0.0000000 0.8496674 1.2597901 1.1301524 1.1035634 1.4597038 1.5444630 1.4972465 1.4198395 1.4753339 2.2689782 
Q9A6R9_CAUCR_59_617 0.8450078 0.8496674 0.0000000 1.2191568 0.9898125 1.3216941 1.5365731 1.5378892 1.5419204 1.2719993 1.4150819 2.1280420 
Q8EBY4_SHEON_63_609 1.1305830 1.2597901 1.2191568 0.0000000 0.7813418 0.8129821 1.0956075 1.0565312 1.1093931 0.9905904 1.0269689 2.1567052 
Q8F9R2_LEPIN_60_609 0.9827788 1.1301524 0.9898125 0.7813418 0.0000000 0.9704821 1.3213169 1.2526382 1.3389615 0.9856844 1.0153922 2.2382777 
Q8EFY3_SHEON_64_604 1.1385611 1.1035634 1.3216941 0.8129821 0.9704821 0.0000000 0.8776134 0.8406378 1.0249845 1.0561629 1.0922115 2.0621355 
Q8PAY1_XANCP_99_639 1.4131366 1.4597038 1.5365731 1.0956075 1.3213169 0.8776134 0.0000000 0.4237079 1.1318620 1.0692501 1.0814910 2.4534764 
Q9PGX6_XYLFA_36_576 1.4630679 1.5444630 1.5378892 1.0565312 1.2526382 0.8406378 0.4237079 0.0000000 1.2684816 1.1686373 1.1458288 2.3990572 
Q8E8D3_SHEON_61_594 1.0765561 1.4972465 1.5419204 1.1093931 1.3389615 1.0249845 1.1318620 1.2684816 0.0000000 1.1480847 1.2037793 2.1923245 
Q9PGS7_XYLFA_66_602 1.1838424 1.4198395 1.2719993 0.9905904 0.9856844 1.0561629 1.0692501 1.1686373 1.1480847 0.0000000 0.2511778 2.1820312 
Q8P840_XANCP_58_591 1.2896179 1.4753339 1.4150819 1.0269689 1.0153922 1.0922115 1.0814910 1.1458288 1.2037793 0.2511778 0.0000000 2.1530531 
Q8FU84_COREF_29_554 1.9245873 2.2689782 2.1280420 2.1567052 2.2382777 2.0621355 2.4534764 2.3990572 2.1923245 2.1820312 2.1530531 0.0000000 
