14
PEBA_PROMA_9_234  0.0000000 0.4454510 0.7633800 0.6508332 1.9192732 2.3071146 1.3890067 2.6487711 1.9317269 2.6449473 2.7056766 2.8554413 2.6265601 2.4556881 
PEBA_SYNPY_9_230  0.4454510 0.0000000 0.6068285 0.8018443 1.6276138 1.6661594 1.1908626 2.1735232 1.7490807 2.6387994 2.8772990 2.4788886 2.6091608 2.6021896 
PEBA_NOSPU_5_232  0.7633800 0.6068285 0.0000000 1.0601047 1.3607727 1.3047827 1.0985003 1.9330209 2.1711282 2.3900583 2.4911989 2.0402106 2.1025171 2.4436083 
PEBA_PROMP_5_229  0.6508332 0.8018443 1.0601047 0.0000000 1.9111345 1.6950366 1.1832769 2.4231332 2.0711670 2.6420240 2.4049767 2.6529430 2.4208826 2.5629103 
PEBB_SYNPY_23_256 1.9192732 1.6276138 1.3607727 1.9111345 0.0000000 0.6611005 0.5892505 1.1226112 2.0838834 1.8781509 1.8883463 1.7608975 2.0959964 2.6269868 
PEBB_PROMA_23_256 2.3071146 1.6661594 1.3047827 1.6950366 0.6611005 0.0000000 0.7217774 1.0283642 2.1038103 2.2560207 2.2277640 2.0002919 2.0697600 2.2955449 
PEBB_NOSPU_14_246 1.3890067 1.1908626 1.0985003 1.1832769 0.5892505 0.7217774 0.0000000 1.6186638 1.4746977 1.8833194 1.9120999 1.7774265 1.8668149 2.2384766 
PEBB_PROMP_22_252 2.6487711 2.1735232 1.9330209 2.4231332 1.1226112 1.0283642 1.6186638 0.0000000 2.7945061 2.7700710 2.7445119 3.1112566 2.8625916 2.9700221 
PFBS_ARATH_54_281 1.9317269 1.7490807 2.1711282 2.0711670 2.0838834 2.1038103 1.4746977 2.7945061 0.0000000 3.5890709 2.7414062 2.6225215 2.9566022 3.0226908 
PCYA_SYNP7_20_244 2.6449473 2.6387994 2.3900583 2.6420240 1.8781509 2.2560207 1.8833194 2.7700710 3.5890709 0.0000000 0.4143754 0.3041637 0.4398834 0.9956404 
PCYA_NOSPU_20_242 2.7056766 2.8772990 2.4911989 2.4049767 1.8883463 2.2277640 1.9120999 2.7445119 2.7414062 0.4143754 0.0000000 0.3124881 0.3470575 0.9119882 
PCYA_SYNEL_14_232 2.8554413 2.4788886 2.0402106 2.6529430 1.7608975 2.0002919 1.7774265 3.1112566 2.6225215 0.3041637 0.3124881 0.0000000 0.2355508 0.8553979 
PCYA_SYNY3_24_245 2.6265601 2.6091608 2.1025171 2.4208826 2.0959964 2.0697600 1.8668149 2.8625916 2.9566022 0.4398834 0.3470575 0.2355508 0.0000000 0.8474201 
PCYA_PROMP_19_240 2.4556881 2.6021896 2.4436083 2.5629103 2.6269868 2.2955449 2.2384766 2.9700221 3.0226908 0.9956404 0.9119882 0.8553979 0.8474201 0.0000000 
