6
Q9CM90_PASMU_23_213 0.0000000 0.7062783 1.0783328 1.4253260 1.7219821 2.8461159 
Q9K182_NEIMB_17_204 0.7062783 0.0000000 1.2736277 1.4726245 1.8304024 2.9293366 
Q9KTM9_VIBCH_24_213 1.0783328 1.2736277 0.0000000 0.7969950 1.2998456 1.5769808 
Q9HXS9_PSEAE_29_225 1.4253260 1.4726245 0.7969950 0.0000000 1.4188215 1.7817902 
Q98H79_RHILO_27_230 1.7219821 1.8304024 1.2998456 1.4188215 0.0000000 1.7734407 
YEBE_ECOLI_22_212   2.8461159 2.9293366 1.5769808 1.7817902 1.7734407 0.0000000 
