8
Q9APX2_PSEAE_1_106  0.0000000 0.9486010 1.0454486 1.3822465 1.4329543 1.8506496 2.7293453 2.6980256 
YJCH_SHIFL_1_103    0.9486010 0.0000000 0.5526187 1.1723447 1.3433628 2.0076380 2.1083427 2.6354616 
Q9HZ05_PSEAE_1_103  1.0454486 0.5526187 0.0000000 1.2232795 1.5094816 1.9689626 2.4947872 2.9608248 
O68041_RHOCA_1_102  1.3822465 1.1723447 1.2232795 0.0000000 0.8154501 1.9914934 2.8543330 2.4077909 
Q9PB92_XYLFA_21_126 1.4329543 1.3433628 1.5094816 0.8154501 0.0000000 1.7766299 3.2390537 2.4118332 
Q9RX39_DEIRA_1_102  1.8506496 2.0076380 1.9689626 1.9914934 1.7766299 0.0000000 1.8450252 1.7208708 
Q9RJ45_STRCO_21_122 2.7293453 2.1083427 2.4947872 2.8543330 3.2390537 1.8450252 0.0000000 2.4886799 
YWCB_BACSU_1_99     2.6980256 2.6354616 2.9608248 2.4077909 2.4118332 1.7208708 2.4886799 0.0000000 
