7
Q9JG49_9VIRU_24_130 0.0000000 1.0432344 1.5258762 1.7647004 1.6706056 1.4288038 1.7119276 
Q9JG52_9VIRU_24_127 1.0432344 0.0000000 1.1753721 1.3050529 1.7022920 1.3641621 1.4417725 
Q9JG46_9VIRU_1_112  1.5258762 1.1753721 0.0000000 1.1687169 1.5374936 1.2322225 1.6312337 
Q9QU35_9VIRU_31_138 1.7647004 1.3050529 1.1687169 0.0000000 1.1960420 1.4835743 1.9059117 
Q9DUB3_9VIRU_6_112  1.6706056 1.7022920 1.5374936 1.1960420 0.0000000 1.3859001 1.4957688 
Q9JG60_9VIRU_24_130 1.4288038 1.3641621 1.2322225 1.4835743 1.3859001 0.0000000 0.6858984 
Q9QU32_9VIRU_21_128 1.7119276 1.4417725 1.6312337 1.9059117 1.4957688 0.6858984 0.0000000 
