7
Q90492_9TELE_6_178 0.0000000 0.3146492 0.3224426 0.5434558 0.4104718 0.9541701 1.1392638 
Q91331_9TELE_6_179 0.3146492 0.0000000 0.5608115 0.6746886 0.6300991 1.1176789 1.3625917 
EPD1_CARAU_24_197  0.3224426 0.5608115 0.0000000 0.6669346 0.5911576 1.0404099 1.3262328 
Q91464_9TELE_5_186 0.5434558 0.6746886 0.6669346 0.0000000 0.2664147 1.2047842 1.6655644 
Q91465_9TELE_6_184 0.4104718 0.6300991 0.5911576 0.2664147 0.0000000 1.0925521 1.3935311 
EPD_CLUHA_22_197   0.9541701 1.1176789 1.0404099 1.2047842 1.0925521 0.0000000 1.5010132 
EPD1_ONCMY_26_200  1.1392638 1.3625917 1.3262328 1.6655644 1.3935311 1.5010132 0.0000000 
