7
O09234_DEN26_206_280 0.0000000 0.3957280 0.5056454 1.5809994 1.5783961 2.8804610 3.3142950 
P89313_9FLAV_206_280 0.3957280 0.0000000 0.6390498 1.8105757 1.4079796 3.3237871 3.6452109 
POLG_DEN4_205_279    0.5056454 0.6390498 0.0000000 1.2363552 1.5092718 2.5947976 2.4528124 
O36764_9FLAV_220_294 1.5809994 1.8105757 1.2363552 0.0000000 1.4952415 2.4757761 2.4455543 
POLG_YEFV1_211_285   1.5783961 1.4079796 1.5092718 1.4952415 0.0000000 2.3790298 2.3301255 
POLG_POWVL_204_278   2.8804610 3.3237871 2.5947976 2.4757761 2.3790298 0.0000000 0.7066027 
O10383_LIV_206_280   3.3142950 3.6452109 2.4528124 2.4455543 2.3301255 0.7066027 0.0000000 
