13
Q9Z753_CHLPN_3_386   0.0000000 0.6298343 2.1791016 2.0258094 2.1369401 2.1541304 2.2548381 2.2954799 2.2515154 2.2150954 2.3809107 2.2772131 2.1151950 
O84718_CHLTR_1_390   0.6298343 0.0000000 2.3293968 2.1037886 2.3597582 2.2420450 2.4152869 2.3491749 2.3833964 2.4187444 2.7460851 2.8402948 2.7501673 
O84624_CHLTR_488_873 2.1791016 2.3293968 0.0000000 0.0846235 0.6576444 2.6013838 2.6086359 2.5292272 2.3348645 2.3409744 2.7392771 2.6486883 2.3783200 
Q9PJC2_CHLMU_488_871 2.0258094 2.1037886 0.0846235 0.0000000 0.6572488 2.4188289 2.4294794 2.4481514 2.2999551 2.2626322 2.5816108 2.4889162 2.3502057 
Q9JSB4_CHLPN_488_868 2.1369401 2.3597582 0.6576444 0.6572488 0.0000000 2.1530918 2.3754594 2.1914443 2.0099945 2.1682488 2.2949738 2.3596462 2.1593848 
Q9PJC0_CHLMU_436_828 2.1541304 2.2420450 2.6013838 2.4188289 2.1530918 0.0000000 0.1951468 0.7563439 0.7737282 0.7039923 2.4727225 2.4126791 2.2693325 
O84626_CHLTR_437_829 2.2548381 2.4152869 2.6086359 2.4294794 2.3754594 0.1951468 0.0000000 0.7328558 0.7350279 0.6016192 2.4865914 2.3367949 2.4555224 
O84625_CHLTR_431_835 2.2954799 2.3491749 2.5292272 2.4481514 2.1914443 0.7563439 0.7328558 0.0000000 0.1256477 0.3975600 2.4013213 2.2408196 2.5341626 
Q9PJC1_CHLMU_425_825 2.2515154 2.3833964 2.3348645 2.2999551 2.0099945 0.7737282 0.7350279 0.1256477 0.0000000 0.3842014 2.3571991 2.3292509 2.4100370 
Q9K2E9_CHLPN_419_809 2.2150954 2.4187444 2.3409744 2.2626322 2.1682488 0.7039923 0.6016192 0.3975600 0.3842014 0.0000000 2.5558310 2.2994673 2.3573044 
O84717_CHLTR_371_765 2.3809107 2.7460851 2.7392771 2.5816108 2.2949738 2.4727225 2.4865914 2.4013213 2.3571991 2.5558310 0.0000000 0.1274337 0.7874763 
Q9PLL5_CHLMU_373_767 2.2772131 2.8402948 2.6486883 2.4889162 2.3596462 2.4126791 2.3367949 2.2408196 2.3292509 2.2994673 0.1274337 0.0000000 0.8184635 
Q9Z754_CHLPN_374_763 2.1151950 2.7501673 2.3783200 2.3502057 2.1593848 2.2693325 2.4555224 2.5341626 2.4100370 2.3573044 0.7874763 0.8184635 0.0000000 
