8
Q9V5C9_DROME_58_271 0.0000000 1.2272860 1.2940631 1.4531875 1.1904407 1.4372236 1.2797489 1.9946855 
CI032_MOUSE_7_222   1.2272860 0.0000000 1.1679644 1.2185493 1.2909321 1.4348213 1.2937957 1.8357538 
Q9N4D9_CAEEL_11_225 1.2940631 1.1679644 0.0000000 1.2989405 1.1762348 1.3704121 1.3805214 2.0178252 
YB9H_YEAST_6_228    1.4531875 1.2185493 1.2989405 0.0000000 0.8543582 0.9821658 1.0139392 1.6542218 
YDRE_SCHPO_2_215    1.1904407 1.2909321 1.1762348 0.8543582 0.0000000 1.0508715 1.1070911 1.4638837 
Q9P6Y1_NEUCR_18_255 1.4372236 1.4348213 1.3704121 0.9821658 1.0508715 0.0000000 1.3093553 1.7145110 
Q9AY72_ORYSA_61_283 1.2797489 1.2937957 1.3805214 1.0139392 1.1070911 1.3093553 0.0000000 0.9905666 
Q9FI20_ARATH_13_229 1.9946855 1.8357538 2.0178252 1.6542218 1.4638837 1.7145110 0.9905666 0.0000000 
