21
EFTS_SYNY3_56_198    0.0000000 0.4927255 0.4833126 0.6381517 0.8168122 0.8732341 1.2955853 1.1269278 1.2243944 1.2214703 1.2672232 1.2919593 1.3250452 1.5872791 1.3486137 1.2789085 1.5799568 1.6052323 1.0915322 2.6017518 2.6395872 
EFTS_PORPU_58_200    0.4927255 0.0000000 0.4725481 0.6729584 1.0837293 1.0452436 1.3697160 1.4063410 1.3197533 1.2127767 1.2116834 1.3302464 1.3967041 1.3150514 1.3689775 1.2544958 1.7763719 1.8850501 1.6079699 2.4379521 3.0913582 
EFTS_GUITH_58_200    0.4833126 0.4725481 0.0000000 0.5248093 0.9298253 0.9795942 1.2301462 1.1377396 1.5408903 1.5600041 1.6432990 1.4506346 1.3994598 1.6189640 1.7043817 1.6536251 1.9127302 1.7889801 1.3591747 2.7953731 2.9901450 
EFTS_GALSU_57_199    0.6381517 0.6729584 0.5248093 0.0000000 1.0422045 1.1110392 1.4830662 1.4030408 1.6820412 1.5924071 1.5837998 1.5179981 1.5597639 1.6538920 1.8053574 1.7958880 2.0082087 2.0160784 1.7004437 3.2126752 3.3373803 
EFTS_THET8_55_196    0.8168122 1.0837293 0.9298253 1.0422045 0.0000000 0.5437857 1.0301804 1.0305173 1.1454061 1.3105727 0.8867732 0.9856742 1.2674223 1.0007989 1.1918411 1.1952734 2.0499818 2.0402898 0.8316056 2.6082904 2.8233148 
EFTS_AQUAE_58_289    0.8732341 1.0452436 0.9795942 1.1110392 0.5437857 0.0000000 1.2342929 1.0555784 1.2893365 1.3010921 0.9908696 0.9821957 1.0500488 1.3900410 1.1567967 1.2121673 1.7709129 1.8063339 1.0643659 2.4577922 3.5250431 
EFTS_HAEIN_56_261    1.2955853 1.3697160 1.2301462 1.4830662 1.0301804 1.2342929 0.0000000 0.2481910 1.0847337 1.1005474 1.0026762 1.3338274 1.4121742 1.3828858 1.4400117 1.4671006 1.5458188 1.4743170 1.2033420 1.8351943 2.7015967 
EFTS_SHIFL_56_262    1.1269278 1.4063410 1.1377396 1.4030408 1.0305173 1.0555784 0.2481910 0.0000000 0.8912528 1.1269306 0.9764192 1.2613792 1.2530858 1.4437900 1.5078919 1.4121455 1.3079754 1.2364661 1.2261373 2.1361064 2.5070038 
EFTS_PSEAE_57_267    1.2243944 1.3197533 1.5408903 1.6820412 1.1454061 1.2893365 1.0847337 0.8912528 0.0000000 1.0547945 0.8728188 1.4860365 1.4858551 1.3934789 1.4514936 1.1885272 1.7004879 1.6143560 1.5025267 2.6460577 3.0640993 
EFTS_SPICI_56_277    1.2214703 1.2127767 1.5600041 1.5924071 1.3105727 1.3010921 1.1005474 1.1269306 1.0547945 0.0000000 0.6797483 1.4181836 1.0889388 1.3358123 1.6077849 1.6063776 1.3420837 1.2479962 1.3392107 2.5141190 2.8339799 
EFTS_BACSU_55_273    1.2672232 1.2116834 1.6432990 1.5837998 0.8867732 0.9908696 1.0026762 0.9764192 0.8728188 0.6797483 0.0000000 1.0013337 1.2699198 1.1678563 1.1882093 1.2057756 1.5437998 1.4936066 1.2447953 2.4061718 2.8414414 
EFTS_MYCTU_57_270    1.2919593 1.3302464 1.4506346 1.5179981 0.9856742 0.9821957 1.3338274 1.2613792 1.4860365 1.4181836 1.0013337 0.0000000 1.6609581 1.0711822 1.2587300 1.1868879 1.7201941 1.7366425 1.2400592 2.7587807 2.9414775 
EFTS_RICPR_59_290    1.3250452 1.3967041 1.3994598 1.5597639 1.2674223 1.0500488 1.4121742 1.2530858 1.4858551 1.0889388 1.2699198 1.6609581 0.0000000 1.7250264 1.5398737 1.6737284 1.5676287 1.3462350 1.8974751 2.4171110 2.8360813 
O82505_ARATH_134_382 1.5872791 1.3150514 1.6189640 1.6538920 1.0007989 1.3900410 1.3828858 1.4437900 1.3934789 1.3358123 1.1678563 1.0711822 1.7250264 0.0000000 1.1192333 0.9714595 1.6070632 1.6374313 1.6198762 2.4235343 2.9254204 
EFTS_CHLMU_57_282    1.3486137 1.3689775 1.7043817 1.8053574 1.1918411 1.1567967 1.4400117 1.5078919 1.4514936 1.6077849 1.1882093 1.2587300 1.5398737 1.1192333 0.0000000 0.3701944 2.0576073 1.9875730 1.5484217 2.8701253 3.2675371 
EFTS_CHLPN_57_282    1.2789085 1.2544958 1.6536251 1.7958880 1.1952734 1.2121673 1.4671006 1.4121455 1.1885272 1.6063776 1.2057756 1.1868879 1.6737284 0.9714595 0.3701944 0.0000000 2.5214438 2.4066059 1.2073172 2.8362496 3.7400908 
EFTS_MYCPN_56_279    1.5799568 1.7763719 1.9127302 2.0082087 2.0499818 1.7709129 1.5458188 1.3079754 1.7004879 1.3420837 1.5437998 1.7201941 1.5676287 1.6070632 2.0576073 2.5214438 0.0000000 0.3066276 2.1395685 2.5394158 2.6946303 
EFTS_MYCGE_56_279    1.6052323 1.8850501 1.7889801 2.0160784 2.0402898 1.8063339 1.4743170 1.2364661 1.6143560 1.2479962 1.4936066 1.7366425 1.3462350 1.6374313 1.9875730 2.4066059 0.3066276 0.0000000 1.9144823 3.2751322 2.8195091 
EFTS_TREPA_56_271    1.0915322 1.6079699 1.3591747 1.7004437 0.8316056 1.0643659 1.2033420 1.2261373 1.5025267 1.3392107 1.2447953 1.2400592 1.8974751 1.6198762 1.5484217 1.2073172 2.1395685 1.9144823 0.0000000 2.6839975 3.2962913 
Q20819_CAEEL_83_315  2.6017518 2.4379521 2.7953731 3.2126752 2.6082904 2.4577922 1.8351943 2.1361064 2.6460577 2.5141190 2.4061718 2.7587807 2.4171110 2.4235343 2.8701253 2.8362496 2.5394158 3.2751322 2.6839975 0.0000000 1.9678480 
EFTS_HUMAN_102_317   2.6395872 3.0913582 2.9901450 3.3373803 2.8233148 3.5250431 2.7015967 2.5070038 3.0640993 2.8339799 2.8414414 2.9414775 2.8360813 2.9254204 3.2675371 3.7400908 2.6946303 2.8195091 3.2962913 1.9678480 0.0000000 
