13
Q99WG6_STAAM_11_266 0.0000000 0.2266186 0.2627243 0.4958631 0.5050924 0.9805651 1.0531722 0.9110413 1.0643667 1.1080867 1.1659899 1.1006851 2.1799983 
Q99WF7_STAAM_2_265  0.2266186 0.0000000 0.2194507 0.5178645 0.5547029 1.1003196 0.9625162 0.9222850 0.9668136 1.0318385 1.0674988 1.0467807 2.2084682 
Q99WG2_STAAN_1_256  0.2627243 0.2194507 0.0000000 0.4504390 0.4392958 0.9836155 0.9795656 0.8778648 0.9783620 0.9588822 1.0172347 1.0155075 2.2806652 
Q99WG5_STAAM_1_261  0.4958631 0.5178645 0.4504390 0.0000000 0.2807773 1.0164715 1.0114027 0.9161050 1.0071270 1.0279875 1.0933322 1.0167086 2.4097925 
Q99WG0_STAAM_2_262  0.5050924 0.5547029 0.4392958 0.2807773 0.0000000 1.0164357 0.9187327 0.8833893 1.0143763 1.0294598 1.0388243 0.9946393 2.5010224 
Q99WG1_STAAM_1_259  0.9805651 1.1003196 0.9836155 1.0164715 1.0164357 0.0000000 0.9714460 0.8548629 0.8588559 1.0456052 1.0370920 0.9579225 2.2387279 
Q99XB6_STAAM_2_254  1.0531722 0.9625162 0.9795656 1.0114027 0.9187327 0.9714460 0.0000000 0.2588630 0.5467916 0.5305778 0.4957089 0.5697246 2.0022792 
Q99XB4_STAAM_1_253  0.9110413 0.9222850 0.8778648 0.9161050 0.8833893 0.8548629 0.2588630 0.0000000 0.5056617 0.6072665 0.5956446 0.6008336 1.9920705 
Q99WF8_STAAM_1_258  1.0643667 0.9668136 0.9783620 1.0071270 1.0143763 0.8588559 0.5467916 0.5056617 0.0000000 0.5370759 0.5352316 0.6119219 2.2564808 
Q99RE6_STAAM_2_258  1.1080867 1.0318385 0.9588822 1.0279875 1.0294598 1.0456052 0.5305778 0.6072665 0.5370759 0.0000000 0.2276444 0.3895114 2.0090827 
Q99RE7_STAAM_1_257  1.1659899 1.0674988 1.0172347 1.0933322 1.0388243 1.0370920 0.4957089 0.5956446 0.5352316 0.2276444 0.0000000 0.2554390 2.0858840 
Q99RE8_STAAM_1_257  1.1006851 1.0467807 1.0155075 1.0167086 0.9946393 0.9579225 0.5697246 0.6008336 0.6119219 0.3895114 0.2554390 0.0000000 2.2701471 
Q99X12_STAAN_1_255  2.1799983 2.2084682 2.2806652 2.4097925 2.5010224 2.2387279 2.0022792 1.9920705 2.2564808 2.0090827 2.0858840 2.2701471 0.0000000 
