11
ENO11_SCHPO_143_434 0.0000000 0.5199704 0.5891614 0.6950954 0.6848116 0.7164849 0.6665430 0.6821695 1.3866285 1.2931622 1.1315375 
ENO1_CANAL_145_438  0.5199704 0.0000000 0.3335109 0.5364264 0.5798596 0.5854749 0.4422753 0.6092998 1.3712645 1.2445376 1.0983084 
ENO_CLAHE_143_438   0.5891614 0.3335109 0.0000000 0.6419325 0.6310131 0.6557580 0.5356208 0.7186754 1.4129457 1.2576459 1.3143150 
ENOA_ANAPL_141_431  0.6950954 0.5364264 0.6419325 0.0000000 0.3358015 0.3527568 0.3848965 0.3563580 1.2320839 1.1492481 1.1974542 
ENO_SCHJA_142_433   0.6848116 0.5798596 0.6310131 0.3358015 0.0000000 0.3382386 0.3621089 0.4123192 1.1899325 1.0943072 1.2899714 
ENO_DROME_209_500   0.7164849 0.5854749 0.6557580 0.3527568 0.3382386 0.0000000 0.3562859 0.4573867 1.1682872 1.1424786 1.3033159 
ENO_NEOFR_143_436   0.6665430 0.4422753 0.5356208 0.3848965 0.3621089 0.3562859 0.0000000 0.4195464 1.2407365 1.1314239 1.2372946 
ENO1_MAIZE_148_443  0.6821695 0.6092998 0.7186754 0.3563580 0.4123192 0.4573867 0.4195464 0.0000000 1.3428808 1.0968633 1.2574810 
ENO_SHIFL_142_430   1.3866285 1.3712645 1.4129457 1.2320839 1.1899325 1.1682872 1.2407365 1.3428808 0.0000000 0.4797379 0.6465012 
ENO_BACSU_138_427   1.2931622 1.2445376 1.2576459 1.1492481 1.0943072 1.1424786 1.1314239 1.0968633 0.4797379 0.0000000 0.5747101 
ENO_ZYMMO_139_428   1.1315375 1.0983084 1.3143150 1.1974542 1.2899714 1.3033159 1.2372946 1.2574810 0.6465012 0.5747101 0.0000000 
