9
Y488_BUCAI_1_87      0.0000000 0.6945034 0.5242559 1.1422525 1.0273302 1.8198201 2.3156986 4.1225505 4.5815714 
Y945_VIBCH_6_92      0.6945034 0.0000000 0.2743234 1.1659332 0.8348564 1.4231963 1.6396562 3.6842635 3.9760932 
YBED_SHIFL_1_87      0.5242559 0.2743234 0.0000000 0.9918613 0.6037739 1.3011499 1.5698348 3.4052935 4.0634523 
Y028_HAEIN_6_92      1.1422525 1.1659332 0.9918613 0.0000000 0.5555682 2.2731937 2.5476151 3.7207859 3.8629983 
Y1928_PASMU_2_88     1.0273302 0.8348564 0.6037739 0.5555682 0.0000000 2.0029991 2.2203100 3.8216816 3.5308106 
Y3998_PSEAE_3_93     1.8198201 1.4231963 1.3011499 2.2731937 2.0029991 0.0000000 1.9288287 2.6976938 3.3132518 
Y1380_NEIMA_3_91     2.3156986 1.6396562 1.5698348 2.5476151 2.2203100 1.9288287 0.0000000 2.9982793 3.9346322 
Y1271_XYLFA_3_92     4.1225505 3.6842635 3.4052935 3.7207859 3.8216816 2.6976938 2.9982793 0.0000000 3.7696146 
Q9FZJ7_ARATH_111_202 4.5815714 3.9760932 4.0634523 3.8629983 3.5308106 3.3132518 3.9346322 3.7696146 0.0000000 
