21
FLA1_BARBA_28_163  0.0000000 1.4108385 2.7154499 2.5607168 2.6546300 3.4312533 3.8683073 2.8188270 3.3664307 3.0319805 3.2560926 2.7364169 2.5422182 2.4761419 2.7867862 3.3152005 3.7111351 3.6923503 3.6696532 2.8245486 3.6833279 
FLAA2_RHIME_28_160 1.4108385 0.0000000 2.3153091 2.0454349 2.0672279 3.2532780 2.6060976 2.2236051 2.6949450 2.3782069 2.7846088 2.5977087 2.5914320 2.7288720 2.5796851 2.3569038 2.6241356 2.3759833 2.8595280 2.6882720 3.5172946 
FLAA_HELMU_26_162  2.7154499 2.3153091 0.0000000 0.3016772 0.2804903 1.7922831 1.3234084 1.3482869 1.3657509 1.1259258 1.5248674 1.6630426 1.5894098 1.6195842 1.6087550 1.3351343 1.5993744 1.6208424 1.7296442 3.1116332 3.9075856 
FLAA_CAMCO_28_164  2.5607168 2.0454349 0.3016772 0.0000000 0.2665311 1.6112116 1.3421558 1.3370725 1.1317495 1.1631238 1.3819380 1.4921331 1.5695823 1.3801092 1.3568305 1.1978918 1.6341836 1.5952790 1.5439023 3.3613688 3.5080652 
FLAB_HELMU_28_164  2.6546300 2.0672279 0.2804903 0.2665311 0.0000000 1.5420913 1.1555712 1.2171045 1.2159741 1.0532209 1.2832217 1.3369329 1.4244339 1.3874300 1.3252621 1.2115923 1.3263795 1.4090593 1.5981970 3.0802696 2.9470965 
FLAA_AQUPY_29_166  3.4312533 3.2532780 1.7922831 1.6112116 1.5420913 0.0000000 1.5933002 1.6118434 1.7754425 1.5497440 1.7038009 1.6991245 1.7792632 1.5823979 1.6053734 1.7983454 1.7889016 1.8608458 2.1026948 3.2152852 2.6002256 
FLA_BACHD_27_163   3.8683073 2.6060976 1.3234084 1.3421558 1.1555712 1.5933002 0.0000000 0.4536885 0.8289965 0.6729313 0.8060075 0.9122333 0.8991744 0.9202763 0.8901720 0.8557407 0.7995666 0.6508587 0.9559411 2.5147421 3.5967157 
FLA_BACSU_27_165   2.8188270 2.2236051 1.3482869 1.3370725 1.2171045 1.6118434 0.4536885 0.0000000 0.9697105 0.7040662 0.7413715 0.7493523 0.7526497 0.8117250 0.8274330 1.1829668 0.8919170 0.6854416 1.1740601 2.9356308 3.5844951 
FLICA_PSEAE_28_164 3.3664307 2.6949450 1.3657509 1.1317495 1.2159741 1.7754425 0.8289965 0.9697105 0.0000000 0.6418250 0.7289235 0.8010756 0.8691782 0.6840161 0.7660976 0.6200040 1.3186149 1.1152615 1.0340469 2.5439603 3.1280924 
FLA_LEGMI_29_165   3.0319805 2.3782069 1.1259258 1.1631238 1.0532209 1.5497440 0.6729313 0.7040662 0.6418250 0.0000000 0.6067913 0.7889723 0.7093010 0.7805117 0.6931246 0.8280486 0.9800333 0.7852958 1.2646603 3.0589677 3.7801226 
FLIC_SALTY_28_163  3.2560926 2.7846088 1.5248674 1.3819380 1.2832217 1.7038009 0.8060075 0.7413715 0.7289235 0.6067913 0.0000000 0.1630686 0.2189236 0.2229115 0.2084837 1.0790277 0.8760709 0.9278130 1.2433459 3.2861534 3.9269412 
FLIC_ECOLI_28_163  2.7364169 2.5977087 1.6630426 1.4921331 1.3369329 1.6991245 0.9122333 0.7493523 0.8010756 0.7889723 0.1630686 0.0000000 0.2766424 0.2119868 0.2580045 1.2433649 1.0135176 1.0207789 1.3825922 3.1171855 3.4650159 
FLIC_SERMA_29_164  2.5422182 2.5914320 1.5894098 1.5695823 1.4244339 1.7792632 0.8991744 0.7526497 0.8691782 0.7093010 0.2189236 0.2766424 0.0000000 0.2393377 0.2178833 1.2745269 0.9982863 1.0524673 1.4094362 3.1052824 3.8891962 
FLIC1_PROMI_28_164 2.4761419 2.7288720 1.6195842 1.3801092 1.3874300 1.5823979 0.9202763 0.8117250 0.6840161 0.7805117 0.2229115 0.2119868 0.2393377 0.0000000 0.1618482 1.1811473 0.9411392 0.9904168 1.3947678 2.9707509 3.5990720 
FLAA_BORBR_28_166  2.7867862 2.5796851 1.6087550 1.3568305 1.3252621 1.6053734 0.8901720 0.8274330 0.7660976 0.6931246 0.2084837 0.2580045 0.2178833 0.1618482 0.0000000 1.1358372 0.9383534 0.9710420 1.2917152 3.2395627 3.5856556 
FLAL_VIBPA_29_169  3.3152005 2.3569038 1.3351343 1.1978918 1.2115923 1.7983454 0.8557407 1.1829668 0.6200040 0.8280486 1.0790277 1.2433649 1.2745269 1.1811473 1.1358372 0.0000000 1.2351629 1.3615421 1.2955820 2.6831621 3.6945688 
FLA1_BORBU_27_160  3.7111351 2.6241356 1.5993744 1.6341836 1.3263795 1.7889016 0.7995666 0.8919170 1.3186149 0.9800333 0.8760709 1.0135176 0.9982863 0.9411392 0.9383534 1.2351629 0.0000000 0.5873741 1.2972722 3.9040049 3.1724027 
FLAB2_TREHY_27_163 3.6923503 2.3759833 1.6208424 1.5952790 1.4090593 1.8608458 0.6508587 0.6854416 1.1152615 0.7852958 0.9278130 1.0207789 1.0524673 0.9904168 0.9710420 1.3615421 0.5873741 0.0000000 1.3461245 3.1929360 4.3661577 
FLAA_LISMO_27_167  3.6696532 2.8595280 1.7296442 1.5439023 1.5981970 2.1026948 0.9559411 1.1740601 1.0340469 1.2646603 1.2433459 1.3825922 1.4094362 1.3947678 1.2917152 1.2955820 1.2972722 1.3461245 0.0000000 2.8083304 3.4025411 
FLJJ_CAUCR_29_164  2.8245486 2.6882720 3.1116332 3.3613688 3.0802696 3.2152852 2.5147421 2.9356308 2.5439603 3.0589677 3.2861534 3.1171855 3.1052824 2.9707509 3.2395627 2.6831621 3.9040049 3.1929360 2.8083304 0.0000000 4.3870948 
FLGL_ECOLI_27_162  3.6833279 3.5172946 3.9075856 3.5080652 2.9470965 2.6002256 3.5967157 3.5844951 3.1280924 3.7801226 3.9269412 3.4650159 3.8891962 3.5990720 3.5856556 3.6945688 3.1724027 4.3661577 3.4025411 4.3870948 0.0000000 
