7
Q9KPZ6_VIBCH_45_134 0.0000000 0.6880268 1.2142807 1.0366424 1.1446795 1.3395606 1.9928382 
Q9CJQ5_PASMU_46_136 0.6880268 0.0000000 0.6719266 1.0485431 1.0377594 1.2823787 2.0388266 
Q9PM11_CAMJE_38_126 1.2142807 0.6719266 0.0000000 1.1808560 1.1577110 1.3557268 2.1461259 
Q9HV84_PSEAE_46_133 1.0366424 1.0485431 1.1808560 0.0000000 0.8801178 1.1623275 1.3644655 
Q9ZHC8_SALTY_1_91   1.1446795 1.0377594 1.1577110 0.8801178 0.0000000 1.1194314 2.0092205 
Q9F3R7_9BURK_41_126 1.3395606 1.2823787 1.3557268 1.1623275 1.1194314 0.0000000 2.2396931 
O67205_AQUAE_37_122 1.9928382 2.0388266 2.1461259 1.3644655 2.0092205 2.2396931 0.0000000 
