8
Q97XP4_SULSO_4_352  0.0000000 1.0999522 1.0695954 1.1613680 1.3397184 1.6846502 1.2550787 1.9045299 
Q8Y9R6_LISMO_2_355  1.0999522 0.0000000 0.7241282 0.8580131 1.3882488 1.3593453 1.4295920 2.1234222 
Q9KBP2_BACHD_2_355  1.0695954 0.7241282 0.0000000 0.7953084 1.2282046 1.4503770 1.5316324 2.2375719 
Q982D2_RHILO_5_358  1.1613680 0.8580131 0.7953084 0.0000000 1.1835241 1.5062709 1.3567004 2.1797186 
Q8UBH6_AGRT5_15_370 1.3397184 1.3882488 1.2282046 1.1835241 0.0000000 1.4020036 1.6749309 2.3324868 
Q8UBH4_AGRT5_3_357  1.6846502 1.3593453 1.4503770 1.5062709 1.4020036 0.0000000 1.9227429 2.5670085 
Q97XP2_SULSO_1_342  1.2550787 1.4295920 1.5316324 1.3567004 1.6749309 1.9227429 0.0000000 2.7199851 
Q9KBP5_BACHD_3_361  1.9045299 2.1234222 2.2375719 2.1797186 2.3324868 2.5670085 2.7199851 0.0000000 
