8
Q972U8_SULTO_5_312  0.0000000 0.6350426 1.0457210 1.5253783 1.5897752 1.4359261 1.7931600 1.8768784 
Q97XX6_SULSO_6_297  0.6350426 0.0000000 0.9429644 1.4052314 1.8027937 1.2272038 1.5408585 1.8238571 
Q97Y98_SULSO_6_312  1.0457210 0.9429644 0.0000000 1.7624178 2.2329870 2.0597015 2.1435772 1.7558380 
Q970D6_SULTO_5_281  1.5253783 1.4052314 1.7624178 0.0000000 2.2610030 1.6312890 2.4276871 1.7491360 
P95892_SULSO_6_317  1.5897752 1.8027937 2.2329870 2.2610030 0.0000000 0.8113915 2.3634900 2.4123572 
Q970J0_SULTO_6_318  1.4359261 1.2272038 2.0597015 1.6312890 0.8113915 0.0000000 2.2102910 1.7667993 
Q970N2_SULTO_11_273 1.7931600 1.5408585 2.1435772 2.4276871 2.3634900 2.2102910 0.0000000 3.2349669 
Q97XU4_SULSO_3_268  1.8768784 1.8238571 1.7558380 1.7491360 2.4123572 1.7667993 3.2349669 0.0000000 
