12
Q9F9S9_9PROT_6_197  0.0000000 1.0494042 2.0232368 1.8161705 1.7656176 1.8135031 1.7877187 2.1947635 1.7228624 2.1317085 1.6796972 2.2283019 
O32344_CAUCR_17_190 1.0494042 0.0000000 2.3127567 2.1444373 1.8168799 1.6643881 2.1845900 2.3068699 2.3378964 2.3569228 1.8539251 2.1505501 
Q8PA05_XANCP_20_187 2.0232368 2.3127567 0.0000000 2.2689654 2.1759356 2.2735443 2.0146022 2.1659956 1.7843947 2.2056885 2.1137275 2.6080568 
Y1875_SYNY3_17_192  1.8161705 2.1444373 2.2689654 0.0000000 0.4525980 0.7041255 1.9744152 2.1019335 1.8084529 1.9963531 2.2243520 2.9242088 
Q8YW29_ANASP_17_192 1.7656176 1.8168799 2.1759356 0.4525980 0.0000000 0.4500655 2.0559010 1.9094766 1.5916041 1.9424139 2.0061269 3.5546012 
Q8DH82_SYNEL_40_215 1.8135031 1.6643881 2.2735443 0.7041255 0.4500655 0.0000000 2.3558195 2.3062665 1.9511329 1.8279270 2.2207504 3.4488062 
EXOD_RHIME_52_229   1.7877187 2.1845900 2.0146022 1.9744152 2.0559010 2.3558195 0.0000000 0.3803879 0.9439809 1.3761052 2.0572522 2.7370732 
Q8UG17_AGRT5_26_203 2.1947635 2.3068699 2.1659956 2.1019335 1.9094766 2.3062665 0.3803879 0.0000000 1.0717075 1.7223916 2.3576227 2.9181286 
Q8E9I9_SHEON_24_200 1.7228624 2.3378964 1.7843947 1.8084529 1.5916041 1.9511329 0.9439809 1.0717075 0.0000000 1.7814841 1.9037768 2.8365798 
Q8YT44_ANASP_26_200 2.1317085 2.3569228 2.2056885 1.9963531 1.9424139 1.8279270 1.3761052 1.7223916 1.7814841 0.0000000 2.0763587 3.4452507 
Q8D589_VIBVU_34_201 1.6796972 1.8539251 2.1137275 2.2243520 2.0061269 2.2207504 2.0572522 2.3576227 1.9037768 2.0763587 0.0000000 2.5079108 
Q92US0_RHIME_36_209 2.2283019 2.1505501 2.6080568 2.9242088 3.5546012 3.4488062 2.7370732 2.9181286 2.8365798 3.4452507 2.5079108 0.0000000 
