9
FTR_METTH_146_296  0.0000000 0.2994968 0.3657919 0.4847732 0.4964042 0.5112859 1.3438983 1.3294687 1.3189619 
FTR_METFE_146_296  0.2994968 0.0000000 0.3157275 0.3640413 0.5218679 0.5387411 1.0947431 1.3910560 1.3923192 
FTR_METJA_147_299  0.3657919 0.3157275 0.0000000 0.5640216 0.5355399 0.5551715 1.2705998 1.3771489 1.2161157 
FTR_METKA_149_295  0.4847732 0.3640413 0.5640216 0.0000000 0.6448286 0.4399208 1.0016527 1.1911463 1.1391143 
FTR_METBF_146_296  0.4964042 0.5218679 0.5355399 0.6448286 0.0000000 0.5010220 1.2896755 1.4261411 1.3534160 
FTR_ARCFU_146_296  0.5112859 0.5387411 0.5551715 0.4399208 0.5010220 0.0000000 1.0967678 1.2280154 1.3305903 
FTRL_ARCFU_149_296 1.3438983 1.0947431 1.2705998 1.0016527 1.2896755 1.0967678 0.0000000 0.8386495 1.7402236 
FTRL_METTH_147_295 1.3294687 1.3910560 1.3771489 1.1911463 1.4261411 1.2280154 0.8386495 0.0000000 1.9943452 
FTR_METEX_152_304  1.3189619 1.3923192 1.2161157 1.1391143 1.3534160 1.3305903 1.7402236 1.9943452 0.0000000 
