18
Q8PZH0_METMA_126_285 0.0000000 0.2553013 0.3146087 1.6576431 1.5153359 1.7229652 1.7491348 1.8775021 1.6227858 1.8531609 1.3673371 1.1647543 2.3499455 2.5738434 2.5126108 2.4286143 2.0253643 2.5866805 
Q8TPG8_METAC_126_285 0.2553013 0.0000000 0.2909782 1.4791551 1.7778452 1.6265730 1.5256823 1.8281905 1.5925487 1.9942018 1.3413957 1.2002323 2.4562928 2.2711411 2.3385017 2.2957902 1.8195169 2.4625052 
Q8Q0X2_METMA_81_240  0.3146087 0.2909782 0.0000000 1.7392151 1.8885155 1.8752315 1.8159259 1.8759981 1.6386985 1.7103990 1.6462235 1.3589932 1.8396429 2.6364460 2.1900207 2.1855772 1.9072755 2.5776845 
Q9KZW9_STRCO_52_203  1.6576431 1.4791551 1.7392151 0.0000000 2.0361831 2.0308286 2.1016690 2.4307264 2.2499303 1.9498495 1.8825704 1.3222785 2.1616604 2.2471889 2.6215157 2.6590988 2.4762951 2.4943496 
Y678_METJA_124_274   1.5153359 1.7778452 1.8885155 2.0361831 0.0000000 1.8915321 2.1156763 1.8661668 1.9972285 1.9075592 2.0921261 1.8933214 2.9030575 3.0105277 2.9068388 3.5252014 3.0624740 3.0483412 
Q8A2L7_BACTN_58_209  1.7229652 1.6265730 1.8752315 2.0308286 1.8915321 0.0000000 0.1869454 0.3483549 0.3841409 0.4893582 1.0013787 1.1239685 2.9051842 2.4674955 2.6990965 3.4268062 2.9969234 2.5439394 
Q8F1W6_LEPIN_66_218  1.7491348 1.5256823 1.8159259 2.1016690 2.1156763 0.1869454 0.0000000 0.3196805 0.4300787 0.4330376 1.0113861 1.1455603 2.7260936 2.1264503 3.0447542 3.6437041 3.0179542 2.7688772 
Q8KF44_CHLTE_48_199  1.8775021 1.8281905 1.8759981 2.4307264 1.8661668 0.3483549 0.3196805 0.0000000 0.4101675 0.5692987 1.0206122 1.2520624 2.7650414 2.7699939 3.2070698 3.4677158 3.1478399 3.2788699 
Q8XNJ5_CLOPE_49_200  1.6227858 1.5925487 1.6386985 2.2499303 1.9972285 0.3841409 0.4300787 0.4101675 0.0000000 0.6041389 1.0804289 1.2525098 2.7721730 2.9386986 3.2270073 3.6923135 3.8843556 3.5939879 
Q97QF2_STRPN_39_190  1.8531609 1.9942018 1.7103990 1.9498495 1.9075592 0.4893582 0.4330376 0.5692987 0.6041389 0.0000000 0.9832645 1.2614982 2.4893413 2.6121940 2.9654419 3.1190648 2.9820759 3.0522504 
P73791_SYNY3_65_225  1.3673371 1.3413957 1.6462235 1.8825704 2.0921261 1.0013787 1.0113861 1.0206122 1.0804289 0.9832645 0.0000000 1.0942175 2.2489052 2.3062689 2.9919548 3.1189747 2.6684469 3.0466874 
Q8DIW8_SYNEL_55_206  1.1647543 1.2002323 1.3589932 1.3222785 1.8933214 1.1239685 1.1455603 1.2520624 1.2525098 1.2614982 1.0942175 0.0000000 1.9823447 2.3333219 2.4584326 2.3189803 2.5311576 2.6820909 
O29473_ARCFU_143_295 2.3499455 2.4562928 1.8396429 2.1616604 2.9030575 2.9051842 2.7260936 2.7650414 2.7721730 2.4893413 2.2489052 1.9823447 0.0000000 1.5920073 3.1505325 2.5104696 2.7670762 2.7980629 
Q9YBX2_AERPE_190_345 2.5738434 2.2711411 2.6364460 2.2471889 3.0105277 2.4674955 2.1264503 2.7699939 2.9386986 2.6121940 2.3062689 2.3333219 1.5920073 0.0000000 3.3110383 3.1796002 2.9839700 3.6488926 
Q8YLI1_ANASP_127_282 2.5126108 2.3385017 2.1900207 2.6215157 2.9068388 2.6990965 3.0447542 3.2070698 3.2270073 2.9654419 2.9919548 2.4584326 3.1505325 3.3110383 0.0000000 3.5915567 3.9562941 3.1049398 
O86778_STRCO_131_290 2.4286143 2.2957902 2.1855772 2.6590988 3.5252014 3.4268062 3.6437041 3.4677158 3.6923135 3.1190648 3.1189747 2.3189803 2.5104696 3.1796002 3.5915567 0.0000000 0.3331288 4.5367269 
Q53581_9ACTO_20_179  2.0253643 1.8195169 1.9072755 2.4762951 3.0624740 2.9969234 3.0179542 3.1478399 3.8843556 2.9820759 2.6684469 2.5311576 2.7670762 2.9839700 3.9562941 0.3331288 0.0000000 4.2818165 
Y1221_METJA_132_281  2.5866805 2.4625052 2.5776845 2.4943496 3.0483412 2.5439394 2.7688772 3.2788699 3.5939879 3.0522504 3.0466874 2.6820909 2.7980629 3.6488926 3.1049398 4.5367269 4.2818165 0.0000000 
