8
Q8KD94_CHLTE_199_299   0.0000000 0.4933597 0.7356834 0.7056634 1.0897325 1.1877714 1.1059466 1.1766281 
Q8EVK4_MYCPE_183_285   0.4933597 0.0000000 0.8671534 0.7796938 0.9371446 0.9649990 1.0802356 1.2903543 
Y108_MYCPN_248_354     0.7356834 0.8671534 0.0000000 0.2884312 0.9058064 0.8925649 1.1324570 0.9520068 
Y111_MYCPN_248_351     0.7056634 0.7796938 0.2884312 0.0000000 0.9920561 1.0886251 1.2466246 1.0285999 
Q7MU60_PORGI_982_1082  1.0897325 0.9371446 0.9058064 0.9920561 0.0000000 0.8821654 0.9418133 0.9409857 
O53070_LACLC_1116_1216 1.1877714 0.9649990 0.8925649 1.0886251 0.8821654 0.0000000 0.3984361 0.5579619 
Q8DPM0_STRR6_289_386   1.1059466 1.0802356 1.1324570 1.2466246 0.9418133 0.3984361 0.0000000 0.4955446 
Q82YQ3_ENTFA_260_359   1.1766281 1.2903543 0.9520068 1.0285999 0.9409857 0.5579619 0.4955446 0.0000000 
