9
Q8CSE6_STAES_5_65  0.0000000 0.4347840 2.1202461 1.6644798 1.9702396 1.8842627 1.5570424 2.0707228 2.4100551 
Q931R0_STAAM_5_66  0.4347840 0.0000000 2.0598963 1.7034497 1.8786867 1.6525648 1.7101907 1.9628604 2.1743033 
Q9CE26_LACLA_1_64  2.1202461 2.0598963 0.0000000 1.1688896 1.2844283 1.6529784 1.5172238 1.7262984 2.0328557 
Q8DVE9_STRMU_1_62  1.6644798 1.7034497 1.1688896 0.0000000 0.4184722 0.8938311 1.0922147 0.9763988 1.2347175 
Q8DQM8_STRR6_17_78 1.9702396 1.8786867 1.2844283 0.4184722 0.0000000 1.0393583 0.9844019 0.9845343 1.4929349 
O31391_BACME_1_62  1.8842627 1.6525648 1.6529784 0.8938311 1.0393583 0.0000000 0.9868292 1.2003487 1.0302813 
YQGQ_BACSU_1_62    1.5570424 1.7101907 1.5172238 1.0922147 0.9844019 0.9868292 0.0000000 1.0322723 1.8594498 
Q8Y7E5_LISMO_1_62  2.0707228 1.9628604 1.7262984 0.9763988 0.9845343 1.2003487 1.0322723 0.0000000 1.7250874 
Q8EQ09_OCEIH_1_61  2.4100551 2.1743033 2.0328557 1.2347175 1.4929349 1.0302813 1.8594498 1.7250874 0.0000000 
