13
P91006_CAEEL_432_545 0.0000000 0.7214593 0.9108005 1.0124791 1.2651176 1.0487752 0.9307915 1.1106679 1.2449574 1.1848106 0.9771791 2.2745523 1.8675992 
O17169_CAEEL_530_640 0.7214593 0.0000000 1.1484379 1.0133971 1.3785113 1.2542364 1.1641302 1.2896856 1.6142459 1.5212640 1.0394048 2.9347433 2.2482268 
P91004_CAEEL_76_184  0.9108005 1.1484379 0.0000000 0.4331121 0.5519878 0.8028660 0.7953750 0.5808186 0.9650570 1.0807966 0.7660020 2.9714259 3.3249790 
P91004_CAEEL_306_415 1.0124791 1.0133971 0.4331121 0.0000000 0.4233181 0.7851067 0.8074668 0.5640331 0.8816011 1.0092811 0.6058742 1.8811838 2.8862367 
P91006_CAEEL_80_188  1.2651176 1.3785113 0.5519878 0.4233181 0.0000000 0.9522104 0.8717368 0.5950804 1.0983226 1.0307160 0.7677243 2.8958442 3.0442522 
P91004_CAEEL_416_523 1.0487752 1.2542364 0.8028660 0.7851067 0.9522104 0.0000000 0.5766517 0.6559605 1.3997299 1.4314490 0.9320289 2.6491085 2.5378967 
P91004_CAEEL_185_297 0.9307915 1.1641302 0.7953750 0.8074668 0.8717368 0.5766517 0.0000000 0.5628437 1.2483438 1.2793674 0.9952370 2.4604020 2.5955911 
P91006_CAEEL_191_303 1.1106679 1.2896856 0.5808186 0.5640331 0.5950804 0.6559605 0.5628437 0.0000000 0.8177619 0.9764398 0.7810307 2.1940495 2.5945130 
O17169_CAEEL_180_286 1.2449574 1.6142459 0.9650570 0.8816011 1.0983226 1.3997299 1.2483438 0.8177619 0.0000000 0.2902811 0.6596317 2.3014370 2.8360475 
O17169_CAEEL_60_166  1.1848106 1.5212640 1.0807966 1.0092811 1.0307160 1.4314490 1.2793674 0.9764398 0.2902811 0.0000000 0.7171422 1.9019992 2.8908226 
P91006_CAEEL_313_425 0.9771791 1.0394048 0.7660020 0.6058742 0.7677243 0.9320289 0.9952370 0.7810307 0.6596317 0.7171422 0.0000000 1.8395630 2.7680454 
YQB4_CAEEL_159_225   2.2745523 2.9347433 2.9714259 1.8811838 2.8958442 2.6491085 2.4604020 2.1940495 2.3014370 1.9019992 1.8395630 0.0000000 3.1479542 
YPX5_CAEEL_1032_1124 1.8675992 2.2482268 3.3249790 2.8862367 3.0442522 2.5378967 2.5955911 2.5945130 2.8360475 2.8908226 2.7680454 3.1479542 0.0000000 
