35
Q89LP8_BRAJA_15_193  0.0000000 0.2160894 0.3906553 0.6039941 0.6116112 0.4739519 0.6364795 0.7096501 0.6891091 0.7543062 0.7384654 0.8667492 1.1701401 1.2454139 1.3285053 0.9528948 1.6336472 1.6948554 1.2727521 1.1190666 1.6060734 1.2140822 1.6866848 1.7824135 1.3836710 1.9167708 2.5522451 2.1370829 1.6310029 2.7210703 1.9423654 2.1852247 2.8898658 2.3891352 2.4845372 
Q9A3P2_CAUCR_8_186   0.2160894 0.0000000 0.5613865 0.7703099 0.8013621 0.7387985 0.9066265 0.8634643 0.9019157 0.8763144 0.9214385 1.0218122 1.3824019 1.4067206 1.5211973 1.1147237 1.6894284 1.9048430 1.5162579 1.1357323 1.6419569 1.2826867 1.8290342 2.2381869 1.5302879 2.1812012 2.4443397 2.0117344 1.9054695 2.6409796 2.1982007 2.3141078 2.8802376 2.1093853 2.2941956 
Q8KGN5_RHILO_7_185   0.3906553 0.5613865 0.0000000 0.8413502 0.5539184 0.5908736 0.6249070 0.8697501 0.8413706 0.8191467 0.7307365 1.0555618 1.4511120 1.3491061 1.3263487 1.0888374 1.9286122 1.9774841 1.4462113 1.2594222 1.6315639 1.5972000 1.5671964 1.7642338 1.3180084 2.1748264 2.8563165 2.1134185 1.7886073 2.4341384 2.1618424 2.5300978 2.2074686 2.1284666 3.2790445 
Q8DUK7_STRMU_5_173   0.6039941 0.7703099 0.8413502 0.0000000 0.2877548 0.3936490 0.4491643 0.2994944 0.5003846 0.6074519 0.6938226 0.3512942 1.0783689 1.4669338 1.4784199 1.0203696 1.9417178 1.9872666 1.4441299 1.4663167 1.4816727 1.8462627 1.8041942 1.8620943 1.5631046 1.9595143 2.4770321 2.2966085 1.6383278 2.6110417 2.1452133 2.4278210 2.7904282 2.7923627 3.2866139 
Q9KAP3_BACHD_7_177   0.6116112 0.8013621 0.5539184 0.2877548 0.0000000 0.2726094 0.3499433 0.3638946 0.4413222 0.3887439 0.3719479 0.4788416 0.9583763 1.0575794 0.9101009 0.7951319 1.3477130 1.3430303 1.0772448 0.9857871 1.0474716 1.5900200 1.3332357 1.3848172 1.3003541 1.3160123 2.1222825 1.4033965 1.3671159 2.4965606 1.8118173 2.0422445 2.0242975 2.0028219 2.8573743 
O31675_BACSU_5_174   0.4739519 0.7387985 0.5908736 0.3936490 0.2726094 0.0000000 0.2508811 0.4558191 0.6352295 0.3756695 0.3413786 0.5887188 0.8655023 1.1542958 0.9681358 0.8485592 1.4391286 1.4330131 1.0894816 1.2102994 1.3564930 1.4400652 1.3603363 1.2028377 1.2397477 1.4445102 2.3895175 1.7456775 1.3361223 2.7253758 1.5318195 1.7098611 1.8862658 1.9036796 2.3184775 
Q8CTH8_STAES_10_179  0.6364795 0.9066265 0.6249070 0.4491643 0.3499433 0.2508811 0.0000000 0.5452666 0.6908478 0.4362899 0.3967489 0.6955665 0.9471780 1.2605144 1.1367869 0.8755572 1.5991278 1.6858562 1.3433223 1.1696882 1.2950323 1.6816831 1.4124411 1.4608526 1.2405857 1.4659961 2.0978870 1.7176164 1.2679752 2.3365509 1.5890712 1.7714398 1.9104427 2.1960260 2.2139464 
Q97D53_CLOAB_9_180   0.7096501 0.8634643 0.8697501 0.2994944 0.3638946 0.4558191 0.5452666 0.0000000 0.3217323 0.6240520 0.5853708 0.4663516 0.8301582 1.0459899 1.1531956 0.8040008 1.7233429 1.9186030 1.4954628 1.0783593 1.3751195 1.7174949 1.4167990 1.6092028 1.1707458 1.5813838 2.4213057 1.8289915 1.4008992 2.7629612 1.9737763 2.0718760 2.3659084 2.2016569 2.3484024 
Q8A7F8_BACTN_6_177   0.6891091 0.9019157 0.8413706 0.5003846 0.4413222 0.6352295 0.6908478 0.3217323 0.0000000 0.6986732 0.6542137 0.5931151 0.8297783 1.1043948 0.9879724 0.9488522 1.2973070 1.4782012 1.4429066 0.9497454 1.1550986 1.6553788 1.6015980 1.7775058 1.0086064 1.2657279 1.8432720 1.9967140 1.5739872 2.4115526 2.0278463 2.1915648 2.5938364 2.2849101 2.5543838 
YBAX_ECOLI_3_176     0.7543062 0.8763144 0.8191467 0.6074519 0.3887439 0.3756695 0.4362899 0.6240520 0.6986732 0.0000000 0.1625471 0.5819569 0.5470210 1.0797175 0.8794491 0.7695303 1.4268694 1.4075919 1.1726921 0.9517581 1.1197149 1.2631196 1.3809694 1.6124110 1.2805608 1.3618087 1.6301447 1.8332126 1.3087737 2.1036960 2.1369210 2.4076436 1.8236337 1.5415016 2.8712125 
Q8D985_VIBVU_3_175   0.7384654 0.9214385 0.7307365 0.6938226 0.3719479 0.3413786 0.3967489 0.5853708 0.6542137 0.1625471 0.0000000 0.5193399 0.5814770 0.9743960 0.8042601 0.7823307 1.3422570 1.3525701 1.0765158 0.9602144 1.0671142 1.3201956 1.1966291 1.4085116 1.2631988 1.3725300 1.8423740 1.6147836 1.3149413 2.3630338 2.1728416 2.4462347 1.7362291 1.6787013 2.9819570 
Y1191_HAEIN_11_183   0.8667492 1.0218122 1.0555618 0.3512942 0.4788416 0.5887188 0.6955665 0.4663516 0.5931151 0.5819569 0.5193399 0.0000000 0.8919282 1.5104086 1.1213553 0.8778353 1.8023698 1.7524659 1.4970145 1.2563268 1.4231923 1.7249082 1.4528932 1.7732129 1.5692667 1.9453301 2.2516855 1.9185180 1.5395746 2.8397345 2.5266814 2.8391134 2.3876636 2.4949349 3.6442049 
Y463_BUCAP_3_176     1.1701401 1.3824019 1.4511120 1.0783689 0.9583763 0.8655023 0.9471780 0.8301582 0.8297783 0.5470210 0.5814770 0.8919282 0.0000000 1.3782163 1.3454586 1.0385388 2.0326378 2.0049383 1.6094413 1.1440728 1.3968281 1.8156861 2.0903549 2.0144253 1.2543564 1.9572481 2.1509546 2.4761582 1.8427838 3.1430198 3.1371622 3.3867076 2.5344989 2.3100155 2.6458062 
O25356_HELPY_5_178   1.2454139 1.4067206 1.3491061 1.4669338 1.0575794 1.1542958 1.2605144 1.0459899 1.1043948 1.0797175 0.9743960 1.5104086 1.3782163 0.0000000 1.2427761 1.5340062 1.7754406 1.8744668 1.2678471 1.3590515 1.4070508 1.3185602 1.8579289 1.9596832 1.4269124 1.7092631 1.8432816 1.9268800 1.5442142 1.9090978 2.6308260 2.8787957 2.2583598 2.3802784 2.1304538 
Q8ETE9_OCEIH_5_179   1.3285053 1.5211973 1.3263487 1.4784199 0.9101009 0.9681358 1.1367869 1.1531956 0.9879724 0.8794491 0.8042601 1.1213553 1.3454586 1.2427761 0.0000000 0.5660038 0.7404140 0.6894041 0.5958314 0.4932560 0.6891962 0.7344759 0.7683038 0.8556250 0.9097531 1.1994559 1.0615096 1.1042820 1.1285773 1.8274595 1.8488120 1.9084199 1.2036728 1.4151410 2.1374850 
Q8F964_LEPIN_27_203  0.9528948 1.1147237 1.0888374 1.0203696 0.7951319 0.8485592 0.8755572 0.8040008 0.9488522 0.7695303 0.7823307 0.8778353 1.0385388 1.5340062 0.5660038 0.0000000 0.9256988 0.8372553 0.7170309 0.6334786 0.6351001 0.7017247 0.7567444 0.8345014 0.9069589 1.3302325 1.2735322 1.2258986 0.8404503 1.6541617 1.5243768 1.5834326 1.5454931 1.4550888 1.6869135 
Q8PHW1_XANAC_3_177   1.6336472 1.6894284 1.9286122 1.9417178 1.3477130 1.4391286 1.5991278 1.7233429 1.2973070 1.4268694 1.3422570 1.8023698 2.0326378 1.7754406 0.7404140 0.9256988 0.0000000 0.2440298 0.3198710 0.6125524 0.7075103 0.7040491 0.6752384 0.7436646 1.0300536 1.3539046 1.1749316 1.0825613 1.6878218 1.8423919 2.1347128 2.0747453 1.5487314 1.8974082 2.5269563 
Q8Y1F2_RALSO_4_180   1.6948554 1.9048430 1.9774841 1.9872666 1.3430303 1.4330131 1.6858562 1.9186030 1.4782012 1.4075919 1.3525701 1.7524659 2.0049383 1.8744668 0.6894041 0.8372553 0.2440298 0.0000000 0.3187250 0.4712090 0.5491414 0.6250299 0.6274645 0.6320235 1.1903178 1.1979473 1.0569182 1.3850409 1.8547955 1.8837677 2.1133477 2.1497601 1.5107836 1.9812398 2.5508445 
Q87Y44_PSESM_7_182   1.2727521 1.5162579 1.4462113 1.4441299 1.0772448 1.0894816 1.3433223 1.4954628 1.4429066 1.1726921 1.0765158 1.4970145 1.6094413 1.2678471 0.5958314 0.7170309 0.3198710 0.3187250 0.0000000 0.4434070 0.3881742 0.5258687 0.5179752 0.5707140 0.8522792 1.5825954 1.2044886 1.1612344 1.4401393 1.6242134 2.1064685 2.1245392 1.3490580 1.6103198 2.2184149 
Q979P0_THEVO_4_180   1.1190666 1.1357323 1.2594222 1.4663167 0.9857871 1.2102994 1.1696882 1.0783593 0.9497454 0.9517581 0.9602144 1.2563268 1.1440728 1.3590515 0.4932560 0.6334786 0.6125524 0.4712090 0.4434070 0.0000000 0.3858126 0.6480268 0.6062101 0.7610809 0.6126614 0.9105420 1.0557884 1.2399226 1.3508345 1.9542978 1.8000349 1.8572717 1.2132551 1.4136265 1.9926147 
Q8DI59_SYNEL_6_186   1.6060734 1.6419569 1.6315639 1.4816727 1.0474716 1.3564930 1.2950323 1.3751195 1.1550986 1.1197149 1.0671142 1.4231923 1.3968281 1.4070508 0.6891962 0.6351001 0.7075103 0.5491414 0.3881742 0.3858126 0.0000000 0.7069523 0.8035551 0.7615261 0.6755163 1.2693942 1.3143890 1.6794769 1.3736948 1.3987024 2.1889794 2.1210889 1.4409812 1.7529486 2.1954607 
Q55468_SYNY3_43_220  1.2140822 1.2826867 1.5972000 1.8462627 1.5900200 1.4400652 1.6816831 1.7174949 1.6553788 1.2631196 1.3201956 1.7249082 1.8156861 1.3185602 0.7344759 0.7017247 0.7040491 0.6250299 0.5258687 0.6480268 0.7069523 0.0000000 0.8518895 0.9025844 1.2989223 1.8599610 1.0169468 1.5958194 1.2226514 1.5337389 2.0295233 2.0448892 1.3293334 1.3870779 1.8011587 
Q9ZCM9_RICPR_3_183   1.6866848 1.8290342 1.5671964 1.8041942 1.3332357 1.3603363 1.4124411 1.4167990 1.6015980 1.3809694 1.1966291 1.4528932 2.0903549 1.8579289 0.7683038 0.7567444 0.6752384 0.6274645 0.5179752 0.6062101 0.8035551 0.8518895 0.0000000 0.3102380 0.8866500 1.3149713 1.2487784 1.1667535 1.3888677 2.2349751 2.1321677 2.2655298 1.1739562 1.3877566 2.2489558 
Q92GQ2_RICCN_4_184   1.7824135 2.2381869 1.7642338 1.8620943 1.3848172 1.2028377 1.4608526 1.6092028 1.7775058 1.6124110 1.4085116 1.7732129 2.0144253 1.9596832 0.8556250 0.8345014 0.7436646 0.6320235 0.5707140 0.7610809 0.7615261 0.9025844 0.3102380 0.0000000 1.1187607 1.4550570 1.7594864 1.7373215 1.6075798 1.8202491 2.3430227 2.3789101 1.5158951 2.1315970 2.0026323 
O67003_AQUAE_6_184   1.3836710 1.5302879 1.3180084 1.5631046 1.3003541 1.2397477 1.2405857 1.1707458 1.0086064 1.2805608 1.2631988 1.5692667 1.2543564 1.4269124 0.9097531 0.9069589 1.0300536 1.1903178 0.8522792 0.6126614 0.6755163 1.2989223 0.8866500 1.1187607 0.0000000 1.3034976 1.5685299 1.6971698 1.2821046 1.6393443 1.9627818 1.9214646 1.3556178 1.4432793 2.4347630 
O29807_ARCFU_2_175   1.9167708 2.1812012 2.1748264 1.9595143 1.3160123 1.4445102 1.4659961 1.5813838 1.2657279 1.3618087 1.3725300 1.9453301 1.9572481 1.7092631 1.1994559 1.3302325 1.3539046 1.1979473 1.5825954 0.9105420 1.2693942 1.8599610 1.3149713 1.4550570 1.3034976 0.0000000 1.8275750 2.0435643 1.9468146 1.7344930 2.0590943 2.2803609 1.9194693 1.8380275 2.5146964 
Q9HHN8_HALSA_5_181   2.5522451 2.4443397 2.8563165 2.4770321 2.1222825 2.3895175 2.0978870 2.4213057 1.8432720 1.6301447 1.8423740 2.2516855 2.1509546 1.8432816 1.0615096 1.2735322 1.1749316 1.0569182 1.2044886 1.0557884 1.3143890 1.0169468 1.2487784 1.7594864 1.5685299 1.8275750 0.0000000 0.9292537 1.1646533 1.9761263 2.5764205 2.5921079 1.8954929 1.7935197 2.3072984 
Q8KF00_CHLTE_2_178   2.1370829 2.0117344 2.1134185 2.2966085 1.4033965 1.7456775 1.7176164 1.8289915 1.9967140 1.8332126 1.6147836 1.9185180 2.4761582 1.9268800 1.1042820 1.2258986 1.0825613 1.3850409 1.1612344 1.2399226 1.6794769 1.5958194 1.1667535 1.7373215 1.6971698 2.0435643 0.9292537 0.0000000 0.9235236 2.9656524 2.2439830 2.5318259 1.6974220 1.4510999 2.2501822 
Q9PJ95_CAMJE_4_181   1.6310029 1.9054695 1.7886073 1.6383278 1.3671159 1.3361223 1.2679752 1.4008992 1.5739872 1.3087737 1.3149413 1.5395746 1.8427838 1.5442142 1.1285773 0.8404503 1.6878218 1.8547955 1.4401393 1.3508345 1.3736948 1.2226514 1.3888677 1.6075798 1.2821046 1.9468146 1.1646533 0.9235236 0.0000000 2.2409204 1.5365807 1.9512664 1.2183786 1.5399678 1.6138364 
Q52925_RHIME_2_176   2.7210703 2.6409796 2.4341384 2.6110417 2.4965606 2.7253758 2.3365509 2.7629612 2.4115526 2.1036960 2.3630338 2.8397345 3.1430198 1.9090978 1.8274595 1.6541617 1.8423919 1.8837677 1.6242134 1.9542978 1.3987024 1.5337389 2.2349751 1.8202491 1.6393443 1.7344930 1.9761263 2.9656524 2.2409204 0.0000000 3.3841737 3.8674358 2.2052846 2.7827729 2.5888618 
O57836_PYRHO_33_215  1.9423654 2.1982007 2.1618424 2.1452133 1.8118173 1.5318195 1.5890712 1.9737763 2.0278463 2.1369210 2.1728416 2.5266814 3.1371622 2.6308260 1.8488120 1.5243768 2.1347128 2.1133477 2.1064685 1.8000349 2.1889794 2.0295233 2.1321677 2.3430227 1.9627818 2.0590943 2.5764205 2.2439830 1.5365807 3.3841737 0.0000000 0.1611541 0.9945947 1.0422619 1.5941000 
Q8U4N3_PYRFU_4_186   2.1852247 2.3141078 2.5300978 2.4278210 2.0422445 1.7098611 1.7714398 2.0718760 2.1915648 2.4076436 2.4462347 2.8391134 3.3867076 2.8787957 1.9084199 1.5834326 2.0747453 2.1497601 2.1245392 1.8572717 2.1210889 2.0448892 2.2655298 2.3789101 1.9214646 2.2803609 2.5921079 2.5318259 1.9512664 3.8674358 0.1611541 0.0000000 1.3506722 1.2518598 1.5850102 
Y1347_METJA_5_184    2.8898658 2.8802376 2.2074686 2.7904282 2.0242975 1.8862658 1.9104427 2.3659084 2.5938364 1.8236337 1.7362291 2.3876636 2.5344989 2.2583598 1.2036728 1.5454931 1.5487314 1.5107836 1.3490580 1.2132551 1.4409812 1.3293334 1.1739562 1.5158951 1.3556178 1.9194693 1.8954929 1.6974220 1.2183786 2.2052846 0.9945947 1.3506722 0.0000000 0.9817210 1.3598456 
Y1108_METTH_2_179    2.3891352 2.1093853 2.1284666 2.7923627 2.0028219 1.9036796 2.1960260 2.2016569 2.2849101 1.5415016 1.6787013 2.4949349 2.3100155 2.3802784 1.4151410 1.4550888 1.8974082 1.9812398 1.6103198 1.4136265 1.7529486 1.3870779 1.3877566 2.1315970 1.4432793 1.8380275 1.7935197 1.4510999 1.5399678 2.7827729 1.0422619 1.2518598 0.9817210 0.0000000 1.3551248 
Q96Y49_SULTO_240_417 2.4845372 2.2941956 3.2790445 3.2866139 2.8573743 2.3184775 2.2139464 2.3484024 2.5543838 2.8712125 2.9819570 3.6442049 2.6458062 2.1304538 2.1374850 1.6869135 2.5269563 2.5508445 2.2184149 1.9926147 2.1954607 1.8011587 2.2489558 2.0026323 2.4347630 2.5146964 2.3072984 2.2501822 1.6138364 2.5888618 1.5941000 1.5850102 1.3598456 1.3551248 0.0000000 
