12
POLG_YEFV1_581_676   0.0000000 1.1750619 0.9809933 1.2983386 0.9921186 1.5456073 1.7350389 1.8841897 1.6367614 1.7098491 1.4729583 1.7613374 
POLG_MVEV5_593_691   1.1750619 0.0000000 0.1572435 0.2118812 0.3374011 1.4146573 1.2470800 1.3081285 1.2752342 1.4164603 1.3987450 1.3154270 
O09754_9FLAV_300_398 0.9809933 0.1572435 0.0000000 0.2721303 0.4489648 1.3354363 1.4359623 1.4395174 1.2996868 1.4457554 1.3486561 1.4197025 
POLG_KUNJM_591_689   1.2983386 0.2118812 0.2721303 0.0000000 0.3643056 1.4410116 1.2773472 1.5187011 1.4930499 1.5195517 1.4890991 1.4795159 
POLG_STEVM_589_687   0.9921186 0.3374011 0.4489648 0.3643056 0.0000000 1.4825826 1.5015574 1.5568898 1.4708720 1.6557265 1.5886827 1.5540348 
O09234_DEN26_578_673 1.5456073 1.4146573 1.3354363 1.4410116 1.4825826 0.0000000 0.8776383 0.8347234 0.7249886 2.6235555 2.7842482 2.6123244 
O10246_9FLAV_298_393 1.7350389 1.2470800 1.4359623 1.2773472 1.5015574 0.8776383 0.0000000 0.4729492 0.9069825 2.4922743 2.8793398 2.8319265 
POLG_DEN3_576_671    1.8841897 1.3081285 1.4395174 1.5187011 1.5568898 0.8347234 0.4729492 0.0000000 1.0697071 2.3276684 2.4180382 2.2972814 
POLG_DEN4_577_672    1.6367614 1.2752342 1.2996868 1.4930499 1.4708720 0.7249886 0.9069825 1.0697071 0.0000000 2.6857068 2.5184041 2.4986691 
POLG_POWVL_581_673   1.7098491 1.4164603 1.4457554 1.5195517 1.6557265 2.6235555 2.4922743 2.3276684 2.6857068 0.0000000 0.1711760 0.2003393 
O10383_LIV_583_674   1.4729583 1.3987450 1.3486561 1.4890991 1.5886827 2.7842482 2.8793398 2.4180382 2.5184041 0.1711760 0.0000000 0.1327665 
Q82951_9FLAV_584_675 1.7613374 1.3154270 1.4197025 1.4795159 1.5540348 2.6123244 2.8319265 2.2972814 2.4986691 0.2003393 0.1327665 0.0000000 
