9
Q89642_ASF_89_278 0.0000000 1.0181730 1.0222889 1.1652656 0.9225665 1.3133073 1.1125437 1.5437919 3.2647340 
Q89869_ASF_87_279 1.0181730 0.0000000 0.6268425 0.6692047 0.6895347 0.7561761 0.9677294 1.1772026 2.3974292 
Q89740_ASF_87_276 1.0222889 0.6268425 0.0000000 0.7408039 0.6490711 0.8300124 0.9058845 1.2316992 2.8347063 
Q89777_ASF_87_276 1.1652656 0.6692047 0.7408039 0.0000000 0.7107655 0.7542852 1.0200774 1.3868609 2.8589264 
Q65128_ASF_87_272 0.9225665 0.6895347 0.6490711 0.7107655 0.0000000 0.6789306 0.9340023 1.0710998 2.5726572 
Q89768_ASF_87_280 1.3133073 0.7561761 0.8300124 0.7542852 0.6789306 0.0000000 1.0273787 1.4049332 2.4038958 
Q89925_ASF_87_284 1.1125437 0.9677294 0.9058845 1.0200774 0.9340023 1.0273787 0.0000000 1.6263961 3.1059954 
Q65124_ASF_89_284 1.5437919 1.1772026 1.2316992 1.3868609 1.0710998 1.4049332 1.6263961 0.0000000 3.4221645 
Q65259_ASF_86_278 3.2647340 2.3974292 2.8347063 2.8589264 2.5726572 2.4038958 3.1059954 3.4221645 0.0000000 
