7
O64548_ARATH_948_1215  0.0000000 0.4549123 0.5479738 0.9406566 0.9222356 1.0123058 1.0365395 
Q9ARR3_ORYSA_475_742   0.4549123 0.0000000 0.7981540 1.0922967 1.0582750 1.1521970 1.2806967 
Q9FYH1_ARATH_767_1031  0.5479738 0.7981540 0.0000000 1.2563822 1.2167039 1.2638671 1.3728433 
O01368_DROME_1938_2174 0.9406566 1.0922967 1.2563822 0.0000000 0.2518923 0.3002417 0.4681173 
CBP_HUMAN_1316_1553    0.9222356 1.0582750 1.2167039 0.2518923 0.0000000 0.2706364 0.4952670 
Q8MTV9_APLCA_1213_1447 1.0123058 1.1521970 1.2638671 0.3002417 0.2706364 0.0000000 0.4261546 
CBP1_CAEEL_1105_1344   1.0365395 1.2806967 1.3728433 0.4681173 0.4952670 0.4261546 0.0000000 
