9
Y2042_SYNY3_1_275  0.0000000 0.8582600 1.0583799 1.8046400 1.9043998 2.1161242 1.7807819 2.1027669 1.9307648 
Q8YPG3_ANASP_1_272 0.8582600 0.0000000 0.8460599 1.7098237 1.8365276 2.2216514 2.1288910 2.0651118 2.0021481 
Q8EC10_SHEON_1_274 1.0583799 0.8460599 0.0000000 1.3994893 1.4822493 1.8466418 1.8727264 1.7671399 1.8239300 
Q8Y060_RALSO_1_288 1.8046400 1.7098237 1.3994893 0.0000000 1.1884934 1.8305530 1.9590876 1.7649744 1.5313412 
Q9HWZ7_PSEAE_1_276 1.9043998 1.8365276 1.4822493 1.1884934 0.0000000 1.3982566 1.3563382 1.3563281 1.2553170 
Q8P3X9_XANCP_1_251 2.1161242 2.2216514 1.8466418 1.8305530 1.3982566 0.0000000 0.1570841 1.8119477 1.5160022 
Q8PFG3_XANAC_1_251 1.7807819 2.1288910 1.8727264 1.9590876 1.3563382 0.1570841 0.0000000 1.8422902 1.5039870 
YEEI_ECOLI_1_265   2.1027669 2.0651118 1.7671399 1.7649744 1.3563281 1.8119477 1.8422902 0.0000000 0.4255397 
Q8ZFH7_YERPE_1_270 1.9307648 2.0021481 1.8239300 1.5313412 1.2553170 1.5160022 1.5039870 0.4255397 0.0000000 
