19
VL1_HPV16_27_526 0.0000000 0.2611058 0.3215915 0.3220204 0.3410312 0.3353422 0.3605502 0.3634290 0.3605057 0.7092509 0.6832823 0.7109013 0.8020145 0.6986107 0.7219262 0.7008641 0.8815897 0.9686468 0.9018510 
VL1_HPV34_25_524 0.2611058 0.0000000 0.3855195 0.3955541 0.4100381 0.3793007 0.4265376 0.4466795 0.4313790 0.7218341 0.7710010 0.7957555 0.8594947 0.7042607 0.8380936 0.7929937 0.8855182 1.0465106 0.8905630 
VL1_HPV11_1_496  0.3215915 0.3855195 0.0000000 0.3967552 0.4258082 0.3803698 0.4015066 0.4266136 0.4039828 0.7407949 0.7822213 0.7113970 0.8478359 0.7291932 0.7523800 0.7510519 0.8561228 1.0224573 0.9734599 
VL1_HPV07_1_500  0.3220204 0.3955541 0.3967552 0.0000000 0.4436979 0.4134697 0.5012121 0.4361554 0.4634203 0.7786224 0.8418346 0.8266536 0.9264887 0.7499403 0.8198892 0.7483353 0.8949407 1.0058142 0.9458978 
VL1_HPV26_1_501  0.3410312 0.4100381 0.4258082 0.4436979 0.0000000 0.3118518 0.3623364 0.3457297 0.4352776 0.7506409 0.7454777 0.7299243 0.9021037 0.7815262 0.7941881 0.7117264 0.8915387 1.0404146 0.9480052 
VL1_HPV03_29_529 0.3353422 0.3793007 0.3803698 0.4134697 0.3118518 0.0000000 0.3128979 0.3092129 0.3329913 0.6790158 0.7472298 0.7056427 0.8618123 0.7657407 0.7682738 0.7050648 0.8737613 1.0414064 0.9215540 
VL1_HPV30_8_507  0.3605502 0.4265376 0.4015066 0.5012121 0.3623364 0.3128979 0.0000000 0.3767730 0.4319244 0.6608488 0.6851983 0.7195774 0.8911211 0.6713385 0.7335317 0.7303660 0.8899470 0.9978159 0.8688119 
VL1_HPV18_62_563 0.3634290 0.4466795 0.4266136 0.4361554 0.3457297 0.3092129 0.3767730 0.0000000 0.4088284 0.7274982 0.7560608 0.8042136 0.8588045 0.7494831 0.8404437 0.8111730 0.9082497 0.9910066 0.8884301 
VL1_HPV2A_17_507 0.3605057 0.4313790 0.4039828 0.4634203 0.4352776 0.3329913 0.4319244 0.4088284 0.0000000 0.7522564 0.8121928 0.7868694 0.8688844 0.7256450 0.7550895 0.7328924 0.8916653 1.0493451 0.9212861 
VL1_HPV05_1_514  0.7092509 0.7218341 0.7407949 0.7786224 0.7506409 0.6790158 0.6608488 0.7274982 0.7522564 0.0000000 0.2561606 0.5421715 0.6847030 0.7032676 0.7402114 0.7273436 0.7815238 0.9748262 0.8336690 
VL1_HPV09_1_506  0.6832823 0.7710010 0.7822213 0.8418346 0.7454777 0.7472298 0.6851983 0.7560608 0.8121928 0.2561606 0.0000000 0.6335559 0.8077876 0.7282906 0.7146095 0.7061984 0.8369957 0.9912097 0.8633103 
VL1_HPV04_1_513  0.7109013 0.7957555 0.7113970 0.8266536 0.7299243 0.7056427 0.7195774 0.8042136 0.7868694 0.5421715 0.6335559 0.0000000 0.7129614 0.6978256 0.6900238 0.7204216 0.8402999 1.0748719 1.0067839 
VL1_BPV4_1_503   0.8020145 0.8594947 0.8478359 0.9264887 0.9021037 0.8618123 0.8911211 0.8588045 0.8688844 0.6847030 0.8077876 0.7129614 0.0000000 0.7959625 0.7479570 0.8109917 0.8180288 1.0831337 0.9989101 
VL1_CRPVK_1_503  0.6986107 0.7042607 0.7291932 0.7499403 0.7815262 0.7657407 0.6713385 0.7494831 0.7256450 0.7032676 0.7282906 0.6978256 0.7959625 0.0000000 0.4846859 0.5416694 0.6869884 0.9073776 0.8476429 
VL1_HPV63_1_505  0.7219262 0.8380936 0.7523800 0.8198892 0.7941881 0.7682738 0.7335317 0.8404437 0.7550895 0.7402114 0.7146095 0.6900238 0.7479570 0.4846859 0.0000000 0.3442482 0.6060909 0.8385218 0.8221456 
VL1_HPV1A_7_506  0.7008641 0.7929937 0.7510519 0.7483353 0.7117264 0.7050648 0.7303660 0.8111730 0.7328924 0.7273436 0.7061984 0.7204216 0.8109917 0.5416694 0.3442482 0.0000000 0.6341764 0.9394991 0.8963126 
VL1_HPV41_22_532 0.8815897 0.8855182 0.8561228 0.8949407 0.8915387 0.8737613 0.8899470 0.9082497 0.8916653 0.7815238 0.8369957 0.8402999 0.8180288 0.6869884 0.6060909 0.6341764 0.0000000 1.0098966 0.9638403 
VL1_PAPVD_1_495  0.9686468 1.0465106 1.0224573 1.0058142 1.0404146 1.0414064 0.9978159 0.9910066 1.0493451 0.9748262 0.9912097 1.0748719 1.0831337 0.9073776 0.8385218 0.9394991 1.0098966 0.0000000 0.3155013 
VL1_BPV1_1_494   0.9018510 0.8905630 0.9734599 0.9458978 0.9480052 0.9215540 0.8688119 0.8884301 0.9212861 0.8336690 0.8633103 1.0067839 0.9989101 0.8476429 0.8221456 0.8963126 0.9638403 0.3155013 0.0000000 
