7
IL2_HORSE_7_146 0.0000000 0.3391499 0.2801207 0.4968490 0.3891990 0.6683696 0.5103315 
IL2_CERTO_7_151 0.3391499 0.0000000 0.2462092 0.4943127 0.3698404 0.5241590 0.3736655 
IL2_FELCA_7_151 0.2801207 0.2462092 0.0000000 0.4194408 0.3326899 0.5830449 0.5071383 
IL2_BOVIN_7_152 0.4968490 0.4943127 0.4194408 0.0000000 0.3231638 0.8877138 0.7699763 
IL2_PIG_7_151   0.3891990 0.3698404 0.3326899 0.3231638 0.0000000 0.6843407 0.5708661 
IL2_MOUSE_7_165 0.6683696 0.5241590 0.5830449 0.8877138 0.6843407 0.0000000 0.3629936 
IL2_MERUN_7_151 0.5103315 0.3736655 0.5071383 0.7699763 0.5708661 0.3629936 0.0000000 
