15
P88913_HHV8_14_527  0.0000000 0.6446443 0.8202883 0.9193204 0.8720992 1.0013210 2.1456567 2.1918837 2.5079086 2.4958385 2.6126695 2.7214266 2.5987724 2.4081630 3.4779886 
UL25_SHV21_14_521   0.6446443 0.0000000 0.7511619 0.7870339 1.0073724 0.9873847 2.1968900 2.2843520 2.8207615 2.7591577 2.6196133 2.8503960 2.7646561 2.2964588 3.2339171 
Q66622_9GAMA_5_542  0.8202883 0.7511619 0.0000000 0.8107387 0.9798576 0.9625596 2.3830946 2.2969539 2.4567310 2.6364459 2.8240616 2.8926862 2.6619596 2.4773364 2.8198937 
O36369_9GAMA_14_534 0.9193204 0.7870339 0.8107387 0.0000000 1.1551413 1.0980270 2.0730978 1.9934909 2.5420696 2.6113375 2.3808217 2.5169613 2.5924090 2.2863396 2.9446827 
UL25_EBV_14_548     0.8720992 1.0073724 0.9798576 1.1551413 0.0000000 1.0914104 2.2210937 2.2622825 2.2910446 2.2318819 2.5249292 2.4649552 2.3024920 2.4453484 3.4267548 
O41938_MHV68_1_494  1.0013210 0.9873847 0.9625596 1.0980270 1.0914104 0.0000000 2.0676358 2.2847162 2.5162140 2.8159097 2.9080188 2.8017892 2.6741091 2.7005874 4.1928950 
UL25_HHV7J_12_533   2.1456567 2.1968900 2.3830946 2.0730978 2.2210937 2.0676358 0.0000000 0.5108907 1.0037268 2.7794635 2.3935846 2.3759499 2.7903327 2.3707676 2.8678848 
UL25_HHV6U_12_534   2.1918837 2.2843520 2.2969539 1.9934909 2.2622825 2.2847162 0.5108907 0.0000000 0.9384479 2.7639553 2.4469092 2.5974086 2.7847948 2.4010122 2.9212307 
UL77_HCMVA_12_621   2.5079086 2.8207615 2.4567310 2.5420696 2.2910446 2.5162140 1.0037268 0.9384479 0.0000000 2.6786718 2.3596523 2.5952803 2.4213380 2.4751332 2.9075032 
O39492_9ALPH_13_576 2.4958385 2.7591577 2.6364459 2.6113375 2.2318819 2.8159097 2.7794635 2.7639553 2.6786718 0.0000000 0.3423871 0.5128763 0.5039044 0.4690095 1.3473744 
UL25_EHV1B_12_565   2.6126695 2.6196133 2.8240616 2.3808217 2.5249292 2.9080188 2.3935846 2.4469092 2.3596523 0.3423871 0.0000000 0.5336617 0.4900625 0.4427431 1.1256246 
Q83419_9ALPH_11_513 2.7214266 2.8503960 2.8926862 2.5169613 2.4649552 2.8017892 2.3759499 2.5974086 2.5952803 0.5128763 0.5336617 0.0000000 0.6373705 0.6442220 1.3577623 
UL25_HHV11_12_558   2.5987724 2.7646561 2.6619596 2.5924090 2.3024920 2.6741091 2.7903327 2.7847948 2.4213380 0.5039044 0.4900625 0.6373705 0.0000000 0.6835791 1.3951915 
UL25_VZVD_12_557    2.4081630 2.2964588 2.4773364 2.2863396 2.4453484 2.7005874 2.3707676 2.4010122 2.4751332 0.4690095 0.4427431 0.6442220 0.6835791 0.0000000 1.1624256 
UL25_ILTVT_13_572   3.4779886 3.2339171 2.8198937 2.9446827 3.4267548 4.1928950 2.8678848 2.9212307 2.9075032 1.3473744 1.1256246 1.3577623 1.3951915 1.1624256 0.0000000 
