9
NTP1_TOXGO_56_556  0.0000000 2.0164449 1.9750813 2.1704023 2.2101350 2.0627876 1.8177208 2.2957890 1.8829447 
ENP1_HUMAN_40_471  2.0164449 0.0000000 0.1076686 0.9418742 1.0615087 0.9385840 1.1090606 1.2780721 1.0291210 
ENP1_MOUSE_40_471  1.9750813 0.1076686 0.0000000 0.8621270 1.0185492 0.9609978 1.1009256 1.4366767 1.1717175 
MIG23_CAEEL_35_482 2.1704023 0.9418742 0.8621270 0.0000000 0.2356826 0.7947134 1.1158371 1.1520942 0.8768728 
NTP1_CAEEL_16_434  2.2101350 1.0615087 1.0185492 0.2356826 0.0000000 0.8020583 1.1948333 1.0960546 0.9721318 
YND1_YEAST_1_483   2.0627876 0.9385840 0.9609978 0.7947134 0.8020583 0.0000000 1.1335556 1.2619285 1.1795726 
GDA1_YEAST_84_518  1.8177208 1.1090606 1.1009256 1.1158371 1.1948333 1.1335556 0.0000000 0.9128470 0.8634225 
APY_SOLTU_37_454   2.2957890 1.2780721 1.4366767 1.1520942 1.0960546 1.2619285 0.9128470 0.0000000 0.2981644 
NTPA_PEA_35_454    1.8829447 1.0291210 1.1717175 0.8768728 0.9721318 1.1795726 0.8634225 0.2981644 0.0000000 
