24
Q8BCV0_HCMV_4_449 0.0000000 0.0000010 0.4100262 0.4140891 0.4062611 0.4006673 0.4113800 0.3622542 0.3670827 0.3509445 0.3542287 0.3526867 0.3551429 0.3681428 0.3661285 0.3821617 0.3899817 0.3759202 0.3733312 0.3197603 0.3262190 0.3240433 0.3216690 0.3461152 
Q8BCT7_HCMV_4_449 0.0000010 0.0000000 0.4100262 0.4140891 0.4062611 0.4006673 0.4113800 0.3622542 0.3670827 0.3509445 0.3542287 0.3526867 0.3551429 0.3681428 0.3661285 0.3821617 0.3899817 0.3759202 0.3733312 0.3197603 0.3262190 0.3240433 0.3216690 0.3461152 
Q8AZ36_HCMV_4_458 0.4100262 0.4100262 0.0000000 0.0091600 0.0045543 0.0068504 0.0068553 0.1496010 0.1530023 0.1375576 0.1385474 0.1408653 0.1406808 0.1881399 0.1869359 0.2406255 0.2354625 0.2662374 0.2618069 0.3606064 0.3679639 0.3722411 0.3688457 0.3202409 
Q8BCU2_HCMV_4_458 0.4140891 0.4140891 0.0091600 0.0000000 0.0045478 0.0068406 0.0068455 0.1541940 0.1576569 0.1419075 0.1429447 0.1452735 0.1450803 0.1933250 0.1920835 0.2408742 0.2357010 0.2690787 0.2645913 0.3561303 0.3634402 0.3676912 0.3642931 0.3159511 
Q8AZ28_HCMV_4_458 0.4062611 0.4062611 0.0045543 0.0045478 0.0000000 0.0022674 0.0022690 0.1474429 0.1508611 0.1353590 0.1363380 0.1386809 0.1384983 0.1857982 0.1845972 0.2367243 0.2315268 0.2636741 0.2592463 0.3498829 0.3570930 0.3612883 0.3579021 0.3098716 
UL74_HCMVA_4_458  0.4006673 0.4006673 0.0068504 0.0068406 0.0022674 0.0000000 0.0045507 0.1440415 0.1474363 0.1320629 0.1330127 0.1353618 0.1351844 0.1865177 0.1853074 0.2323722 0.2271548 0.2681159 0.2636534 0.3552548 0.3625456 0.3667855 0.3633916 0.3147013 
Q8BCU8_HCMV_4_458 0.4113800 0.4113800 0.0068553 0.0068455 0.0022690 0.0045507 0.0000000 0.1508650 0.1543048 0.1386809 0.1396892 0.1420247 0.1418367 0.1895942 0.1883736 0.2410084 0.2358384 0.2679257 0.2634741 0.3547870 0.3620501 0.3662740 0.3628904 0.3143821 
Q8BCU0_HCMV_4_454 0.3622542 0.3622542 0.1496010 0.1541940 0.1474429 0.1440415 0.1508650 0.0000000 0.0023000 0.0070935 0.0094853 0.0094875 0.0094782 0.1407700 0.1398644 0.2272582 0.2245396 0.2894987 0.2847538 0.2688694 0.2750170 0.2787121 0.2753620 0.3389278 
Q8BCU6_HCMV_4_454 0.3670827 0.3670827 0.1530023 0.1576569 0.1508611 0.1474363 0.1543048 0.0023000 0.0000000 0.0094874 0.0118937 0.0118966 0.0118847 0.1441146 0.1431905 0.2314231 0.2287549 0.2940171 0.2892472 0.2733237 0.2795241 0.2832398 0.2798903 0.3435879 
Q8AZ32_HCMV_4_455 0.3509445 0.3509445 0.1375576 0.1419075 0.1353590 0.1320629 0.1386809 0.0070935 0.0094874 0.0000000 0.0022946 0.0022952 0.0022929 0.1349352 0.1340716 0.2119658 0.2090817 0.2724880 0.2678670 0.2692584 0.2754308 0.2791402 0.2757789 0.3210662 
Q8BCV2_HCMV_4_455 0.3542287 0.3542287 0.1385474 0.1429447 0.1363380 0.1330127 0.1396892 0.0094853 0.0118937 0.0022946 0.0000000 0.0046055 0.0046010 0.1381648 0.1372837 0.2137838 0.2108987 0.2749651 0.2702935 0.2717381 0.2779903 0.2817415 0.2783534 0.3240093 
Q8AZ39_HCMV_4_455 0.3526867 0.3526867 0.1408653 0.1452735 0.1386809 0.1353618 0.1420247 0.0094875 0.0118966 0.0022952 0.0046055 0.0000000 0.0046021 0.1382121 0.1373303 0.2160307 0.2131946 0.2769166 0.2722701 0.2737377 0.2799640 0.2836945 0.2803336 0.3212629 
Q8BCT9_HCMV_4_455 0.3551429 0.3551429 0.1406808 0.1450803 0.1384983 0.1351844 0.1418367 0.0094782 0.0118847 0.0022929 0.0046010 0.0046021 0.0000000 0.1380325 0.1371528 0.2135812 0.2107007 0.2697839 0.2652030 0.2732961 0.2795097 0.2832337 0.2798767 0.3251370 
Q8BCT8_HCMV_4_456 0.3681428 0.3681428 0.1881399 0.1933250 0.1857982 0.1865177 0.1895942 0.1407700 0.1441146 0.1349352 0.1381648 0.1382121 0.1380325 0.0000000 0.0022671 0.1793299 0.1809352 0.2482880 0.2441548 0.2994709 0.3060504 0.3099361 0.2957471 0.2638047 
Q8BCU3_HCMV_4_456 0.3661285 0.3661285 0.1869359 0.1920835 0.1845972 0.1853074 0.1883736 0.1398644 0.1431905 0.1340716 0.1372837 0.1373303 0.1371528 0.0022671 0.0000000 0.1781907 0.1797767 0.2477521 0.2436275 0.2976660 0.3042125 0.3080823 0.2939492 0.2622066 
Q8BCU5_HCMV_4_454 0.3821617 0.3821617 0.2406255 0.2408742 0.2367243 0.2323722 0.2410084 0.2272582 0.2314231 0.2119658 0.2137838 0.2160307 0.2135812 0.1793299 0.1781907 0.0000000 0.0168547 0.2179403 0.2220968 0.3074812 0.3141807 0.3181247 0.3147329 0.3065009 
Q8AYZ3_HCMV_4_454 0.3899817 0.3899817 0.2354625 0.2357010 0.2315268 0.2271548 0.2358384 0.2245396 0.2287549 0.2090817 0.2108987 0.2131946 0.2107007 0.1809352 0.1797767 0.0168547 0.0000000 0.2194755 0.2237303 0.3140949 0.3209580 0.3249881 0.3215558 0.3078745 
Q8BCU9_HCMV_4_457 0.3759202 0.3759202 0.2662374 0.2690787 0.2636741 0.2681159 0.2679257 0.2894987 0.2940171 0.2724880 0.2749651 0.2769166 0.2697839 0.2482880 0.2477521 0.2179403 0.2194755 0.0000000 0.0022853 0.3795326 0.3789136 0.3921700 0.3880591 0.3260060 
Q8AYW0_HCMV_4_457 0.3733312 0.3733312 0.2618069 0.2645913 0.2592463 0.2636534 0.2634741 0.2847538 0.2892472 0.2678670 0.2702935 0.2722701 0.2652030 0.2441548 0.2436275 0.2220968 0.2237303 0.0022853 0.0000000 0.3768951 0.3762814 0.3894345 0.3853783 0.3238766 
Q8BCU1_HCMV_4_456 0.3197603 0.3197603 0.3606064 0.3561303 0.3498829 0.3552548 0.3547870 0.2688694 0.2733237 0.2692584 0.2717381 0.2737377 0.2732961 0.2994709 0.2976660 0.3074812 0.3140949 0.3795326 0.3768951 0.0000000 0.0023042 0.0046057 0.0069168 0.2895071 
Q8BCU4_HCMV_4_456 0.3262190 0.3262190 0.3679639 0.3634402 0.3570930 0.3625456 0.3620501 0.2750170 0.2795241 0.2754308 0.2779903 0.2799640 0.2795097 0.3060504 0.3042125 0.3141807 0.3209580 0.3789136 0.3762814 0.0023042 0.0000000 0.0069605 0.0092917 0.2955248 
Q8AYV5_HCMV_4_456 0.3240433 0.3240433 0.3722411 0.3676912 0.3612883 0.3667855 0.3662740 0.2787121 0.2832398 0.2791402 0.2817415 0.2836945 0.2832337 0.3099361 0.3080823 0.3181247 0.3249881 0.3921700 0.3894345 0.0046057 0.0069605 0.0000000 0.0116083 0.2990951 
Q8AYZ5_HCMV_4_456 0.3216690 0.3216690 0.3688457 0.3642931 0.3579021 0.3633916 0.3628904 0.2753620 0.2798903 0.2757789 0.2783534 0.2803336 0.2798767 0.2957471 0.2939492 0.3147329 0.3215558 0.3880591 0.3853783 0.0069168 0.0092917 0.0116083 0.0000000 0.2769738 
Q8BCV1_HCMV_4_464 0.3461152 0.3461152 0.3202409 0.3159511 0.3098716 0.3147013 0.3143821 0.3389278 0.3435879 0.3210662 0.3240093 0.3212629 0.3251370 0.2638047 0.2622066 0.3065009 0.3078745 0.3260060 0.3238766 0.2895071 0.2955248 0.2990951 0.2769738 0.0000000 
