13
LPH_HUMAN_378_847   0.0000000 0.8277699 0.9385291 1.4666085 1.6284185 1.7422440 1.5449735 1.3257471 1.5703636 1.7317287 1.9802846 1.6147486 1.9635985 
LPH_HUMAN_899_1364  0.8277699 0.0000000 0.7230048 1.3291642 1.3216660 1.5757803 1.3020338 1.3041865 1.5610912 1.4287219 2.2485302 1.3931879 1.8583246 
LPH_RABIT_1371_1839 0.9385291 0.7230048 0.0000000 1.4523670 1.2786992 1.4279671 1.2897715 1.2825752 1.3615488 1.7096605 2.1103621 1.4148569 1.9577460 
BGLC_MAIZE_74_558   1.4666085 1.3291642 1.4523670 0.0000000 1.2279935 1.5515358 1.1316897 1.0209624 1.4941177 1.5135037 2.1692014 1.3690109 1.5960193 
MYR3_SINAL_41_521   1.6284185 1.3216660 1.2786992 1.2279935 0.0000000 1.7017824 1.3979732 1.1789339 1.5827787 1.6283443 2.3624841 1.5533494 1.7281814 
BGLB_PAEPO_4_448    1.7422440 1.5757803 1.4279671 1.5515358 1.7017824 0.0000000 1.0206315 1.2096631 1.1777942 1.3114537 2.3559161 1.4406894 2.1790157 
BGLA_CLOTM_2_448    1.5449735 1.3020338 1.2897715 1.1316897 1.3979732 1.0206315 0.0000000 0.7651720 0.8973634 1.2454163 1.7623135 1.1277661 1.5095250 
BGLA_PAEPO_2_444    1.3257471 1.3041865 1.2825752 1.0209624 1.1789339 1.2096631 0.7651720 0.0000000 1.0995877 1.0520214 1.6740215 1.2497124 1.5300430 
BGLB_MICBI_34_469   1.5703636 1.5610912 1.3615488 1.4941177 1.5827787 1.1777942 0.8973634 1.0995877 0.0000000 1.1553586 1.9657927 1.2816111 1.8220129 
BGLS_AGRSA_7_451    1.7317287 1.4287219 1.7096605 1.5135037 1.6283443 1.3114537 1.2454163 1.0520214 1.1553586 0.0000000 2.1084616 1.5559182 1.8422048 
ARBB_ERWCH_1_461    1.9802846 2.2485302 2.1103621 2.1692014 2.3624841 2.3559161 1.7623135 1.6740215 1.9657927 2.1084616 0.0000000 1.2318263 1.8598615 
BGL2_BACSU_5_475    1.6147486 1.3931879 1.4148569 1.3690109 1.5533494 1.4406894 1.1277661 1.2497124 1.2816111 1.5559182 1.2318263 0.0000000 1.5830813 
LACG_STAAU_1_469    1.9635985 1.8583246 1.9577460 1.5960193 1.7281814 2.1790157 1.5095250 1.5300430 1.8220129 1.8422048 1.8598615 1.5830813 0.0000000 
