50
Q4V8D2_RAT_98_267    0.0000000 0.4203662 0.4061329 0.4574884 0.5074622 0.6568093 0.5951383 0.5661763 0.7104173 0.6056790 0.5402253 0.7892228 0.6000181 0.8083822 0.7246167 0.7867546 0.7883541 0.6150100 0.8817452 0.7765546 0.7390514 0.9971144 0.8992797 1.2171555 1.1232156 0.8752114 0.7901023 1.3288280 1.2135871 0.8050137 0.7994560 0.6944098 0.7118359 1.0327769 1.9715902 2.0301297 2.3916698 1.8804770 1.9025301 2.7220867 2.1202066 3.0988305 2.7611507 2.7083564 2.8092373 3.3534343 3.3719123 2.4708617 2.9149283 2.3964548 
Q4R998_MACFA_115_285 0.4203662 0.0000000 0.5198246 0.3864421 0.4174832 0.5674549 0.4335090 0.4884901 0.5408706 0.4736386 0.5249742 0.7145694 0.5805405 0.7444271 0.6610609 0.5962000 0.5675331 0.6448119 0.9143685 0.7370341 0.7630233 0.8389117 1.0170260 1.3516473 1.1551869 1.0096628 0.8322733 1.4542987 1.3138191 0.6864313 0.6797289 0.6222897 0.6676263 0.9136542 1.8798512 2.3749139 2.7839892 1.7628636 1.9576533 2.5294704 2.5462752 3.1636823 2.7607650 2.5898670 2.6541572 3.5961643 4.7913039 2.6645633 3.3373135 2.6402400 
Q9BG82_FELCA_82_252  0.4061329 0.5198246 0.0000000 0.4404019 0.5706456 0.6867090 0.7362814 0.5693448 0.6551546 0.6147752 0.5374830 0.7449338 0.5547889 0.7909463 0.7270684 0.7792706 0.8191031 0.7460475 0.7812054 0.7257641 0.7021435 0.8508384 1.0496177 1.3033724 1.3034371 1.0908603 0.8772653 1.5560629 1.3556969 0.7785732 0.7032529 0.7425687 0.7357412 1.1282998 1.6437038 2.4393236 2.6553826 1.8263579 1.7802578 2.4762304 2.2259764 3.1193878 2.5714509 2.6266155 2.6602957 3.1829956 3.9142432 2.3192656 2.5095910 2.1143362 
Q9TTY4_CANFA_115_285 0.4574884 0.3864421 0.4404019 0.0000000 0.2181798 0.5140156 0.4197093 0.3677688 0.4646771 0.3586638 0.4662154 0.6353091 0.6430966 0.6844650 0.6541407 0.6790875 0.7383386 0.6015817 0.7576782 0.5827695 0.6136983 0.7926080 0.9455604 1.2274361 1.1561166 0.9482929 0.6455925 1.1997996 1.1380484 0.7281769 0.7117612 0.6658277 0.7068075 0.8418329 1.8434733 2.0215247 2.0296766 1.6985994 1.8668563 2.1960063 1.9966986 2.9402455 2.4618244 2.4413600 2.4959659 3.2700227 3.4671497 2.4038860 2.7475906 2.2400469 
Q494Y7_HUMAN_118_288 0.5074622 0.4174832 0.5706456 0.2181798 0.0000000 0.6578972 0.4759449 0.4878808 0.4666606 0.3653776 0.6221753 0.7228295 0.6577602 0.7569096 0.6613568 0.7408340 0.7637715 0.6723737 0.8870192 0.6240032 0.7903676 0.8076340 0.9562312 1.2496604 1.1467221 0.9441262 0.8591783 1.3454270 1.2415844 0.8194844 0.7380515 0.7547991 0.7294032 0.9234450 1.9180102 2.3317517 2.3294277 1.6974496 1.7435320 2.2904780 1.7276075 2.7114416 2.5368960 2.4714819 2.4777620 3.1127404 3.3893705 2.2851973 2.6116914 2.3207843 
Q3UNA3_MOUSE_118_288 0.6568093 0.5674549 0.6867090 0.5140156 0.6578972 0.0000000 0.4299346 0.4436670 0.3852242 0.4134199 0.6859079 0.8513349 0.8236689 0.8286339 0.8100662 0.8154141 0.7834528 0.8454285 0.9187883 0.7202902 0.7655982 0.7873976 1.2279680 1.5892815 1.1941671 0.9801286 0.8882346 1.7191504 1.5493545 0.8119942 0.8041767 0.7995838 0.6699268 0.8824219 2.1196539 2.1679458 2.2115685 1.9256895 1.8046774 2.2918389 2.1439315 2.6503333 1.8749159 2.4129415 2.3703465 3.5788280 3.9394202 2.1202621 2.7503604 2.5155488 
Q2T9P7_BOVIN_125_295 0.5951383 0.4335090 0.7362814 0.4197093 0.4759449 0.4299346 0.0000000 0.4562577 0.3438338 0.3234810 0.4617171 0.7132023 0.7727990 0.7166846 0.6894122 0.7316389 0.7112026 0.7034607 1.1450521 0.6700903 0.7561930 0.7767992 1.0196232 1.3842122 1.2056234 1.1076141 0.8225032 1.4625047 1.4300845 0.8621060 0.8278985 0.8030892 0.7217874 0.8696018 1.9145259 2.2211716 2.3763873 1.7388490 1.9494622 2.4040627 2.3312846 2.5964786 2.1197930 2.0762338 2.0992484 3.7215984 3.3567254 2.3274331 2.6408080 2.2457141 
Q4U221_MOUSE_109_278 0.5661763 0.4884901 0.5693448 0.3677688 0.4878808 0.4436670 0.4562577 0.0000000 0.4556633 0.3440303 0.5470369 0.8467490 0.6978867 0.7636143 0.6988577 0.7706079 0.7753780 0.8022119 0.8330137 0.6315365 0.7903348 0.9074857 0.8772535 1.0784677 1.0749546 0.7463187 0.7869881 1.1688938 1.1910454 0.7726398 0.6743891 0.7724420 0.7064824 0.8668852 1.9846850 1.9321668 2.4549096 1.8171296 1.7583399 2.0900406 2.0858452 2.5976620 2.3890164 2.2972805 2.3576685 3.2714200 3.3325547 2.4576575 2.0613470 1.9057077 
MAGB4_HUMAN_116_285  0.7104173 0.5408706 0.6551546 0.4646771 0.4666606 0.3852242 0.3438338 0.4556633 0.0000000 0.2398520 0.5090356 0.7387918 0.8677097 0.8974168 0.8637289 0.8648067 0.9549635 0.8955668 1.1349058 0.6848308 0.7928877 0.8156120 0.9213907 1.2376638 1.3516217 1.1196515 0.9839903 1.2745387 1.2695088 0.8922289 0.8676929 0.7384374 0.6566486 0.9800595 2.0785178 2.2705100 2.6354538 2.0431363 2.0255333 2.2277773 2.1087066 3.0823997 2.6479944 2.5240157 2.5517425 3.7259471 3.2069052 2.7115713 2.6355673 2.3567332 
MAGB1_HUMAN_115_285  0.6056790 0.4736386 0.6147752 0.3586638 0.3653776 0.4134199 0.3234810 0.3440303 0.2398520 0.0000000 0.4163385 0.7887143 0.7980006 0.8899177 0.6862693 0.7615196 0.8586460 0.8362103 1.0240216 0.6407440 0.6749162 0.8028154 0.9246738 1.2633132 1.2130354 0.9231021 0.8613737 1.2431204 1.1861878 0.8243462 0.7682967 0.7529731 0.7129349 0.9343234 2.1720215 2.1248641 2.5255944 1.7236860 1.8995502 2.2007813 1.8011797 2.6786163 2.2535363 2.2160741 2.2401284 3.4218600 3.5307635 2.4699508 2.5868757 2.2066661 
MAGB3_HUMAN_118_288  0.5402253 0.5249742 0.5374830 0.4662154 0.6221753 0.6859079 0.4617171 0.5470369 0.5090356 0.4163385 0.0000000 0.6753435 0.6213281 0.7507736 0.5941903 0.7279789 0.6490005 0.6047559 1.2055494 0.7082390 0.6250433 0.9014917 0.8730945 1.1524199 1.4187019 1.0210401 0.8906647 1.3492391 1.3476655 0.6848748 0.6126719 0.6932155 0.6595302 0.9635395 2.4820086 1.8317546 2.7996637 1.8825552 2.1976932 2.5998172 2.7728927 3.0782212 2.7731988 2.5339314 2.6511616 3.6445993 3.6822273 2.8354733 2.7531849 2.4936732 
MAGAA_HUMAN_141_311  0.7892228 0.7145694 0.7449338 0.6353091 0.7228295 0.8513349 0.7132023 0.8467490 0.7387918 0.7887143 0.6753435 0.0000000 0.3601190 0.4154680 0.5039138 0.4496298 0.3952498 0.4531364 0.8312762 0.5888605 0.6538314 1.1530642 1.2082223 1.3560335 1.4216907 1.3416522 1.2126957 1.5335169 1.4668602 0.9858520 0.9119354 0.9611655 0.8461230 1.4179523 2.5281976 2.5391282 2.5433212 1.7777764 2.0499608 2.2867927 2.9871726 2.8139331 2.8926296 2.7297445 2.6916473 3.0804469 3.6680725 2.6056317 3.0409080 3.0005381 
MAGAB_HUMAN_229_399  0.6000181 0.5805405 0.5547889 0.6430966 0.6577602 0.8236689 0.7727990 0.6978867 0.8677097 0.7980006 0.6213281 0.3601190 0.0000000 0.4487614 0.4787800 0.4925059 0.3848507 0.3891370 0.7771223 0.6550112 0.5656521 1.1332263 0.9806320 1.1236862 1.2021209 0.9540028 1.1260139 1.3247529 1.2706623 0.8409852 0.8246208 0.8618396 0.8566921 1.2987462 2.1227076 2.2350226 2.2850485 1.7446785 1.9918306 2.0956709 2.5098846 2.7865796 2.6381407 2.4943358 2.3867057 3.2628568 4.2497661 2.4819559 2.8094777 2.7225262 
MAGA2_HUMAN_116_286  0.8083822 0.7444271 0.7909463 0.6844650 0.7569096 0.8286339 0.7166846 0.7636143 0.8974168 0.8899177 0.7507736 0.4154680 0.4487614 0.0000000 0.3421916 0.3026592 0.4710067 0.4929633 0.6860878 0.6910970 0.6941689 0.9681542 1.2098425 1.5308301 1.2263803 1.0427688 1.1177608 1.3809771 1.5211542 1.1773779 1.0342371 1.1700331 0.9882056 1.2498018 2.2214949 2.4338729 1.9879586 1.7254926 1.8612418 2.5122115 1.9604990 2.3456815 1.9482439 2.2516518 2.0092641 3.3311214 3.6143684 2.7084814 3.1093271 2.2324499 
MAGA4_HUMAN_117_287  0.7246167 0.6610609 0.7270684 0.6541407 0.6613568 0.8100662 0.6894122 0.6988577 0.8637289 0.6862693 0.5941903 0.5039138 0.4787800 0.3421916 0.0000000 0.2558123 0.3480588 0.4667667 0.9251993 0.6552290 0.6158364 0.9869417 1.1840703 1.4578767 1.3081965 1.0951475 0.9223098 1.4537337 1.5753302 0.8017019 0.8125738 0.8405509 0.7794678 1.0609868 2.3821820 2.5163050 2.3447786 1.7334399 1.7267827 2.2854654 2.3625104 2.3610504 2.4332912 2.5631960 2.5207813 3.4645253 3.3753760 2.5085520 3.2001736 2.5242635 
MAGA1_HUMAN_109_279  0.7867546 0.5962000 0.7792706 0.6790875 0.7408340 0.8154141 0.7316389 0.7706079 0.8648067 0.7615196 0.7279789 0.4496298 0.4925059 0.3026592 0.2558123 0.0000000 0.3472967 0.5377696 0.9290703 0.7296933 0.7407294 1.0523247 1.2384647 1.5775396 1.3442797 1.1145337 1.1080173 1.4296613 1.5768054 1.0318084 1.0074977 1.0028193 0.9030300 1.1949598 2.3787537 2.3283874 2.2334666 1.4568865 1.6839500 2.6010265 2.1163139 2.1132745 2.5363212 2.5078571 2.4540763 3.6001344 3.5351079 2.5995364 3.2104426 2.5040911 
Q9BUN9_HUMAN_119_289 0.7883541 0.5675331 0.8191031 0.7383386 0.7637715 0.7834528 0.7112026 0.7753780 0.9549635 0.8586460 0.6490005 0.3952498 0.3848507 0.4710067 0.3480588 0.3472967 0.0000000 0.3086835 1.0003685 0.7968293 0.7558695 1.0463888 1.3086644 1.5890591 1.2081790 1.0904661 1.1718700 1.5194205 1.6478524 0.8965519 0.8518540 0.9947442 0.9488052 1.1246616 2.4495515 2.4120455 2.4481442 1.6099637 1.8723284 2.7498182 2.7783554 2.6423681 2.5479000 2.6153259 2.6167751 3.1109156 4.4599597 2.6413730 3.6534231 2.4242768 
MAGA9_HUMAN_115_285  0.6150100 0.6448119 0.7460475 0.6015817 0.6723737 0.8454285 0.7034607 0.8022119 0.8955668 0.8362103 0.6047559 0.4531364 0.3891370 0.4929633 0.4667667 0.5377696 0.3086835 0.0000000 0.8875538 0.7529464 0.7074477 1.1322397 1.1876581 1.3918519 1.3538493 1.1774220 1.1622513 1.6718217 1.6687923 0.8719808 0.8985886 0.9654421 1.0114263 1.2457138 2.5841050 2.3655079 2.4161001 1.9722218 2.3162362 2.5669029 2.7222701 3.2696976 3.0603139 2.8024940 2.7228829 3.3817876 4.5817471 2.7501495 3.4561778 2.5853879 
Q4V8D3_RAT_100_270   0.8817452 0.9143685 0.7812054 0.7576782 0.8870192 0.9187883 1.1450521 0.8330137 1.1349058 1.0240216 1.2055494 0.8312762 0.7771223 0.6860878 0.9251993 0.9290703 1.0003685 0.8875538 0.0000000 0.7439880 0.8167562 1.2488433 1.3768832 1.5510886 1.4940884 1.3391542 1.1913497 1.7041251 1.3366542 1.1321597 1.0542156 1.1611860 1.0713203 1.4755066 2.0009272 2.2655648 1.9332016 2.0755153 1.6759385 2.0979284 2.0186269 2.4384160 1.7495437 1.9439503 1.8662396 2.8233585 2.8751146 2.0422517 2.3169414 1.8621229 
O89007_MOUSE_103_273 0.7765546 0.7370341 0.7257641 0.5827695 0.6240032 0.7202902 0.6700903 0.6315365 0.6848308 0.6407440 0.7082390 0.5888605 0.6550112 0.6910970 0.6552290 0.7296933 0.7968293 0.7529464 0.7439880 0.0000000 0.6356976 0.8921173 1.0303142 1.3890845 1.3271289 1.0070206 0.9992265 1.1621492 1.0622027 0.8930309 0.9160441 0.7656934 0.7700447 1.2368078 2.1930825 2.1428359 2.0495438 1.7580637 1.5400521 2.0286185 2.5957908 2.6987152 2.1384146 2.6641317 2.3439244 2.7428159 2.6774376 1.7749430 2.9617328 2.2729757 
Q4QR72_RAT_211_381   0.7390514 0.7630233 0.7021435 0.6136983 0.7903676 0.7655982 0.7561930 0.7903348 0.7928877 0.6749162 0.6250433 0.6538314 0.5656521 0.6941689 0.6158364 0.7407294 0.7558695 0.7074477 0.8167562 0.6356976 0.0000000 1.0545321 0.9532570 1.1557430 1.5092089 1.2706558 1.0427241 1.4661056 1.3567914 0.7202459 0.7892413 0.7286593 0.8460499 1.2186392 2.3894914 2.0337439 2.1084435 1.7897751 1.9017855 2.3961462 2.6703840 2.3902634 2.3065379 2.3532022 2.6240763 3.0125439 4.3918174 2.5746897 3.0293894 2.5339617 
Q9D9K4_MOUSE_137_307 0.9971144 0.8389117 0.8508384 0.7926080 0.8076340 0.7873976 0.7767992 0.9074857 0.8156120 0.8028154 0.9014917 1.1530642 1.1332263 0.9681542 0.9869417 1.0523247 1.0463888 1.1322397 1.2488433 0.8921173 1.0545321 0.0000000 1.1935302 1.4844145 1.0988741 1.0788718 1.2026114 1.6012777 1.5304801 1.1524779 1.1693420 1.0186241 1.0448521 1.2928051 2.6567528 2.3975521 2.8512567 2.0989998 1.9157911 2.6461840 2.1661986 2.9414825 2.3320238 2.4032493 2.2468179 3.3339090 3.8365542 2.7194769 3.4758182 2.2902205 
Q6P3U4_HUMAN_455_625 0.8992797 1.0170260 1.0496177 0.9455604 0.9562312 1.2279680 1.0196232 0.8772535 0.9213907 0.9246738 0.8730945 1.2082223 0.9806320 1.2098425 1.1840703 1.2384647 1.3086644 1.1876581 1.3768832 1.0303142 0.9532570 1.1935302 0.0000000 0.2447015 0.8967770 0.7008154 0.8496226 0.8035374 0.8404241 0.9377589 0.9257045 0.8848619 0.7937580 1.0072281 2.2317581 1.4415625 2.1477217 1.5921592 1.6135442 1.8484083 1.7948052 2.4037811 2.6520110 2.0896269 2.3702456 2.3440165 3.3789706 2.3950742 2.1181990 2.0135876 
Q6IR13_MOUSE_442_612 1.2171555 1.3516473 1.3033724 1.2274361 1.2496604 1.5892815 1.3842122 1.0784677 1.2376638 1.2633132 1.1524199 1.3560335 1.1236862 1.5308301 1.4578767 1.5775396 1.5890591 1.3918519 1.5510886 1.3890845 1.1557430 1.4844145 0.2447015 0.0000000 0.9049475 0.7991576 1.0578819 0.9315922 1.0692326 1.0045987 1.0702175 1.1656668 1.0548920 1.2737808 2.2107883 1.6347801 2.3781754 1.7206765 1.7265708 1.8642621 1.8629984 2.3951880 2.6405209 1.9955609 2.3743218 1.8937612 3.9017773 2.5878846 2.3020009 2.3322377 
Q99PB1_MOUSE_82_253  1.1232156 1.1551869 1.3034371 1.1561166 1.1467221 1.1941671 1.2056234 1.0749546 1.3516217 1.2130354 1.4187019 1.4216907 1.2021209 1.2263803 1.3081965 1.3442797 1.2081790 1.3538493 1.4940884 1.3271289 1.5092089 1.0988741 0.8967770 0.9049475 0.0000000 0.2529595 0.6723861 0.8832596 0.9265444 1.3903019 1.3536862 1.4222919 1.2643011 1.1600504 2.4760750 1.8313039 2.3952074 1.5861351 1.6731224 1.8615852 1.6625658 2.7749301 2.3179321 1.7904121 1.7769675 2.0485940 3.0388470 2.5189793 2.1494160 1.9618301 
Q4KM72_RAT_93_264    0.8752114 1.0096628 1.0908603 0.9482929 0.9441262 0.9801286 1.1076141 0.7463187 1.1196515 0.9231021 1.0210401 1.3416522 0.9540028 1.0427688 1.0951475 1.1145337 1.0904661 1.1774220 1.3391542 1.0070206 1.2706558 1.0788718 0.7008154 0.7991576 0.2529595 0.0000000 0.6517331 0.7445931 0.8287957 1.1792837 1.0764693 1.1810221 1.0457912 0.9304900 2.2435753 1.6162732 2.0900951 1.6879301 1.5876465 2.0440540 1.6228721 2.5953866 2.3640148 2.2273169 2.1661572 2.5154666 2.9305457 2.6239072 2.1015112 1.9472910 
Q3MHY2_BOVIN_91_261  0.7901023 0.8322733 0.8772653 0.6455925 0.8591783 0.8882346 0.8225032 0.7869881 0.9839903 0.8613737 0.8906647 1.2126957 1.1260139 1.1177608 0.9223098 1.1080173 1.1718700 1.1622513 1.1913497 0.9992265 1.0427241 1.2026114 0.8496226 1.0578819 0.6723861 0.6517331 0.0000000 1.1424142 0.9604765 0.9202262 0.8080290 0.9175020 0.7928859 0.6360262 2.0207538 1.7981393 2.2019225 1.8963841 2.0783243 2.3931062 2.0253989 2.4137487 2.3584228 2.3365605 2.3891185 2.3557790 3.3975350 2.7620108 2.4631640 2.0939489 
Q5PR97_BRARE_58_228  1.3288280 1.4542987 1.5560629 1.1997996 1.3454270 1.7191504 1.4625047 1.1688938 1.2745387 1.2431204 1.3492391 1.5335169 1.3247529 1.3809771 1.4537337 1.4296613 1.5194205 1.6718217 1.7041251 1.1621492 1.4661056 1.6012777 0.8035374 0.9315922 0.8832596 0.7445931 1.1424142 0.0000000 0.3085095 1.1625496 1.1243248 1.0779056 1.1340143 1.3065582 2.2934200 1.6480529 2.5170697 1.9814059 1.9746873 2.6260891 2.4636237 2.7070742 2.8072579 2.0576941 2.2742372 2.9407485 2.6538283 2.4093554 2.8233603 2.2876621 
Q4ST53_TETNG_60_230  1.2135871 1.3138191 1.3556969 1.1380484 1.2415844 1.5493545 1.4300845 1.1910454 1.2695088 1.1861878 1.3476655 1.4668602 1.2706623 1.5211542 1.5753302 1.5768054 1.6478524 1.6687923 1.3366542 1.0622027 1.3567914 1.5304801 0.8404241 1.0692326 0.9265444 0.8287957 0.9604765 0.3085095 0.0000000 1.0531490 1.1056945 0.9457955 1.0030592 1.3195805 2.0390850 1.6466806 2.2908351 1.9910048 1.8709325 2.3322819 2.1584720 2.7596525 2.5498456 1.9902225 2.2168632 2.8834383 3.0603198 2.2029976 2.7463901 2.1711993 
Q5HYN6_HUMAN_420_589 0.8050137 0.6864313 0.7785732 0.7281769 0.8194844 0.8119942 0.8621060 0.7726398 0.8922289 0.8243462 0.6848748 0.9858520 0.8409852 1.1773779 0.8017019 1.0318084 0.8965519 0.8719808 1.1321597 0.8930309 0.7202459 1.1524779 0.9377589 1.0045987 1.3903019 1.1792837 0.9202262 1.1625496 1.0531490 0.0000000 0.1749232 0.3294160 0.3496211 0.9369029 1.7673753 1.6061638 2.5352881 1.7839919 1.9083365 1.9586693 2.8039137 2.8489824 2.7638096 2.1562183 2.1343618 3.3615769 2.8787931 2.0114382 2.8896647 2.2727157 
Q3UIL5_MOUSE_475_644 0.7994560 0.6797289 0.7032529 0.7117612 0.7380515 0.8041767 0.8278985 0.6743891 0.8676929 0.7682967 0.6126719 0.9119354 0.8246208 1.0342371 0.8125738 1.0074977 0.8518540 0.8985886 1.0542156 0.9160441 0.7892413 1.1693420 0.9257045 1.0702175 1.3536862 1.0764693 0.8080290 1.1243248 1.1056945 0.1749232 0.0000000 0.3979170 0.3011665 0.8145012 1.7839572 1.5751128 2.4455314 1.8102350 1.8079109 2.1234436 2.6854397 2.7046759 2.5987999 2.1560818 1.9087116 2.8987380 2.9623424 1.8287864 2.4646825 1.9433098 
TROP_HUMAN_407_576   0.6944098 0.6222897 0.7425687 0.6658277 0.7547991 0.7995838 0.8030892 0.7724420 0.7384374 0.7529731 0.6932155 0.9611655 0.8618396 1.1700331 0.8405509 1.0028193 0.9947442 0.9654421 1.1611860 0.7656934 0.7286593 1.0186241 0.8848619 1.1656668 1.4222919 1.1810221 0.9175020 1.0779056 0.9457955 0.3294160 0.3979170 0.0000000 0.2603783 0.6841217 2.2494906 2.0159484 2.7518617 1.7084029 1.8746605 2.3936760 3.1740326 2.7642808 2.9877524 2.5009266 2.8309008 3.1667879 3.1599422 1.7543211 2.9077973 2.2561598 
Q3B7U1_RAT_286_456   0.7118359 0.6676263 0.7357412 0.7068075 0.7294032 0.6699268 0.7217874 0.7064824 0.6566486 0.7129349 0.6595302 0.8461230 0.8566921 0.9882056 0.7794678 0.9030300 0.9488052 1.0114263 1.0713203 0.7700447 0.8460499 1.0448521 0.7937580 1.0548920 1.2643011 1.0457912 0.7928859 1.1340143 1.0030592 0.3496211 0.3011665 0.2603783 0.0000000 0.7910615 2.0497088 1.8564194 2.5225654 1.6925636 1.6904392 2.2954279 2.6957428 2.7054280 2.3999956 2.3482467 2.4894049 3.1866043 3.0282320 1.8388956 2.6846730 2.1544695 
Q5JXC7_HUMAN_498_668 1.0327769 0.9136542 1.1282998 0.8418329 0.9234450 0.8824219 0.8696018 0.8668852 0.9800595 0.9343234 0.9635395 1.4179523 1.2987462 1.2498018 1.0609868 1.1949598 1.1246616 1.2457138 1.4755066 1.2368078 1.2186392 1.2928051 1.0072281 1.2737808 1.1600504 0.9304900 0.6360262 1.3065582 1.3195805 0.9369029 0.8145012 0.6841217 0.7910615 0.0000000 2.3813451 1.7452203 2.2744758 2.0577550 1.8259775 2.6194151 2.4981284 2.6873922 2.4744897 2.6556624 2.9542247 3.1043274 3.8563503 2.0948585 2.3244736 2.0214167 
Q6XIY9_DROYA_33_203  1.9715902 1.8798512 1.6437038 1.8434733 1.9180102 2.1196539 1.9145259 1.9846850 2.0785178 2.1720215 2.4820086 2.5281976 2.1227076 2.2214949 2.3821820 2.3787537 2.4495515 2.5841050 2.0009272 2.1930825 2.3894914 2.6567528 2.2317581 2.2107883 2.4760750 2.2435753 2.0207538 2.2934200 2.0390850 1.7673753 1.7839572 2.2494906 2.0497088 2.3813451 0.0000000 2.3000324 2.1028245 3.1752243 3.1471554 3.1389169 2.3221708 3.4286791 2.5079850 2.7606022 2.5328290 3.8767319 4.3842480 3.4652449 2.9308585 3.1338639 
Q5TVF7_ANOGA_28_199  2.0301297 2.3749139 2.4393236 2.0215247 2.3317517 2.1679458 2.2211716 1.9321668 2.2705100 2.1248641 1.8317546 2.5391282 2.2350226 2.4338729 2.5163050 2.3283874 2.4120455 2.3655079 2.2655648 2.1428359 2.0337439 2.3975521 1.4415625 1.6347801 1.8313039 1.6162732 1.7981393 1.6480529 1.6466806 1.6061638 1.5751128 2.0159484 1.8564194 1.7452203 2.3000324 0.0000000 2.0065196 1.7413932 2.2684133 2.8193852 2.3770186 3.0602724 2.8213113 2.3980466 2.5369062 2.7955347 3.4685807 2.6765173 2.6732572 2.3589050 
Q54PA3_DICDI_95_278  2.3916698 2.7839892 2.6553826 2.0296766 2.3294277 2.2115685 2.3763873 2.4549096 2.6354538 2.5255944 2.7996637 2.5433212 2.2850485 1.9879586 2.3447786 2.2334666 2.4481442 2.4161001 1.9332016 2.0495438 2.1084435 2.8512567 2.1477217 2.3781754 2.3952074 2.0900951 2.2019225 2.5170697 2.2908351 2.5352881 2.4455314 2.7518617 2.5225654 2.2744758 2.1028245 2.0065196 0.0000000 2.7896578 2.8478513 2.3412132 2.3601821 2.1800904 1.6669591 2.1912424 2.2235902 2.8708058 3.2641282 2.7557461 2.4671168 2.4578799 
Q8GUN4_ARATH_25_218  1.8804770 1.7628636 1.8263579 1.6985994 1.6974496 1.9256895 1.7388490 1.8171296 2.0431363 1.7236860 1.8825552 1.7777764 1.7446785 1.7254926 1.7334399 1.4568865 1.6099637 1.9722218 2.0755153 1.7580637 1.7897751 2.0989998 1.5921592 1.7206765 1.5861351 1.6879301 1.8963841 1.9814059 1.9910048 1.7839919 1.8102350 1.7084029 1.6925636 2.0577550 3.1752243 1.7413932 2.7896578 0.0000000 0.6819547 1.5304553 2.8315096 1.6786411 1.5406222 1.8626726 2.0324396 1.9501592 2.9809696 2.0299887 2.2601726 1.8126098 
Q7XIY9_ORYSA_25_218  1.9025301 1.9576533 1.7802578 1.8668563 1.7435320 1.8046774 1.9494622 1.7583399 2.0255333 1.8995502 2.1976932 2.0499608 1.9918306 1.8612418 1.7267827 1.6839500 1.8723284 2.3162362 1.6759385 1.5400521 1.9017855 1.9157911 1.6135442 1.7265708 1.6731224 1.5876465 2.0783243 1.9746873 1.8709325 1.9083365 1.8079109 1.8746605 1.6904392 1.8259775 3.1471554 2.2684133 2.8478513 0.6819547 0.0000000 1.6440930 2.6137057 1.3788506 1.4418620 2.1289963 2.1547809 1.9955294 3.1544950 1.9745907 2.4992990 2.0345467 
Q50TS2_ENTHI_69_249  2.7220867 2.5294704 2.4762304 2.1960063 2.2904780 2.2918389 2.4040627 2.0900406 2.2277773 2.2007813 2.5998172 2.2867927 2.0956709 2.5122115 2.2854654 2.6010265 2.7498182 2.5669029 2.0979284 2.0286185 2.3961462 2.6461840 1.8484083 1.8642621 1.8615852 2.0440540 2.3931062 2.6260891 2.3322819 1.9586693 2.1234436 2.3936760 2.2954279 2.6194151 3.1389169 2.8193852 2.3412132 1.5304553 1.6440930 0.0000000 2.9033312 2.1300619 2.0884549 1.6642759 1.6154067 2.2483646 2.1925724 1.7860274 2.1696958 2.8338173 
NSE3_SCHPO_97_293    2.1202066 2.5462752 2.2259764 1.9966986 1.7276075 2.1439315 2.3312846 2.0858452 2.1087066 1.8011797 2.7728927 2.9871726 2.5098846 1.9604990 2.3625104 2.1163139 2.7783554 2.7222701 2.0186269 2.5957908 2.6703840 2.1661986 1.7948052 1.8629984 1.6625658 1.6228721 2.0253989 2.4636237 2.1584720 2.8039137 2.6854397 3.1740326 2.6957428 2.4981284 2.3221708 2.3770186 2.3601821 2.8315096 2.6137057 2.9033312 0.0000000 2.1650643 1.7041355 2.4308228 2.3224817 3.1036158 2.9440102 2.8938349 2.0299853 1.7683227 
Q4I1U5_GIBZE_61_260  3.0988305 3.1636823 3.1193878 2.9402455 2.7114416 2.6503333 2.5964786 2.5976620 3.0823997 2.6786163 3.0782212 2.8139331 2.7865796 2.3456815 2.3610504 2.1132745 2.6423681 3.2696976 2.4384160 2.6987152 2.3902634 2.9414825 2.4037811 2.3951880 2.7749301 2.5953866 2.4137487 2.7070742 2.7596525 2.8489824 2.7046759 2.7642808 2.7054280 2.6873922 3.4286791 3.0602724 2.1800904 1.6786411 1.3788506 2.1300619 2.1650643 0.0000000 0.7855576 0.8691903 0.9830038 1.7563532 2.6774361 2.3308362 2.8131323 2.4953033 
Q7SFN0_NEUCR_53_262  2.7611507 2.7607650 2.5714509 2.4618244 2.5368960 1.8749159 2.1197930 2.3890164 2.6479944 2.2535363 2.7731988 2.8926296 2.6381407 1.9482439 2.4332912 2.5363212 2.5479000 3.0603139 1.7495437 2.1384146 2.3065379 2.3320238 2.6520110 2.6405209 2.3179321 2.3640148 2.3584228 2.8072579 2.5498456 2.7638096 2.5987999 2.9877524 2.3999956 2.4744897 2.5079850 2.8213113 1.6669591 1.5406222 1.4418620 2.0884549 1.7041355 0.7855576 0.0000000 0.9113736 0.8164523 1.7932022 2.8005968 2.3229757 2.9201585 2.7547424 
Q4WJD5_ASPFU_68_260  2.7083564 2.5898670 2.6266155 2.4413600 2.4714819 2.4129415 2.0762338 2.2972805 2.5240157 2.2160741 2.5339314 2.7297445 2.4943358 2.2516518 2.5631960 2.5078571 2.6153259 2.8024940 1.9439503 2.6641317 2.3532022 2.4032493 2.0896269 1.9955609 1.7904121 2.2273169 2.3365605 2.0576941 1.9902225 2.1562183 2.1560818 2.5009266 2.3482467 2.6556624 2.7606022 2.3980466 2.1912424 1.8626726 2.1289963 1.6642759 2.4308228 0.8691903 0.9113736 0.0000000 0.1993787 1.7921291 2.1706391 2.0579447 2.3851856 1.7272533 
Q2UND4_ASPOR_71_272  2.8092373 2.6541572 2.6602957 2.4959659 2.4777620 2.3703465 2.0992484 2.3576685 2.5517425 2.2401284 2.6511616 2.6916473 2.3867057 2.0092641 2.5207813 2.4540763 2.6167751 2.7228829 1.8662396 2.3439244 2.6240763 2.2468179 2.3702456 2.3743218 1.7769675 2.1661572 2.3891185 2.2742372 2.2168632 2.1343618 1.9087116 2.8309008 2.4894049 2.9542247 2.5328290 2.5369062 2.2235902 2.0324396 2.1547809 1.6154067 2.3224817 0.9830038 0.8164523 0.1993787 0.0000000 2.0043495 2.2460428 2.1187424 2.4260246 1.8008989 
Q55QE0_CRYNE_49_320  3.3534343 3.5961643 3.1829956 3.2700227 3.1127404 3.5788280 3.7215984 3.2714200 3.7259471 3.4218600 3.6445993 3.0804469 3.2628568 3.3311214 3.4645253 3.6001344 3.1109156 3.3817876 2.8233585 2.7428159 3.0125439 3.3339090 2.3440165 1.8937612 2.0485940 2.5154666 2.3557790 2.9407485 2.8834383 3.3615769 2.8987380 3.1667879 3.1866043 3.1043274 3.8767319 2.7955347 2.8708058 1.9501592 1.9955294 2.2483646 3.1036158 1.7563532 1.7932022 1.7921291 2.0043495 0.0000000 2.9341926 2.2417356 2.2800764 2.4320541 
Q6BHM0_DEBHA_43_262  3.3719123 4.7913039 3.9142432 3.4671497 3.3893705 3.9394202 3.3567254 3.3325547 3.2069052 3.5307635 3.6822273 3.6680725 4.2497661 3.6143684 3.3753760 3.5351079 4.4599597 4.5817471 2.8751146 2.6774376 4.3918174 3.8365542 3.3789706 3.9017773 3.0388470 2.9305457 3.3975350 2.6538283 3.0603198 2.8787931 2.9623424 3.1599422 3.0282320 3.8563503 4.3842480 3.4685807 3.2641282 2.9809696 3.1544950 2.1925724 2.9440102 2.6774361 2.8005968 2.1706391 2.2460428 2.9341926 0.0000000 1.1820580 2.0035101 2.0790869 
Q5AFD4_CANAL_60_285  2.4708617 2.6645633 2.3192656 2.4038860 2.2851973 2.1202621 2.3274331 2.4576575 2.7115713 2.4699508 2.8354733 2.6056317 2.4819559 2.7084814 2.5085520 2.5995364 2.6413730 2.7501495 2.0422517 1.7749430 2.5746897 2.7194769 2.3950742 2.5878846 2.5189793 2.6239072 2.7620108 2.4093554 2.2029976 2.0114382 1.8287864 1.7543211 1.8388956 2.0948585 3.4652449 2.6765173 2.7557461 2.0299887 1.9745907 1.7860274 2.8938349 2.3308362 2.3229757 2.0579447 2.1187424 2.2417356 1.1820580 0.0000000 2.0967729 1.6271802 
NSE3_YEAST_31_271    2.9149283 3.3373135 2.5095910 2.7475906 2.6116914 2.7503604 2.6408080 2.0613470 2.6355673 2.5868757 2.7531849 3.0409080 2.8094777 3.1093271 3.2001736 3.2104426 3.6534231 3.4561778 2.3169414 2.9617328 3.0293894 3.4758182 2.1181990 2.3020009 2.1494160 2.1015112 2.4631640 2.8233603 2.7463901 2.8896647 2.4646825 2.9077973 2.6846730 2.3244736 2.9308585 2.6732572 2.4671168 2.2601726 2.4992990 2.1696958 2.0299853 2.8131323 2.9201585 2.3851856 2.4260246 2.2800764 2.0035101 2.0967729 0.0000000 0.9628380 
Q75F48_ASHGO_18_265  2.3964548 2.6402400 2.1143362 2.2400469 2.3207843 2.5155488 2.2457141 1.9057077 2.3567332 2.2066661 2.4936732 3.0005381 2.7225262 2.2324499 2.5242635 2.5040911 2.4242768 2.5853879 1.8621229 2.2729757 2.5339617 2.2902205 2.0135876 2.3322377 1.9618301 1.9472910 2.0939489 2.2876621 2.1711993 2.2727157 1.9433098 2.2561598 2.1544695 2.0214167 3.1338639 2.3589050 2.4578799 1.8126098 2.0345467 2.8338173 1.7683227 2.4953033 2.7547424 1.7272533 1.8008989 2.4320541 2.0790869 1.6271802 0.9628380 0.0000000 
