10
LBP_HUMAN_241_478    0.0000000 0.2878484 0.4658801 0.9580972 1.1566526 2.7327848 2.6196001 2.6864235 2.2374860 3.3528435 
LBP_RABIT_242_479    0.2878484 0.0000000 0.5777089 1.0041203 1.2404398 2.6850743 2.7644539 2.9568396 3.1010935 4.1740801 
LBP_RAT_241_478      0.4658801 0.5777089 0.0000000 1.3533319 1.3536598 2.5959716 2.2324737 2.8950515 3.1161041 3.7742624 
BPI_HUMAN_245_482    0.9580972 1.0041203 1.3533319 0.0000000 0.3695963 1.9646282 3.2364922 2.7293211 2.4780037 2.9780097 
BPI_BOVIN_244_481    1.1566526 1.2404398 1.3536598 0.3695963 0.0000000 1.9650182 3.3858281 2.7982505 2.8230112 2.9278776 
PLTP_HUMAN_228_464   2.7327848 2.6850743 2.5959716 1.9646282 1.9650182 0.0000000 3.6045847 4.6378262 3.5107905 4.0936190 
Q17654_CAEEL_231_468 2.6196001 2.7644539 2.2324737 3.2364922 3.3858281 3.6045847 0.0000000 2.7228987 3.1828234 4.6071556 
O17768_CAEEL_255_498 2.6864235 2.9568396 2.8950515 2.7293211 2.7982505 4.6378262 2.7228987 0.0000000 1.3715966 5.1696503 
Q18869_CAEEL_293_545 2.2374860 3.1010935 3.1161041 2.4780037 2.8230112 3.5107905 3.1828234 1.3715966 0.0000000 4.4377600 
CETP_MACFA_243_480   3.3528435 4.1740801 3.7742624 2.9780097 2.9278776 4.0936190 4.6071556 5.1696503 4.4377600 0.0000000 
