7
GSHB_LYCES_276_378   0.0000000 0.4042653 1.3279350 1.0615578 0.9507266 1.2918761 1.4963780 
GSHB_ARATH_269_371   0.4042653 0.0000000 1.2001921 1.0379156 1.1051950 1.4892905 1.3895036 
GSHB_YEAST_216_321   1.3279350 1.2001921 0.0000000 0.9510563 1.1332688 1.2878297 1.8702610 
GSHB_RAT_202_302     1.0615578 1.0379156 0.9510563 0.0000000 0.6447344 1.5009037 1.3068039 
GSHB_XENLA_202_302   0.9507266 1.1051950 1.1332688 0.6447344 0.0000000 1.3609914 1.2414120 
GSHB_SCHPO_221_327   1.2918761 1.4892905 1.2878297 1.5009037 1.3609914 0.0000000 1.5959517 
Q21549_CAEEL_213_317 1.4963780 1.3895036 1.8702610 1.3068039 1.2414120 1.5959517 0.0000000 
