8
GVPF2_HALSA_2_207  0.0000000 0.2754261 0.2855751 0.4012933 1.8176371 1.8394396 1.8921639 2.3473815 
GVPF1_HALSA_1_204  0.2754261 0.0000000 0.2268634 0.3139621 1.6132590 1.8821168 2.0852838 2.3840992 
GVPF_HALME_1_205   0.2855751 0.2268634 0.0000000 0.2248663 1.7735033 2.0170417 2.0532892 2.1465245 
O33401_NATVU_1_205 0.4012933 0.3139621 0.2248663 0.0000000 1.5822405 1.7613818 1.8968560 2.0895625 
O68674_BACME_5_250 1.8176371 1.6132590 1.7735033 1.5822405 0.0000000 2.2454793 2.1909317 1.9556804 
GVPL_HALME_35_322  1.8394396 1.8821168 2.0170417 1.7613818 2.2454793 0.0000000 0.3934170 2.2940752 
GVPL1_HALSA_21_280 1.8921639 2.0852838 2.0532892 1.8968560 2.1909317 0.3934170 0.0000000 2.2916907 
GVPL_ANAFL_1_245   2.3473815 2.3840992 2.1465245 2.0895625 1.9556804 2.2940752 2.2916907 0.0000000 
