14
EXON_HHV11_34_611   0.0000000 0.5938971 0.7742024 0.8200314 1.1378347 1.9602394 2.2353728 2.0204331 2.1395193 1.9533227 2.2913737 1.9192250 1.9739853 1.7943436 
EXON_EHV1B_73_558   0.5938971 0.0000000 0.5645299 0.7646146 0.7944164 1.8751933 1.9141897 1.6418457 1.7985644 1.9686595 2.3203348 2.0125442 2.0279220 1.9069815 
Q85039_PRVKA_9_481  0.7742024 0.5645299 0.0000000 0.6958477 0.9348230 1.8780742 2.1429697 1.5719305 1.5869058 1.9102129 2.0024359 1.5913253 1.7110892 1.6141365 
Q65572_9ALPH_1_483  0.8200314 0.7646146 0.6958477 0.0000000 1.0005865 2.5044665 2.5168597 1.7342451 2.0883972 2.5267697 2.5353612 2.4292543 2.4626029 2.2018829 
EXON_VZVD_29_532    1.1378347 0.7944164 0.9348230 1.0005865 0.0000000 1.9535234 2.1753966 1.6825858 2.0208631 2.1554751 2.2331858 2.1896184 2.2110512 1.9714693 
EXON_HHV6U_9_474    1.9602394 1.8751933 1.8780742 2.5044665 1.9535234 0.0000000 0.4060402 0.8480869 1.8660135 1.4476506 1.4823279 1.5634681 1.5778396 1.5843302 
EXON_HHV7J_11_466   2.2353728 1.9141897 2.1429697 2.5168597 2.1753966 0.4060402 0.0000000 0.9463019 1.9397670 1.6465689 1.5868889 1.8305568 1.7574194 1.8706687 
EXON_HCMVA_17_570   2.0204331 1.6418457 1.5719305 1.7342451 1.6825858 0.8480869 0.9463019 0.0000000 1.9516308 2.1431505 2.0244614 1.9149768 1.8338691 1.8390865 
Q66641_9GAMA_20_501 2.1395193 1.7985644 1.5869058 2.0883972 2.0208631 1.8660135 1.9397670 1.9516308 0.0000000 0.6782488 0.6887352 0.9036979 0.6089953 0.6786562 
O41954_MHV68_26_478 1.9533227 1.9686595 1.9102129 2.5267697 2.1554751 1.4476506 1.6465689 2.1431505 0.6782488 0.0000000 0.6257450 0.9978303 0.8615113 0.6695024 
EXON_SHV21_20_475   2.2913737 2.3203348 2.0024359 2.5353612 2.2331858 1.4823279 1.5868889 2.0244614 0.6887352 0.6257450 0.0000000 0.7272900 0.7537604 0.7562204 
O40930_HHV8_27_478  1.9192250 2.0125442 1.5913253 2.4292543 2.1896184 1.5634681 1.8305568 1.9149768 0.9036979 0.9978303 0.7272900 0.0000000 0.7267027 0.7724661 
O36386_9GAMA_20_477 1.9739853 2.0279220 1.7110892 2.4626029 2.2110512 1.5778396 1.7574194 1.8338691 0.6089953 0.8615113 0.7537604 0.7267027 0.0000000 0.6549643 
EXON_EBV_9_462      1.7943436 1.9069815 1.6141365 2.2018829 1.9714693 1.5843302 1.8706687 1.8390865 0.6786562 0.6695024 0.7562204 0.7724661 0.6549643 0.0000000 
