8
Q9YMN4_NPVLD_22_478 0.0000000 0.9453957 0.7355833 0.9196462 1.1602505 0.9705876 1.5633201 1.7450230 
Q99GW9_9NUCL_2_461  0.9453957 0.0000000 0.6291113 0.8722092 1.1328883 0.9077723 1.5413382 1.5442902 
Q9J863_9NUCL_2_466  0.7355833 0.6291113 0.0000000 0.7169245 1.0390122 0.7491000 1.5032034 1.4962260 
Q9DHD8_NPVST_3_475  0.9196462 0.8722092 0.7169245 0.0000000 1.3516166 1.1155230 1.6519300 1.4918887 
LEF4_NPVOP_6_454    1.1602505 1.1328883 1.0390122 1.3516166 0.0000000 0.7301304 1.9425063 1.9586051 
LEF4_NPVAC_7_464    0.9705876 0.9077723 0.7491000 1.1155230 0.7301304 0.0000000 1.7652270 1.8621503 
Q9PYT3_GVXN_9_447   1.5633201 1.5413382 1.5032034 1.6519300 1.9425063 1.7652270 0.0000000 1.0571134 
Q9DVV5_9BACU_1_432  1.7450230 1.5442902 1.4962260 1.4918887 1.9586051 1.8621503 1.0571134 0.0000000 
