17
HPPK_BACSU_6_133     0.0000000 1.2569775 1.1168827 1.5501496 1.4635557 1.4700460 1.1613736 1.0663607 0.7255523 1.0095906 1.1892786 1.2111258 1.4611378 1.4281257 2.1056081 1.4833897 1.9187264 
HPPK_METEX_5_132     1.2569775 0.0000000 1.0391526 1.6497203 1.6627829 1.4868168 1.3982849 1.8545995 1.5902113 1.5098273 1.8931672 1.3481620 1.5578848 1.6503083 2.1191422 2.7289995 3.8829120 
SULD_STRPN_123_249   1.1168827 1.0391526 0.0000000 2.2658139 2.2879543 1.4479824 1.7334901 1.7227105 1.6020294 1.5818207 1.5727719 1.5400733 1.4782759 1.6160155 2.5396431 2.1959206 2.5213848 
HPPK_HAEIN_5_132     1.5501496 1.6497203 2.2658139 0.0000000 0.5415540 1.1951425 1.1817779 1.3656896 1.5830573 1.4713910 1.9649919 1.6301409 2.1378987 2.2087805 2.3244887 1.9842911 2.3562111 
HPPK_ECOLI_4_132     1.4635557 1.6627829 2.2879543 0.5415540 0.0000000 1.3403050 1.2747350 1.5898137 1.5788849 1.5228179 1.8424386 1.6469268 2.0680428 2.1951906 2.3072721 2.0606664 2.5750221 
HPPK_SYNY3_17_143    1.4700460 1.4868168 1.4479824 1.1951425 1.3403050 0.0000000 1.6138931 1.6542964 1.6337267 1.6183354 1.7591246 1.8679331 1.9068090 2.0826049 2.4949724 2.1043008 2.2057369 
O75013_SCHPO_252_378 1.1613736 1.3982849 1.7334901 1.1817779 1.2747350 1.6138931 0.0000000 1.0066874 0.7010552 1.1240540 1.8165589 1.4706480 1.9562112 1.9678739 2.3560916 1.6603398 1.8178613 
FAS_PNECA_297_422    1.0663607 1.8545995 1.7227105 1.3656896 1.5898137 1.6542964 1.0066874 0.0000000 0.7981390 1.1493358 1.0148901 1.5698092 1.9007995 2.1989518 2.2971485 1.3089850 2.1314342 
FAS_YEAST_301_434    0.7255523 1.5902113 1.6020294 1.5830573 1.5788849 1.6337267 0.7010552 0.7981390 0.0000000 1.0243436 1.2427941 1.4522984 2.0065529 1.9201768 2.3972392 1.3180342 1.5105576 
O04862_PEA_47_173    1.0095906 1.5098273 1.5818207 1.4713910 1.5228179 1.6183354 1.1240540 1.1493358 1.0243436 0.0000000 1.8100167 1.7909068 2.1314273 2.3654859 2.5454880 1.7402858 1.7042189 
HPPK_AQUAE_5_130     1.1892786 1.8931672 1.5727719 1.9649919 1.8424386 1.7591246 1.8165589 1.0148901 1.2427941 1.8100167 0.0000000 1.3783774 2.0825482 1.9355134 3.0626704 1.7602149 2.1986837 
HPPK_PORGI_5_135     1.2111258 1.3481620 1.5400733 1.6301409 1.6469268 1.8679331 1.4706480 1.5698092 1.4522984 1.7909068 1.3783774 0.0000000 1.6490548 1.6314767 2.6516329 2.1562496 2.7347833 
HPPK_MYCLE_5_139     1.4611378 1.5578848 1.4782759 2.1378987 2.0680428 1.9068090 1.9562112 1.9007995 2.0065529 2.1314273 2.0825482 1.6490548 0.0000000 0.4196466 2.3922288 3.3036333 3.4286673 
HPPK_MYCTU_5_138     1.4281257 1.6503083 1.6160155 2.2087805 2.1951906 2.0826049 1.9678739 2.1989518 1.9201768 2.3654859 1.9355134 1.6314767 0.4196466 0.0000000 2.5308224 2.9866105 3.2769825 
HPPK_HELPY_26_154    2.1056081 2.1191422 2.5396431 2.3244887 2.3072721 2.4949724 2.3560916 2.2971485 2.3972392 2.5454880 3.0626704 2.6516329 2.3922288 2.5308224 0.0000000 3.2931349 3.2106566 
FOLKP_CHLTR_8_140    1.4833897 2.7289995 2.1959206 1.9842911 2.0606664 2.1043008 1.6603398 1.3089850 1.3180342 1.7402858 1.7602149 2.1562496 3.3036333 2.9866105 3.2931349 0.0000000 0.8156443 
FOLKP_CHLPN_8_141    1.9187264 3.8829120 2.5213848 2.3562111 2.5750221 2.2057369 1.8178613 2.1314342 1.5105576 1.7042189 2.1986837 2.7347833 3.4286673 3.2769825 3.2106566 0.8156443 0.0000000 
