14
VU4_HHV6U_103_514     0.0000000 0.0179711 0.0179711 0.5889599 2.3531594 3.0621711 3.1339784 3.1339784 3.1253261 3.1253261 3.1679501 3.3089944 3.3006150 2.9799604 
Q9WT60_9BETA_103_514  0.0179711 0.0000000 0.0000010 0.5824196 2.3716483 3.0929789 3.1654571 3.1654571 3.1098820 3.1098820 3.1837551 3.3256308 3.3399532 3.0055109 
Q9QJ55_9BETA_103_514  0.0179711 0.0000010 0.0000000 0.5824196 2.3716483 3.0929789 3.1654571 3.1654571 3.1098820 3.1098820 3.1837551 3.3256308 3.3399532 3.0055109 
VU4_HHV7J_103_514     0.5889599 0.5824196 0.5824196 0.0000000 2.4720690 3.2465131 3.3029936 3.3029936 2.8440797 2.8440797 2.6326990 2.7814448 2.7730529 3.0332258 
Q91TR3_TUHV1_137_550  2.3531594 2.3716483 2.3716483 2.4720690 0.0000000 2.5201039 2.5156599 2.5156599 2.4078473 2.4078473 2.6404054 2.6156488 2.0327193 2.4786585 
VU5_HHV6U_2_425       3.0621711 3.0929789 3.0929789 3.2465131 2.5201039 0.0000000 0.0358116 0.0358116 0.6118840 0.6118840 3.1655295 3.0786871 2.6067381 2.7724373 
Q9WT59_9BETA_2_425    3.1339784 3.1654571 3.1654571 3.3029936 2.5156599 0.0358116 0.0000000 0.0000010 0.5473689 0.5473689 3.0421895 2.9709454 2.5204031 2.8398516 
Q9QJ54_9BETA_462_885  3.1339784 3.1654571 3.1654571 3.3029936 2.5156599 0.0358116 0.0000010 0.0000000 0.5473689 0.5473689 3.0421895 2.9709454 2.5204031 2.8398516 
O56270_9BETA_792_1213 3.1253261 3.1098820 3.1098820 2.8440797 2.4078473 0.6118840 0.5473689 0.5473689 0.0000000 0.0000010 2.9204073 2.8650788 2.0322897 2.5795255 
VU5_HHV7J_425_846     3.1253261 3.1098820 3.1098820 2.8440797 2.4078473 0.6118840 0.5473689 0.5473689 0.0000010 0.0000000 2.9204073 2.8650788 2.0322897 2.5795255 
Q8QS61_9BETA_165_636  3.1679501 3.1837551 3.1837551 2.6326990 2.6404054 3.1655295 3.0421895 3.0421895 2.9204073 2.9204073 0.0000000 0.1953065 1.7338897 2.1200218 
UL27_HCMVA_163_602    3.3089944 3.3256308 3.3256308 2.7814448 2.6156488 3.0786871 2.9709454 2.9709454 2.8650788 2.8650788 0.1953065 0.0000000 1.7235655 2.0069040 
Q91TS2_TUHV1_141_624  3.3006150 3.3399532 3.3399532 2.7730529 2.0327193 2.6067381 2.5204031 2.5204031 2.0322897 2.0322897 1.7338897 1.7235655 0.0000000 1.4481191 
Q9DWG2_RCMVM_88_561   2.9799604 3.0055109 3.0055109 3.0332258 2.4786585 2.7724373 2.8398516 2.8398516 2.5795255 2.5795255 2.1200218 2.0069040 1.4481191 0.0000000 
