15
Q9V7Q4_DROME_30_106  0.0000000 1.3069894 1.4883897 1.7210131 2.1853162 1.7602106 1.6382392 1.7771382 2.0367045 2.9975690 3.0671821 2.5662878 3.8033672 4.6690236 4.5726437 
Q9V7P9_DROME_38_108  1.3069894 0.0000000 1.3605224 1.5936224 1.9554893 1.5437335 1.6442166 2.0641923 2.3738612 2.6439534 2.5818719 2.4764026 3.2936132 3.3517396 2.2651241 
O96522_BLAGE_125_199 1.4883897 1.3605224 0.0000000 0.2515827 0.5911107 0.4084454 1.3777171 1.5565531 1.7811432 1.5783842 1.6812636 1.6345719 2.0644920 2.4218024 2.4076826 
Q9UAM5_BLAGE_40_114  1.7210131 1.5936224 0.2515827 0.0000000 0.5166357 0.3822170 1.3684172 1.3721986 1.5861570 1.5294591 1.6982075 1.6184334 2.0564262 2.5451011 2.5812226 
O18530_PERAM_28_102  2.1853162 1.9554893 0.5911107 0.5166357 0.0000000 0.4072387 1.7824660 1.6124989 1.3908663 1.9851931 2.0266239 1.7114415 1.8918017 2.5328684 2.8821202 
O18527_PERAM_307_381 1.7602106 1.5437335 0.4084454 0.3822170 0.4072387 0.0000000 1.2921466 1.5622173 1.6788471 1.8835120 2.0869637 1.8035872 1.9934218 3.0077459 2.6154067 
Q9V7Q1_DROME_82_156  1.6382392 1.6442166 1.3777171 1.3684172 1.7824660 1.2921466 0.0000000 1.7638372 1.8489994 2.9288184 2.9905109 2.7280116 3.0937503 3.3022359 3.4799401 
Q8T5C5_AEDAE_29_103  1.7771382 2.0641923 1.5565531 1.3721986 1.6124989 1.5622173 1.7638372 0.0000000 0.7021536 2.8472677 2.2847986 2.2136427 2.6287164 2.2721610 2.3410411 
G12_ANOGA_30_104     2.0367045 2.3738612 1.7811432 1.5861570 1.3908663 1.6788471 1.8489994 0.7021536 0.0000000 2.5315165 2.3450179 2.6093289 2.8238484 2.6895180 3.4375432 
Q9UAM5_BLAGE_332_406 2.9975690 2.6439534 1.5783842 1.5294591 1.9851931 1.8835120 2.9288184 2.8472677 2.5315165 0.0000000 0.2452378 0.3257129 0.4332460 1.1693249 1.5263906 
O18528_PERAM_7_81    3.0671821 2.5818719 1.6812636 1.6982075 2.0266239 2.0869637 2.9905109 2.2847986 2.3450179 0.2452378 0.0000000 0.2391105 0.3344835 0.9968233 1.5608646 
O96522_BLAGE_412_486 2.5662878 2.4764026 1.6345719 1.6184334 1.7114415 1.8035872 2.7280116 2.2136427 2.6093289 0.3257129 0.2391105 0.0000000 0.3160841 1.1481672 1.2734302 
O18527_PERAM_31_104  3.8033672 3.2936132 2.0644920 2.0564262 1.8918017 1.9934218 3.0937503 2.6287164 2.8238484 0.4332460 0.3344835 0.3160841 0.0000000 1.1480775 1.6393539 
Q8T5C5_AEDAE_126_200 4.6690236 3.3517396 2.4218024 2.5451011 2.5328684 3.0077459 3.3022359 2.2721610 2.6895180 1.1693249 0.9968233 1.1481672 1.1480775 0.0000000 0.8197938 
G12_ANOGA_132_206    4.5726437 2.2651241 2.4076826 2.5812226 2.8821202 2.6154067 3.4799401 2.3410411 3.4375432 1.5263906 1.5608646 1.2734302 1.6393539 0.8197938 0.0000000 
