7
Q9DGD1_CHICK_33_316  0.0000000 0.4831278 1.9572816 1.5074475 1.3723881 1.4854960 2.1902953 
Q9UIU5_HUMAN_49_330  0.4831278 0.0000000 1.9341500 1.5192804 1.4285545 1.5885285 1.9047584 
Q9D4R2_MOUSE_75_373  1.9572816 1.9341500 0.0000000 1.1123892 1.0820562 1.4555962 1.8084603 
O77836_BOVIN_74_380  1.5074475 1.5192804 1.1123892 0.0000000 0.3394538 0.8770882 1.4563460 
Q9UQ53_HUMAN_82_387  1.3723881 1.4285545 1.0820562 0.3394538 0.0000000 0.8719531 1.3669921 
Q9VUH4_DROME_104_412 1.4854960 1.5885285 1.4555962 0.8770882 0.8719531 0.0000000 1.2470443 
Q9VUH5_DROME_23_337  2.1902953 1.9047584 1.8084603 1.4563460 1.3669921 1.2470443 0.0000000 
