36
Q9CFH5_LACLA_195_700  0.0000000 0.5354638 0.9313255 1.0265465 1.7139011 1.5504592 1.4398181 1.6679082 1.3728365 1.5793770 1.5070845 1.3946866 1.7437525 1.8256478 1.8072114 1.6679835 1.2469159 1.2707604 1.1225921 1.1623087 1.0941758 1.2202405 1.2433064 1.5130444 1.6070782 1.5554684 1.6584582 1.9254016 1.8353497 1.6637334 1.9735537 1.9552610 1.9042316 1.7100622 1.8746085 1.8270658 
Q832K9_ENTFA_193_697  0.5354638 0.0000000 0.9954761 0.9941946 1.7078275 1.7216544 1.6055382 1.9967131 1.5609600 1.4995243 1.5142670 1.4685144 1.8491218 1.7347101 2.0649176 1.8040566 1.3833804 1.3934600 1.1831059 1.2918239 1.1882542 1.1616853 1.2154412 1.8419771 1.7154008 1.5568750 1.7655100 2.0425930 1.9768758 1.7503949 2.1698669 1.9808900 1.9555957 1.8138453 2.0298149 2.1952930 
Q8DN32_STRR6_192_692  0.9313255 0.9954761 0.0000000 1.1822659 1.8957860 1.9033704 1.9509381 2.1695552 1.8043325 2.0225603 1.7976085 1.8127696 2.2575350 2.0893347 1.9554089 1.9784488 1.6764504 1.5795319 1.4638873 1.6140144 1.4400575 1.5446918 1.4800959 1.6378347 1.8737018 1.7835187 1.8631890 2.1580612 2.0632310 2.1852536 2.1586646 2.0195254 2.2090621 1.7735631 2.2364538 2.1374387 
Q88S15_LACPL_204_709  1.0265465 0.9941946 1.1822659 0.0000000 1.8801778 1.8228523 1.6961768 1.7342676 1.6152061 1.9338401 1.6911398 1.5901268 2.0232265 2.0037532 1.9921236 1.9092877 1.5383364 1.4995944 1.3238636 1.5330047 1.4182933 1.4089946 1.4042317 1.8192788 1.8475019 1.8730684 1.8523141 1.9206635 1.8825570 1.6476154 2.1325498 1.9731933 2.0758733 1.8624268 2.1676251 2.2030975 
Q87AJ3_XYLFT_264_765  1.7139011 1.7078275 1.8957860 1.8801778 0.0000000 0.2424698 1.0616254 1.2191999 1.1549718 1.0268661 1.0892299 1.2021444 1.1247240 1.4957378 1.5702313 1.7965812 1.4282028 1.4208707 1.5443902 1.3352150 1.4256298 1.4902350 1.5003017 1.7348480 1.5211496 1.5715214 1.3230728 1.7411626 1.6993418 1.7698188 1.5707949 1.7772974 1.8415792 1.3869999 1.7096055 1.7950685 
Q8PI15_XANAC_263_764  1.5504592 1.7216544 1.9033704 1.8228523 0.2424698 0.0000000 0.9818964 1.0722464 1.0538102 1.0057619 0.9974868 1.0860306 1.0677956 1.3687840 1.3942514 1.6510278 1.2799483 1.4008369 1.3792259 1.2111511 1.2946705 1.3935362 1.3995360 1.5261105 1.3796701 1.4506281 1.3399295 1.6934484 1.5737666 1.5802838 1.4513407 1.6028537 1.7465299 1.3166699 1.6190373 1.8031063 
Q8A0M7_BACTN_232_732  1.4398181 1.6055382 1.9509381 1.6961768 1.0616254 0.9818964 0.0000000 0.8332313 0.7199218 0.9181882 0.8138169 0.7171912 0.8869438 1.1292630 1.2442753 1.4682653 1.3973561 1.0744043 0.9896532 1.0569789 1.1668484 1.0057404 1.1023897 1.2697679 1.2331359 1.2455138 1.3302382 1.4186680 1.4895721 1.2979475 1.4761060 1.5138594 1.7479620 1.4773752 1.5774162 1.6181384 
Q7MVX2_PORGI_237_736  1.6679082 1.9967131 2.1695552 1.7342676 1.2191999 1.0722464 0.8332313 0.0000000 1.0739005 1.1214971 1.1715456 1.0682771 1.2260768 1.2902552 1.4559569 1.7528650 1.4843733 1.2565682 1.3736329 1.4393314 1.4529826 1.3858214 1.2812999 1.4651341 1.5092016 1.6040143 1.6863078 1.5739262 1.5090125 1.5548192 1.4698476 1.5891035 2.1638886 1.6601737 1.8015996 1.8747573 
Q8A6K3_BACTN_239_733  1.3728365 1.5609600 1.8043325 1.6152061 1.1549718 1.0538102 0.7199218 1.0739005 0.0000000 0.8810294 0.7865085 0.8562315 0.9527582 1.1949374 1.2963407 1.4040364 1.2562803 1.1225422 1.0536724 1.0702488 1.1694957 1.2212364 1.1724278 1.0932059 1.2722528 1.2463510 1.3411060 1.6242436 1.5857928 1.4681767 1.4746781 1.8369647 1.8988421 1.4488809 1.7122935 1.5835511 
Q8PBN8_XANCP_266_764  1.5793770 1.4995243 2.0225603 1.9338401 1.0268661 1.0057619 0.9181882 1.1214971 0.8810294 0.0000000 0.8737412 1.0232791 1.2400973 1.1782383 1.4128567 1.5645297 1.3199669 1.1795024 1.2367318 1.1806014 1.1873404 1.3164448 1.0829597 1.3631423 1.4218058 1.4328914 1.4254677 1.3326853 1.2625936 1.5404890 1.3635079 1.5829687 1.7987953 1.3036801 1.6983176 1.7435227 
Q8A0Q8_BACTN_261_759  1.5070845 1.5142670 1.7976085 1.6911398 1.0892299 0.9974868 0.8138169 1.1715456 0.7865085 0.8737412 0.0000000 0.9351636 1.0127639 1.0098180 1.2207252 1.3940530 1.1035249 1.1802567 0.9924100 1.0898230 1.0249930 1.0708372 1.2362869 1.3124734 1.2699993 1.2364856 1.2214692 1.5813412 1.6355378 1.3953292 1.4465894 1.5203427 1.7345538 1.3599470 1.5626417 1.6573061 
Q8A325_BACTN_232_730  1.3946866 1.4685144 1.8127696 1.5901268 1.2021444 1.0860306 0.7171912 1.0682771 0.8562315 1.0232791 0.9351636 0.0000000 1.0004214 1.0354989 1.1882417 1.2824321 1.2448427 1.1716623 1.0697249 1.1769653 1.1172561 1.2200014 1.1164539 1.1401847 1.1404576 1.1467300 1.2063849 1.5858503 1.5599392 1.4194868 1.6918905 1.6452334 1.9259621 1.5170652 1.5023155 1.5218976 
Q8A193_BACTN_241_736  1.7437525 1.8491218 2.2575350 2.0232265 1.1247240 1.0677956 0.8869438 1.2260768 0.9527582 1.2400973 1.0127639 1.0004214 0.0000000 1.1986188 1.3050905 1.2982364 1.2600302 1.4157819 1.2261676 1.3487630 1.3627589 1.3128215 1.4511739 1.5029550 1.4233563 1.4403569 1.5485850 1.7582219 1.8196988 1.8675861 1.6642402 1.6768710 2.3314821 1.5371026 1.6576173 1.5384544 
Q8A0Q6_BACTN_225_726  1.8256478 1.7347101 2.0893347 2.0037532 1.4957378 1.3687840 1.1292630 1.2902552 1.1949374 1.1782383 1.0098180 1.0354989 1.1986188 0.0000000 1.5543576 1.7685580 1.5236275 1.4165996 1.3588111 1.4210738 1.2397467 1.3696501 1.5355110 1.4584704 1.5725433 1.5947396 1.6507620 1.8355379 1.7392017 1.9350660 1.8446606 1.9386492 2.4000074 1.8785264 1.7261174 1.6215616 
Q8A0E8_BACTN_286_772  1.8072114 2.0649176 1.9554089 1.9921236 1.5702313 1.3942514 1.2442753 1.4559569 1.2963407 1.4128567 1.2207252 1.1882417 1.3050905 1.5543576 0.0000000 1.3841754 1.4267077 1.4494432 1.5377418 1.4376560 1.4770000 1.5533400 1.2169173 1.6058988 1.4189067 1.3281618 1.4362589 1.6682922 1.6132508 1.4517250 1.5626432 1.6979725 1.9872922 1.6853954 1.4990288 1.7024984 
Q8A8Y5_BACTN_265_756  1.6679835 1.8040566 1.9784488 1.9092877 1.7965812 1.6510278 1.4682653 1.7528650 1.4040364 1.5645297 1.3940530 1.2824321 1.2982364 1.7685580 1.3841754 0.0000000 1.5880616 1.5390022 1.5154206 1.4428931 1.4387527 1.6152580 1.2779447 1.5086869 1.6641925 1.4114260 1.4396763 1.7355727 1.6194417 1.4955796 1.6346738 1.6965936 2.0954163 1.4715865 1.8481313 1.7460012 
Q8A0C9_BACTN_230_739  1.2469159 1.3833804 1.6764504 1.5383364 1.4282028 1.2799483 1.3973561 1.4843733 1.2562803 1.3199669 1.1035249 1.2448427 1.2600302 1.5236275 1.4267077 1.5880616 0.0000000 0.8825805 0.7804442 0.6763439 0.7477169 0.9458579 0.8761918 1.4616441 1.3548196 1.1790742 1.2284719 1.7353156 1.6250143 1.7249609 1.7856657 1.7350120 1.7784527 1.4272959 1.5277154 1.5016433 
Q9S3R1_PORGI_246_754  1.2707604 1.3934600 1.5795319 1.4995944 1.4208707 1.4008369 1.0744043 1.2565682 1.1225422 1.1795024 1.1802567 1.1716623 1.4157819 1.4165996 1.4494432 1.5390022 0.8825805 0.0000000 0.4783429 0.4496890 0.4925991 0.5892347 0.7059657 1.2683010 1.4608795 1.3124497 1.3981377 1.6421442 1.6130731 1.5999350 1.7028923 1.5975753 1.8233119 1.5780653 1.7736891 1.7167859 
Q8A1Y1_BACTN_229_740  1.1225921 1.1831059 1.4638873 1.3238636 1.5443902 1.3792259 0.9896532 1.3736329 1.0536724 1.2367318 0.9924100 1.0697249 1.2261676 1.3588111 1.5377418 1.5154206 0.7804442 0.4783429 0.0000000 0.3220357 0.3547800 0.2960147 0.6372612 1.2067259 1.3565345 1.3150714 1.4344653 1.6427430 1.6888285 1.5687652 1.7278598 1.5976709 1.7001899 1.4925250 1.6955876 1.6412113 
Q8A0N1_BACTN_226_737  1.1623087 1.2918239 1.6140144 1.5330047 1.3352150 1.2111511 1.0569789 1.4393314 1.0702488 1.1806014 1.0898230 1.1769653 1.3487630 1.4210738 1.4376560 1.4428931 0.6763439 0.4496890 0.3220357 0.0000000 0.3857227 0.4463324 0.5922433 1.3798921 1.4457422 1.3104899 1.3709304 1.6394597 1.5588002 1.6010645 1.6961497 1.6975729 1.8875118 1.5872218 1.5606068 1.7315568 
Q8A0Q9_BACTN_230_741  1.0941758 1.1882542 1.4400575 1.4182933 1.4256298 1.2946705 1.1668484 1.4529826 1.1694957 1.1873404 1.0249930 1.1172561 1.3627589 1.2397467 1.4770000 1.4387527 0.7477169 0.4925991 0.3547800 0.3857227 0.0000000 0.5080487 0.6730655 1.3920571 1.4234689 1.2553685 1.4678527 1.6769545 1.5371832 1.7580039 1.8611992 1.6962318 1.6976477 1.5039685 1.6566062 1.6432508 
Q8A182_BACTN_233_742  1.2202405 1.1616853 1.5446918 1.4089946 1.4902350 1.3935362 1.0057404 1.3858214 1.2212364 1.3164448 1.0708372 1.2200014 1.3128215 1.3696501 1.5533400 1.6152580 0.9458579 0.5892347 0.2960147 0.4463324 0.5080487 0.0000000 0.6991633 1.3893014 1.5819649 1.4777233 1.5860054 1.7447506 1.7790862 1.6724969 1.8489973 1.7943342 1.9485134 1.6523942 1.6771351 1.6152718 
Q8A5N9_BACTN_231_741  1.2433064 1.2154412 1.4800959 1.4042317 1.5003017 1.3995360 1.1023897 1.2812999 1.1724278 1.0829597 1.2362869 1.1164539 1.4511739 1.5355110 1.2169173 1.2779447 0.8761918 0.7059657 0.6372612 0.5922433 0.6730655 0.6991633 0.0000000 1.4263757 1.3103124 1.1749265 1.2295040 1.6949559 1.6869310 1.6904410 1.6796465 1.6677257 1.8434276 1.4068633 1.6123199 1.7277495 
Q8A3K6_BACTN_406_891  1.5130444 1.8419771 1.6378347 1.8192788 1.7348480 1.5261105 1.2697679 1.4651341 1.0932059 1.3631423 1.3124734 1.1401847 1.5029550 1.4584704 1.6058988 1.5086869 1.4616441 1.2683010 1.2067259 1.3798921 1.3920571 1.3893014 1.4263757 0.0000000 1.4364365 1.4438134 1.4987676 1.9155395 1.8164297 1.7801637 1.7479467 1.9663768 2.1325972 1.5348914 2.0321838 1.7259898 
Q8A113_BACTN_208_735  1.6070782 1.7154008 1.8737018 1.8475019 1.5211496 1.3796701 1.2331359 1.5092016 1.2722528 1.4218058 1.2699993 1.1404576 1.4233563 1.5725433 1.4189067 1.6641925 1.3548196 1.4608795 1.3565345 1.4457422 1.4234689 1.5819649 1.3103124 1.4364365 0.0000000 0.4541502 0.5308900 1.9208712 1.8655187 1.7214463 1.9377759 1.9516748 1.7751862 1.5217948 1.7496864 1.9982321 
Q8A6V7_BACTN_207_733  1.5554684 1.5568750 1.7835187 1.8730684 1.5715214 1.4506281 1.2455138 1.6040143 1.2463510 1.4328914 1.2364856 1.1467300 1.4403569 1.5947396 1.3281618 1.4114260 1.1790742 1.3124497 1.3150714 1.3104899 1.2553685 1.4777233 1.1749265 1.4438134 0.4541502 0.0000000 0.5782421 1.7625632 1.6816084 1.6145643 2.0491199 1.8143168 1.8253349 1.4096648 1.7407609 2.0256261 
Q7MU52_PORGI_207_734  1.6584582 1.7655100 1.8631890 1.8523141 1.3230728 1.3399295 1.3302382 1.6863078 1.3411060 1.4254677 1.2214692 1.2063849 1.5485850 1.6507620 1.4362589 1.4396763 1.2284719 1.3981377 1.4344653 1.3709304 1.4678527 1.5860054 1.2295040 1.4987676 0.5308900 0.5782421 0.0000000 1.8200081 1.8142813 1.7178273 1.7619828 1.8215842 1.9327383 1.4559809 1.6147076 1.9038629 
Q73SJ7_MYCPA_249_752  1.9254016 2.0425930 2.1580612 1.9206635 1.7411626 1.6934484 1.4186680 1.5739262 1.6242436 1.3326853 1.5813412 1.5858503 1.7582219 1.8355379 1.6682922 1.7355727 1.7353156 1.6421442 1.6427430 1.6394597 1.6769545 1.7447506 1.6949559 1.9155395 1.9208712 1.7625632 1.8200081 0.0000000 0.3103219 1.2132374 1.1975899 1.4188046 1.8958726 1.5305204 1.8033642 1.8302955 
O86365_MYCTU_250_753  1.8353497 1.9768758 2.0632310 1.8825570 1.6993418 1.5737666 1.4895721 1.5090125 1.5857928 1.2625936 1.6355378 1.5599392 1.8196988 1.7392017 1.6132508 1.6194417 1.6250143 1.6130731 1.6888285 1.5588002 1.5371832 1.7790862 1.6869310 1.8164297 1.8655187 1.6816084 1.8142813 0.3103219 0.0000000 1.2084091 1.2286231 1.4242880 1.7552227 1.4828908 1.8698797 1.7280948 
Q8A0C8_BACTN_225_703  1.6637334 1.7503949 2.1852536 1.6476154 1.7698188 1.5802838 1.2979475 1.5548192 1.4681767 1.5404890 1.3953292 1.4194868 1.8675861 1.9350660 1.4517250 1.4955796 1.7249609 1.5999350 1.5687652 1.6010645 1.7580039 1.6724969 1.6904410 1.7801637 1.7214463 1.6145643 1.7178273 1.2132374 1.2084091 0.0000000 1.4009087 1.4987585 1.9422049 1.4835399 1.8920138 2.0136045 
Q8P357_XANCP_261_801  1.9735537 2.1698669 2.1586646 2.1325498 1.5707949 1.4513407 1.4761060 1.4698476 1.4746781 1.3635079 1.4465894 1.6918905 1.6642402 1.8446606 1.5626432 1.6346738 1.7856657 1.7028923 1.7278598 1.6961497 1.8611992 1.8489973 1.6796465 1.7479467 1.9377759 2.0491199 1.7619828 1.1975899 1.2286231 1.4009087 0.0000000 1.0183204 1.7029455 1.6222987 1.9924391 1.8867014 
Q826D8_STRAW_239_762  1.9552610 1.9808900 2.0195254 1.9731933 1.7772974 1.6028537 1.5138594 1.5891035 1.8369647 1.5829687 1.5203427 1.6452334 1.6768710 1.9386492 1.6979725 1.6965936 1.7350120 1.5975753 1.5976709 1.6975729 1.6962318 1.7943342 1.6677257 1.9663768 1.9516748 1.8143168 1.8215842 1.4188046 1.4242880 1.4987585 1.0183204 0.0000000 1.9566382 1.5718075 1.9155102 1.7727169 
Q9AAM3_CAUCR_247_731  1.9042316 1.9555957 2.2090621 2.0758733 1.8415792 1.7465299 1.7479620 2.1638886 1.8988421 1.7987953 1.7345538 1.9259621 2.3314821 2.4000074 1.9872922 2.0954163 1.7784527 1.8233119 1.7001899 1.8875118 1.6976477 1.9485134 1.8434276 2.1325972 1.7751862 1.8253349 1.9327383 1.8958726 1.7552227 1.9422049 1.7029455 1.9566382 0.0000000 1.2601271 2.0997696 2.0975196 
Q9AAR3_CAUCR_274_756  1.7100622 1.8138453 1.7735631 1.8624268 1.3869999 1.3166699 1.4773752 1.6601737 1.4488809 1.3036801 1.3599470 1.5170652 1.5371026 1.8785264 1.6853954 1.4715865 1.4272959 1.5780653 1.4925250 1.5872218 1.5039685 1.6523942 1.4068633 1.5348914 1.5217948 1.4096648 1.4559809 1.5305204 1.4828908 1.4835399 1.6222987 1.5718075 1.2601271 0.0000000 1.7437234 1.7070241 
Q8A5X5_BACTN_522_1035 1.8746085 2.0298149 2.2364538 2.1676251 1.7096055 1.6190373 1.5774162 1.8015996 1.7122935 1.6983176 1.5626417 1.5023155 1.6576173 1.7261174 1.4990288 1.8481313 1.5277154 1.7736891 1.6955876 1.5606068 1.6566062 1.6771351 1.6123199 2.0321838 1.7496864 1.7407609 1.6147076 1.8033642 1.8698797 1.8920138 1.9924391 1.9155102 2.0997696 1.7437234 0.0000000 1.0420683 
Q8A5Y1_BACTN_518_1041 1.8270658 2.1952930 2.1374387 2.2030975 1.7950685 1.8031063 1.6181384 1.8747573 1.5835511 1.7435227 1.6573061 1.5218976 1.5384544 1.6215616 1.7024984 1.7460012 1.5016433 1.7167859 1.6412113 1.7315568 1.6432508 1.6152718 1.7277495 1.7259898 1.9982321 2.0256261 1.9038629 1.8302955 1.7280948 2.0136045 1.8867014 1.7727169 2.0975196 1.7070241 1.0420683 0.0000000 
