8
OBP_VZVD_12_828     0.0000000 0.9375365 0.9729389 0.7898468 0.9176520 0.9098338 2.9218216 3.0369165 
Q85043_PRVKA_18_836 0.9375365 0.0000000 0.5807445 0.5650495 0.7907289 0.8656432 3.4858273 3.3603695 
OBP_BHV1C_28_852    0.9729389 0.5807445 0.0000000 0.5544677 0.7922314 0.8130321 3.1594689 3.1616827 
OBP_EHV1B_51_880    0.7898468 0.5650495 0.5544677 0.0000000 0.6256326 0.7501390 2.8317168 2.9478603 
OBP_HHV11_26_844    0.9176520 0.7907289 0.7922314 0.6256326 0.0000000 0.8398779 2.7309475 2.8721096 
Q67632_9ALPH_3_834  0.9098338 0.8656432 0.8130321 0.7501390 0.8398779 0.0000000 2.8059367 3.0217515 
OBP_HHV7J_3_781     2.9218216 3.4858273 3.1594689 2.8317168 2.7309475 2.8059367 0.0000000 0.7128382 
OBP_HHV6U_3_780     3.0369165 3.3603695 3.1616827 2.9478603 2.8721096 3.0217515 0.7128382 0.0000000 
