17
ITB7_MOUSE_50_476  0.0000000 0.0907594 0.7612766 0.7742585 0.7818914 0.8997637 0.8937400 0.9218172 0.9188790 0.9321580 0.8872971 1.3831447 1.4874095 1.4433342 1.8612932 1.8249905 1.9627430 
ITB7_HUMAN_50_476  0.0907594 0.0000000 0.7385303 0.7641604 0.7541715 0.8771640 0.8817792 0.9028640 0.8999393 0.9063043 0.8839197 1.3569845 1.4715296 1.3815567 1.9217958 1.8757790 1.9818507 
ITB2_MOUSE_33_448  0.7612766 0.7385303 0.0000000 0.0878597 0.0846874 0.8165517 0.8102649 0.8680700 0.8652659 0.8584189 0.7874963 1.3372987 1.4591410 1.3744133 1.7942651 1.7674979 1.8885222 
ITB2_BOVIN_32_447  0.7742585 0.7641604 0.0878597 0.0000000 0.0860062 0.8438688 0.8443132 0.9076190 0.9047069 0.8943177 0.8301635 1.4280100 1.5092569 1.4290952 1.7863015 1.7634192 1.8585531 
ITB2_HUMAN_32_447  0.7818914 0.7541715 0.0846874 0.0860062 0.0000000 0.8777140 0.8655238 0.9213717 0.9218009 0.8977439 0.8443087 1.3877332 1.5313126 1.4514978 1.7910502 1.7731022 1.8605478 
ITB1A_XENLA_35_464 0.8997637 0.8771640 0.8165517 0.8438688 0.8777140 0.0000000 0.0247455 0.1803900 0.1798279 0.1688710 0.1351192 1.2594787 1.2686400 1.2114607 1.5735024 1.5269036 1.9361696 
ITB1B_XENLA_35_464 0.8937400 0.8817792 0.8102649 0.8443132 0.8655238 0.0247455 0.0000000 0.1739379 0.1733989 0.1692326 0.1358982 1.2502820 1.2675210 1.2153908 1.5749029 1.5281158 1.8666511 
ITB1_MOUSE_34_464  0.9218172 0.9028640 0.8680700 0.9076190 0.9213717 0.1803900 0.1739379 0.0000000 0.0026977 0.0536699 0.1348893 1.2001807 1.2367056 1.2377037 1.5420073 1.5069015 1.8581658 
ITB1_RAT_34_465    0.9188790 0.8999393 0.8652659 0.9047069 0.9218009 0.1798279 0.1733989 0.0026977 0.0000000 0.0535126 0.1344602 1.2006419 1.2358713 1.2471214 1.5402176 1.5025197 1.8741250 
ITB1_HUMAN_34_464  0.9321580 0.9063043 0.8584189 0.8943177 0.8977439 0.1688710 0.1692326 0.0536699 0.0535126 0.0000000 0.1349613 1.1758317 1.2529222 1.2100400 1.5193509 1.4791485 1.8933556 
ITB1_CHICK_38_469  0.8872971 0.8839197 0.7874963 0.8301635 0.8443087 0.1351192 0.1358982 0.1348893 0.1344602 0.1349613 0.0000000 1.2030730 1.2763251 1.2256712 1.4673965 1.4453205 1.8699711 
ITB3_HUMAN_38_461  1.3831447 1.3569845 1.3372987 1.4280100 1.3877332 1.2594787 1.2502820 1.2001807 1.2006419 1.1758317 1.2030730 0.0000000 0.6750084 0.9125863 1.5163380 1.5573190 2.0750108 
ITB5_HUMAN_35_463  1.4874095 1.4715296 1.4591410 1.5092569 1.5313126 1.2686400 1.2675210 1.2367056 1.2358713 1.2529222 1.2763251 0.6750084 0.0000000 0.9493647 1.5154408 1.5970579 1.9622111 
ITB6_HUMAN_30_454  1.4433342 1.3815567 1.3744133 1.4290952 1.4514978 1.2114607 1.2153908 1.2377037 1.2471214 1.2100400 1.2256712 0.9125863 0.9493647 0.0000000 1.3941800 1.4045848 1.9562037 
ITB8_HUMAN_54_469  1.8612932 1.9217958 1.7942651 1.7863015 1.7910502 1.5735024 1.5749029 1.5420073 1.5402176 1.5193509 1.4673965 1.5163380 1.5154408 1.3941800 0.0000000 0.0561334 2.4597021 
ITB8_RABIT_54_469  1.8249905 1.8757790 1.7674979 1.7634192 1.7731022 1.5269036 1.5281158 1.5069015 1.5025197 1.4791485 1.4453205 1.5573190 1.5970579 1.4045848 0.0561334 0.0000000 2.4676947 
ITB4_HUMAN_37_455  1.9627430 1.9818507 1.8885222 1.8585531 1.8605478 1.9361696 1.8666511 1.8581658 1.8741250 1.8933556 1.8699711 2.0750108 1.9622111 1.9562037 2.4597021 2.4676947 0.0000000 
