8
Q9IMT0_9LUTE_13_217 0.0000000 2.1035424 2.3371754 1.8676502 1.9705811 2.5545386 1.9977583 3.1578894 
Q65967_9LUTE_10_207 2.1035424 0.0000000 0.7623770 0.8777040 2.3477163 3.0051688 2.9305212 4.4400669 
Q8JZ12_9LUTE_10_207 2.3371754 0.7623770 0.0000000 0.6968130 1.7098072 2.3834653 3.0336778 3.2998538 
Q9IMU1_9LUTE_10_208 1.8676502 0.8777040 0.6968130 0.0000000 1.4074145 2.3748995 2.5086306 3.6862061 
Q9WIB5_9LUTE_12_218 1.9705811 2.3477163 1.7098072 1.4074145 0.0000000 2.1177139 1.8724238 2.4939603 
Q89458_9LUTE_2_229  2.5545386 3.0051688 2.3834653 2.3748995 2.1177139 0.0000000 1.7544844 2.3961422 
Q9IZF7_9LUTE_2_219  1.9977583 2.9305212 3.0336778 2.5086306 1.8724238 1.7544844 0.0000000 2.4164345 
Q8UYD3_PLRV_2_219   3.1578894 4.4400669 3.2998538 3.6862061 2.4939603 2.3961422 2.4164345 0.0000000 
