8
Q8S198_ORYSA_120_361 0.0000000 0.8235845 1.0779409 1.0285500 0.8192611 1.1197138 1.0077169 1.5473248 
Q8RY19_ARATH_91_334  0.8235845 0.0000000 1.3184011 0.9309497 0.8358458 0.9214051 0.8421625 1.7703100 
Q9M332_ARATH_48_289  1.0779409 1.3184011 0.0000000 0.8378315 0.8183945 0.8586398 0.8211551 1.3821403 
Q9M9S1_ARATH_55_299  1.0285500 0.9309497 0.8378315 0.0000000 0.4189400 0.5668218 0.5904963 1.3721556 
Q9SVX6_ARATH_49_293  0.8192611 0.8358458 0.8183945 0.4189400 0.0000000 0.5067950 0.5166897 1.1399309 
Q9FXI8_ARATH_1_243   1.1197138 0.9214051 0.8586398 0.5668218 0.5067950 0.0000000 0.2761577 1.3780951 
Q9LR03_ARATH_49_286  1.0077169 0.8421625 0.8211551 0.5904963 0.5166897 0.2761577 0.0000000 1.5989756 
Q01772_PHACH_40_282  1.5473248 1.7703100 1.3821403 1.3721556 1.1399309 1.3780951 1.5989756 0.0000000 
