11
O40929_HHV8_1_334  0.0000000 1.0710266 1.3686160 1.1160070 1.1351632 1.0954446 1.3231741 1.3088823 1.6215078 3.4136534 3.6628569 
Q9WRR9_9GAMA_1_336 1.0710266 0.0000000 1.2312621 1.2675988 1.1876874 1.1252754 1.1663970 1.3872802 1.5104012 3.0051629 3.0812508 
Q66636_9GAMA_1_341 1.3686160 1.2312621 0.0000000 0.9889410 1.1020309 1.0876597 1.1512524 1.4141293 1.5793134 3.5374741 3.7097360 
Q9WI10_BHV4_1_332  1.1160070 1.2675988 0.9889410 0.0000000 0.7250209 0.7025305 0.9377430 1.4054931 1.2619158 3.2168102 3.4902618 
Q9YTN3_ATHV3_1_330 1.1351632 1.1876874 1.1020309 0.7250209 0.0000000 0.1636469 0.9654781 1.1667765 1.4257324 2.8216846 3.1771407 
UL16_SHV21_1_330   1.0954446 1.1252754 1.0876597 0.7025305 0.1636469 0.0000000 0.9322021 1.2152214 1.4228131 2.6971311 3.3172100 
UL16_EBV_1_336     1.3231741 1.1663970 1.1512524 0.9377430 0.9654781 0.9322021 0.0000000 1.4004375 1.2692871 2.9639936 3.3147115 
O41949_MHV68_1_327 1.3088823 1.3872802 1.4141293 1.4054931 1.1667765 1.2152214 1.4004375 0.0000000 1.7764371 3.1936974 3.6793074 
O36382_9GAMA_1_335 1.6215078 1.5104012 1.5793134 1.2619158 1.4257324 1.4228131 1.2692871 1.7764371 0.0000000 3.5854586 3.3522325 
Q65569_9ALPH_1_334 3.4136534 3.0051629 3.5374741 3.2168102 2.8216846 2.6971311 2.9639936 3.1936974 3.5854586 0.0000000 0.8912223 
UL16_EHV1B_16_358  3.6628569 3.0812508 3.7097360 3.4902618 3.1771407 3.3172100 3.3147115 3.6793074 3.3522325 0.8912223 0.0000000 
