11
VG46_HAEIN_26_133   0.0000000 1.3900160 1.3604588 1.5283713 2.0180216 1.6338586 1.7575323 2.1025338 1.7276462 1.5859435 1.8574339 
VG46_BPMU_26_142    1.3900160 0.0000000 1.0097428 1.6710577 1.4751954 1.4681047 1.6505573 1.6681504 1.1227930 2.3348694 1.6815323 
Q8X2X8_ECO57_26_142 1.3604588 1.0097428 0.0000000 1.6017350 1.5071168 1.3055129 1.6759801 1.8792525 1.4685598 2.4725878 1.6027031 
Q8EDP2_SHEON_25_145 1.5283713 1.6710577 1.6017350 0.0000000 1.6898442 1.6834146 1.6994485 2.7601098 1.7764868 2.3820013 2.8544383 
Q8ZGN8_YERPE_29_143 2.0180216 1.4751954 1.5071168 1.6898442 0.0000000 1.3312831 1.5386493 1.8693643 1.6449323 2.9668723 2.0346876 
Q8W616_9CAUD_17_132 1.6338586 1.4681047 1.3055129 1.6834146 1.3312831 0.0000000 0.3614092 0.6903108 1.1248608 2.8583436 2.0234341 
Q8HAB8_9CAUD_17_132 1.7575323 1.6505573 1.6759801 1.6994485 1.5386493 0.3614092 0.0000000 0.7587678 0.9649465 3.2464611 2.4167788 
Q8SBG5_BPSF5_19_133 2.1025338 1.6681504 1.8792525 2.7601098 1.8693643 0.6903108 0.7587678 0.0000000 1.3791246 4.5690707 3.1930467 
Q88G64_PSEPK_5_122  1.7276462 1.1227930 1.4685598 1.7764868 1.6449323 1.1248608 0.9649465 1.3791246 0.0000000 2.7988824 2.2535416 
Q9JRB1_NEIMA_19_115 1.5859435 2.3348694 2.4725878 2.3820013 2.9668723 2.8583436 3.2464611 4.5690707 2.7988824 0.0000000 0.9069906 
Q9JUG6_NEIMA_18_112 1.8574339 1.6815323 1.6027031 2.8544383 2.0346876 2.0234341 2.4167788 3.1930467 2.2535416 0.9069906 0.0000000 
