96
Q79VE3_CORGL_105_390 0.0000000 0.3252406 0.2791460 0.2567988 0.4189881 0.4150583 0.4747871 0.4109706 0.7134268 0.5525823 0.4839351 0.5295049 0.6053203 0.6250359 0.5788352 0.6081044 0.5558417 0.4864772 0.5262090 0.7335497 0.6008463 0.5014238 0.5368670 0.5666418 0.6084630 0.5730182 0.5892522 0.6315465 0.6986585 0.8797251 0.7271071 0.6126559 0.6576129 0.7115555 0.6343276 0.8407878 0.6906756 0.8292432 0.7326320 0.7249016 0.6087410 0.8923621 0.8050526 0.6565482 0.8734251 0.9014489 1.0812898 1.0289407 1.0197414 0.8335480 0.7843447 1.5444221 1.4081029 1.7724571 1.3034442 1.7520566 1.9971461 2.0185705 2.0421309 1.8284931 1.8766457 1.4939113 2.1698035 1.8831755 1.4455647 1.6386230 1.3818499 1.4036243 1.4410740 1.5180890 1.8187727 1.6878685 1.3749128 1.5346137 1.9324528 2.2122573 1.5037692 1.6379414 2.2578282 2.4404970 3.4734517 3.1279763 3.2968695 3.4166141 3.3752945 3.5459454 3.1599127 3.4726225 3.4271731 3.4659914 2.5794832 3.4484744 3.1553167 2.8116082 3.6729576 3.9847114 
GLNA1_STRFL_101_382  0.3252406 0.0000000 0.2215807 0.2807775 0.2850974 0.3946009 0.4122551 0.4192159 0.5247569 0.4907821 0.5075860 0.4467733 0.5408746 0.5025107 0.4862872 0.4070952 0.5592395 0.4544526 0.3943859 0.5560948 0.4805205 0.4050603 0.4401237 0.4668254 0.6018562 0.5377758 0.5144244 0.5802880 0.7322678 0.9849564 0.7899017 0.7629803 0.8388166 0.8776102 0.7824435 0.9169661 0.7388030 0.9393646 0.8234448 0.8208137 0.7170809 0.9520495 0.9558190 0.6031875 0.9292931 0.8775701 1.0195169 1.1076908 1.1048999 0.9928875 0.6676625 1.5907193 1.4097016 2.1407060 1.3687422 1.7925332 1.8180392 1.7892154 1.8966080 1.4335606 1.7181262 1.5110003 2.0341090 1.9919486 1.4928076 1.5767770 1.3264548 1.1640903 1.2359471 1.5081857 1.7314587 1.7026823 1.6334268 1.7031474 1.8574406 2.2769794 1.7460267 1.5450126 1.9930180 2.8273749 3.5371402 3.4942223 3.6412927 3.4394048 3.1505679 3.2221516 2.8357810 3.2277397 3.1680463 3.3490200 2.5411106 3.7585733 3.6952863 3.3634974 4.4504072 3.9099313 
O85177_AMYMD_104_387 0.2791460 0.2215807 0.0000000 0.2627088 0.3636719 0.4581858 0.5293600 0.5193833 0.6568071 0.5300837 0.4548461 0.4846594 0.5382161 0.5796331 0.5465291 0.5456431 0.6440024 0.5409079 0.4161837 0.5974974 0.4759819 0.4972632 0.4936873 0.5254734 0.6496499 0.6761996 0.5200141 0.6875487 0.8880057 1.1034881 0.9166902 0.8494324 0.9367278 0.9785992 0.8293002 1.0337271 0.9276944 1.0714944 0.9041480 0.9131012 0.8544913 0.9883473 0.9951427 0.7575444 0.9649622 1.0920983 1.1975545 1.2071489 1.2563192 1.0480468 0.7758006 1.7337163 1.4732695 2.1853619 1.6373380 1.9674549 2.1270753 2.1621243 2.1786809 1.7343273 2.1090909 1.7246627 2.3047356 2.2630792 1.8869681 1.9427084 1.6633350 1.4381292 1.6145439 1.6775253 1.8947595 1.9424089 1.7060951 2.0122892 2.3731409 2.9473830 2.0415430 1.9776746 2.0340734 3.3521404 3.6292082 3.5643476 3.3953772 3.4502786 3.5574104 3.3045057 3.0660036 3.4744002 3.3720089 3.7725082 2.6050885 3.6744985 3.6171112 3.2950340 4.2299862 4.0905042 
GLNA1_MYCTU_105_391  0.2567988 0.2807775 0.2627088 0.0000000 0.3034079 0.4476741 0.3643809 0.3855333 0.6893247 0.4823547 0.4922418 0.4411042 0.5098029 0.5043972 0.4511813 0.5950821 0.5979694 0.5256511 0.5419927 0.7261109 0.6056077 0.5093102 0.5587115 0.5316784 0.6181054 0.5971259 0.5659478 0.7007731 0.8505661 1.0105764 0.8444009 0.7974948 0.8156747 0.8554543 0.7839655 0.9020271 0.8450810 0.9745362 0.8776292 0.7335537 0.7004772 0.8520187 0.9212359 0.7973695 0.9811022 0.9180977 1.1133237 1.1236589 1.1438618 0.9645501 0.7737214 1.6420596 1.5264443 1.9417460 1.5664381 1.9285389 2.1487347 1.9653709 1.9708764 1.7344924 2.0242549 1.6439940 2.2348594 2.0966342 1.6098428 1.7995479 1.6141552 1.3647765 1.3277497 1.5096812 1.6865091 1.6995295 1.6038627 1.5411701 1.9968943 2.4335697 1.9994958 1.8992421 2.0833213 3.2275458 3.4195097 3.1029362 3.3005261 3.2086502 2.8928638 3.2111118 3.1963838 3.3080356 3.5246789 3.4903651 2.3611362 3.2617134 3.4727996 2.7780284 3.6821908 3.8230032 
GLNA1_FRAAL_104_387  0.4189881 0.2850974 0.3636719 0.3034079 0.0000000 0.3868639 0.3284606 0.3374034 0.4686915 0.3400853 0.4064634 0.3183296 0.3617875 0.4101848 0.4088826 0.4432474 0.4908094 0.4553741 0.3777517 0.5211804 0.4968968 0.3709545 0.4249668 0.4291196 0.5832452 0.5360554 0.5359712 0.6496337 0.8294860 1.0109036 0.8211868 0.8072358 0.8823188 0.8795241 0.8361435 0.8859789 0.7901071 0.9079001 0.8205115 0.8798658 0.7166189 0.9176829 0.8897999 0.6894184 1.0519436 1.0335916 1.1309029 1.0689772 1.1603005 0.9896963 0.7537922 1.7322709 1.4678414 2.0169868 1.6274368 2.0434725 1.8911540 2.1536911 2.1469874 1.7367215 1.8889117 1.8100951 2.2785288 2.3944044 1.5396984 1.6271348 1.4342308 1.2556955 1.3629881 1.4802020 1.9659019 1.8012996 1.6341523 1.6070715 1.8669600 2.0519961 1.6491124 1.7131999 1.7523471 3.0547101 3.7284755 3.7626953 4.0803325 3.1475352 3.1080362 3.1919059 3.0920421 3.4112315 3.4495208 3.7193794 2.6119050 3.5597270 4.0050483 2.7774459 4.3371552 4.2532765 
O31044_SYNPW_104_387 0.4150583 0.3946009 0.4581858 0.4476741 0.3868639 0.0000000 0.3036109 0.2795269 0.5423040 0.4520333 0.3440708 0.3832821 0.4116877 0.4333691 0.4805302 0.5743735 0.5907910 0.3539212 0.4623980 0.5633414 0.4594110 0.4619595 0.4894900 0.4618063 0.5680119 0.6123295 0.5576490 0.6112424 0.8938223 1.0913537 0.9193179 0.7468455 0.8980446 0.8654340 0.7579985 0.7511337 0.7954025 0.8124146 0.7619767 0.8320239 0.6927816 0.9655926 0.8860592 0.7895064 0.9959901 1.1170272 1.1404307 1.0575920 1.0822161 0.9637493 0.8361287 1.4579602 1.4312991 1.9750306 1.4448877 1.8576687 1.8610138 1.9055596 1.8659392 1.6355388 1.8225635 1.8474390 2.3009647 1.9520521 1.5982785 1.7094248 1.4408888 1.4109389 1.4888031 1.5793875 2.0095230 1.8303798 1.5589632 2.0389265 1.9142032 2.3407079 1.5407020 1.5646101 2.1664602 2.4737004 3.2284830 3.4193460 3.8639768 3.0889993 2.9384525 3.2169275 2.7720788 3.2556314 3.0440510 3.2724850 2.5304865 3.0808661 3.5757975 2.9907359 4.0828692 4.2369418 
GLNA_ANASP_102_386   0.4747871 0.4122551 0.5293600 0.3643809 0.3284606 0.3036109 0.0000000 0.0889712 0.4814577 0.4071548 0.3972996 0.3818170 0.3774602 0.4020333 0.3702463 0.5001978 0.4772408 0.4101929 0.3961840 0.5287578 0.4502618 0.3475198 0.4143671 0.3703086 0.6301339 0.5754638 0.5672566 0.5457942 0.8250120 0.9055389 0.7067482 0.7150513 0.7986368 0.7797293 0.6706268 0.6519941 0.7014662 0.8168082 0.7966798 0.7138305 0.5069060 0.6738743 0.7843091 0.7806356 1.0468059 0.8027080 1.0991857 1.0080291 1.0235196 0.9940894 0.7486096 1.4569694 1.4665811 1.9361300 1.4705049 1.9189487 1.9477468 1.7375939 1.7126704 1.6318897 1.8118647 1.6377230 2.0678679 2.0373357 1.4974592 1.6504217 1.4634766 1.3675399 1.2156886 1.3704532 1.6307950 1.5429072 1.3729142 1.6559637 1.6972906 2.3651748 1.5720430 1.6945287 1.7693932 2.6505436 2.6240634 2.7674666 3.4238941 2.4628409 2.4405328 2.7235893 2.4985413 2.8449994 2.6762501 2.6100426 2.2204207 2.8368600 3.0822799 2.3552819 3.9712683 4.5390267 
GLNA_SYNP2_104_386   0.4109706 0.4192159 0.5193833 0.3855333 0.3374034 0.2795269 0.0889712 0.0000000 0.5678311 0.3681661 0.3769846 0.3976069 0.4583904 0.4483655 0.4535059 0.4665546 0.4903996 0.4263825 0.4248576 0.5774875 0.4800191 0.4340113 0.4151099 0.4649677 0.6264421 0.5764827 0.6230575 0.5170828 0.7707070 0.9176298 0.7430983 0.6325810 0.7246263 0.7423237 0.6019078 0.7001433 0.6974674 0.8297787 0.7872642 0.6786930 0.5489028 0.6928522 0.7801051 0.8080609 0.9135042 0.9032737 1.1117483 0.9208143 0.9351546 0.8901982 0.7130234 1.4830410 1.4383244 1.9048748 1.5648816 1.8865886 1.8742785 1.7784465 1.7018143 1.6556766 1.7592651 1.6289560 1.9863924 2.0408712 1.5243559 1.6793725 1.4977170 1.4361566 1.2679252 1.5609807 1.6809310 1.6667380 1.4427284 1.6184973 1.7013896 2.3297947 1.4954018 1.6125021 1.7687471 2.3466493 2.6710774 2.7927113 3.5566344 2.6467868 2.5440052 2.8517679 2.6053836 3.0253238 2.7897237 2.8280541 2.2558595 2.8421122 3.0893487 2.4111021 4.1044927 4.5034022 
GLNA_AQUAE_105_383   0.7134268 0.5247569 0.6568071 0.6893247 0.4686915 0.5423040 0.4814577 0.5678311 0.0000000 0.5859075 0.4892112 0.5047149 0.4705190 0.5314721 0.4377828 0.6524163 0.6827975 0.5866612 0.4358492 0.6103550 0.5998249 0.4278216 0.5175046 0.4654672 0.6254430 0.7144928 0.6360961 0.6312800 0.9960719 0.8953521 0.7824728 0.7638662 0.9592162 0.8742929 0.9246079 0.9003047 0.8821888 0.8787755 0.7765522 1.0152758 0.8848964 1.0645879 0.9904133 0.6544593 1.0890982 0.9899084 1.0032750 1.3306450 1.3904131 1.2567543 0.7049814 1.5525887 1.8691245 2.8737787 1.6335168 1.8275882 1.9956883 1.9642498 1.9406029 1.7450164 1.8767178 1.7034658 2.3438324 1.8261879 1.5006011 1.5815341 1.5630266 1.3704637 1.4697648 1.9205573 1.8565947 1.8254415 1.5461687 1.7721126 1.7090519 2.6433049 1.7104318 1.7009665 2.0358729 2.9751247 2.8698571 3.8009564 4.2071440 3.2355855 3.2524327 3.2838007 2.9303633 3.2935942 3.0942073 3.0588528 2.7199180 3.5221613 4.1014105 2.7162379 4.3024284 4.5690104 
GLNA_RHOCA_103_382   0.5525823 0.4907821 0.5300837 0.4823547 0.3400853 0.4520333 0.4071548 0.3681661 0.5859075 0.0000000 0.2739313 0.2167258 0.3263456 0.3854031 0.3526663 0.4975019 0.4668449 0.3739076 0.3117137 0.5240965 0.3940557 0.3032871 0.2945092 0.3977605 0.5842532 0.5322303 0.7499224 0.6202482 0.8112211 1.0067513 0.8263341 0.7758800 0.8516169 0.9011338 0.8327025 0.9259461 0.8148107 0.9242825 0.8123732 0.9566147 0.8213713 0.9650157 0.9756477 0.8033714 1.1385308 1.0784254 1.1988429 1.0543190 1.1907846 1.1112825 0.8033336 1.6899910 1.4147039 2.2831180 1.8399162 1.8739939 2.3953020 2.0837639 1.9951134 1.8730905 2.2487496 1.9962790 2.2078888 2.1944571 1.7476549 1.7898854 1.5839852 1.4754148 1.5006531 1.8536786 2.1511004 1.9459793 1.8204181 1.9149409 1.9749155 2.4868150 2.0054054 2.2499178 1.7570257 3.1509706 3.5074698 3.4334783 4.0346370 2.9122825 3.4109545 3.1077023 2.8691230 3.2364822 2.9968691 3.3937355 2.4952565 3.1774502 3.4965999 2.5401697 5.1265119 5.1223718 
Q53045_RHORU_103_383 0.4839351 0.5075860 0.4548461 0.4922418 0.4064634 0.3440708 0.3972996 0.3769846 0.4892112 0.2739313 0.0000000 0.1270590 0.1707446 0.2628329 0.2982419 0.4857931 0.4928259 0.3568948 0.2900071 0.4708674 0.3263260 0.2919722 0.3117679 0.3646701 0.4284058 0.3992871 0.7999355 0.7814925 0.8260979 1.0430726 0.8609283 0.7009053 0.7613873 0.8158865 0.7234443 0.7855148 0.8326472 0.8799672 0.7706022 0.9625166 0.8384703 0.9471584 0.8415291 0.8327756 1.0598180 1.1921362 1.2407430 1.1144906 1.1822103 1.0736696 0.8581924 1.7797604 1.5633012 2.2455460 1.6274769 1.8539956 1.7430103 1.8891102 1.8916392 1.6769621 1.8666743 2.1172523 2.4876475 2.0344285 1.9298855 2.0553148 1.8506459 1.6524976 1.8009029 1.7294861 2.0467045 1.9824680 1.6476612 2.1498597 2.1127573 2.5032496 1.8336454 1.9101961 1.8580802 2.7618080 2.9276515 3.2242356 3.6915060 2.5045114 2.8433212 2.8965063 2.4297125 2.8028131 2.4014036 2.9764663 2.3607641 2.5171508 3.0886757 2.4952416 3.9191100 4.2982124 
GLNA_AZOBR_103_383   0.5295049 0.4467733 0.4846594 0.4411042 0.3183296 0.3832821 0.3818170 0.3976069 0.5047149 0.2167258 0.1270590 0.0000000 0.1175366 0.2294448 0.2206084 0.4504801 0.3910739 0.2895515 0.2751875 0.4300127 0.3039286 0.2033159 0.2588782 0.2698479 0.4822498 0.3768580 0.6440764 0.6580264 0.7718558 0.8835254 0.7305753 0.7090045 0.7411817 0.7766482 0.7892551 0.7707704 0.6985331 0.8328804 0.6903123 0.9163458 0.7804364 1.0129237 0.7992396 0.7303404 1.0321237 1.0421389 1.0531017 1.0379214 1.1284458 1.0856565 0.7707420 1.5933770 1.3891143 2.2906148 1.7664501 1.9485751 1.9460156 1.8963536 1.8366395 1.6366858 2.0541639 1.9738224 2.3893979 2.2114084 1.7613932 1.9608203 1.7534282 1.5741865 1.6250524 1.7157553 2.0282983 1.8337452 1.8547401 1.9619356 1.9714009 2.4036367 1.7864715 1.8349238 1.8068560 2.8502750 3.3597385 3.5532115 4.0071030 2.8732603 3.3064907 3.0932931 2.6251292 3.0894635 2.6493837 3.1313491 2.5597457 2.8340993 3.2313705 2.6756952 4.2348624 4.3557490 
GLNA1_RHILV_103_383  0.6053203 0.5408746 0.5382161 0.5098029 0.3617875 0.4116877 0.3774602 0.4583904 0.4705190 0.3263456 0.1707446 0.1175366 0.0000000 0.2105443 0.2642955 0.5103345 0.5149218 0.3648706 0.2959769 0.3598306 0.3211992 0.2377590 0.2971787 0.2889363 0.5304973 0.4324464 0.6458876 0.7103509 0.9226726 0.9055825 0.8118371 0.7912730 0.8613463 0.8629818 0.7641648 0.8003473 0.8264298 0.9090062 0.7821465 0.9434484 0.8316295 1.0147070 0.9008222 0.7990629 1.0582406 1.1218868 1.2211423 1.1410980 1.1944308 1.0804213 0.8420617 1.7199844 1.5759131 2.4365880 1.5902129 1.9924862 2.0349042 2.0114744 2.1106956 1.8646389 2.2400767 2.2147678 2.7237598 2.3532060 1.7779996 1.9310713 1.6956480 1.5324408 1.7250707 1.6762185 2.0239403 1.8819682 1.8451965 2.0288441 2.1121591 2.5584136 2.1892037 2.2241551 1.9865042 3.0683989 3.3628618 3.9417086 4.0790886 2.8664133 3.6031714 3.3124077 2.7593353 3.1533188 2.9809194 3.1866825 2.5565993 2.7738817 3.4443330 2.5930610 4.4908717 4.8846211 
GLNA_AZOCA_102_382   0.6250359 0.5025107 0.5796331 0.5043972 0.4101848 0.4333691 0.4020333 0.4483655 0.5314721 0.3854031 0.2628329 0.2294448 0.2105443 0.0000000 0.3250032 0.4689893 0.5204179 0.3430184 0.4084081 0.4869095 0.4018738 0.3157380 0.3416492 0.3879265 0.5694675 0.4926664 0.6805144 0.8189176 0.8834140 1.0979353 0.9137003 0.8998849 0.9152401 0.9763327 0.9253149 0.9074287 0.9215298 0.9990758 0.8636461 0.9667331 0.8593035 0.9639347 0.9583139 0.8872699 1.1462948 1.1938312 1.2641250 1.1899872 1.2661346 1.1485004 0.8239246 1.8678416 1.5775771 2.4618226 1.7401307 1.9414447 2.0861680 2.0638292 2.1383033 1.8016173 2.2301353 2.3664022 2.6845325 2.2513033 1.8370953 1.9526423 1.6342123 1.5553571 1.7505609 1.7072231 1.8756266 1.8627349 1.8479139 2.1331224 2.0157909 2.7456585 2.1240835 2.0098701 2.1424084 3.1098065 3.1472434 3.4437866 3.7128542 2.6345234 2.9248677 2.8387295 2.4370911 3.0253371 2.6170992 2.7680380 2.4200343 2.6239312 2.7732943 2.7578098 3.7984554 4.1184290 
Q9A6W3_CAUCR_103_383 0.5788352 0.4862872 0.5465291 0.4511813 0.4088826 0.4805302 0.3702463 0.4535059 0.4377828 0.3526663 0.2982419 0.2206084 0.2642955 0.3250032 0.0000000 0.5096396 0.4286440 0.2742181 0.3242168 0.4336833 0.3721330 0.2538863 0.3112824 0.3454265 0.6569330 0.5344755 0.6073764 0.6578934 0.9242653 0.9531897 0.7877007 0.8069544 0.8543639 0.8797221 0.7923193 0.8860023 0.8068349 0.9583322 0.7690439 0.8469695 0.7282069 0.9894757 0.8905900 0.8098516 0.9978692 0.9166680 1.0996985 1.0799896 1.1644011 1.2119468 0.7346642 1.7355571 1.6619170 2.2818337 1.4903441 1.7005484 1.9778375 1.8960853 1.9093382 1.5319727 2.0106409 1.9073173 2.0978429 2.1399209 1.7435768 1.8025722 1.6721212 1.4572939 1.5224443 1.5791281 1.7925134 1.9632928 1.6684780 2.1051591 2.0180383 2.6462777 2.2425457 2.3260177 2.0425395 3.0891457 3.0793883 3.4108436 3.7605548 2.7187859 3.1273042 2.6861403 2.3048541 2.8058305 2.4593753 2.4769767 2.3163893 2.4895197 2.9711125 2.3048608 3.9224884 4.2094747 
Q9PCD9_XYLFA_137_418 0.6081044 0.4070952 0.5456431 0.5950821 0.4432474 0.5743735 0.5001978 0.4665546 0.6524163 0.4975019 0.4857931 0.4504801 0.5103345 0.4689893 0.5096396 0.0000000 0.4960495 0.3585274 0.3780748 0.5484843 0.4742519 0.3758664 0.3166639 0.5013940 0.6349829 0.5270261 0.6961712 0.6305254 0.8413765 1.2293098 1.0648519 0.9704701 1.0030368 1.1118258 0.9713628 1.0254760 0.8633497 1.1320346 1.0053892 0.9875174 0.9260518 1.0285353 1.0424870 0.9050417 1.2184520 1.0134218 1.5324332 1.1918519 1.2858157 1.2566141 0.8553370 1.9624626 1.9152290 2.3952351 1.9298979 2.1715828 2.5085375 2.3111518 2.2666358 2.0222029 2.3313362 2.4992057 2.4542667 2.7594001 2.2057716 2.1285821 1.9086519 1.8408324 1.5462556 1.7748536 2.1229549 2.0232285 2.2352248 2.0646669 2.1936190 2.7813342 2.3312835 2.4028328 2.2310666 3.5326034 3.4457452 3.4886812 3.6868910 3.1180437 3.3430150 2.9977180 3.0859805 3.8638277 3.2871140 3.2791272 2.5497632 3.6497505 3.7957775 2.9620648 4.7299107 4.3912815 
GLNA_NEIGO_105_386   0.5558417 0.5592395 0.6440024 0.5979694 0.4908094 0.5907910 0.4772408 0.4903996 0.6827975 0.4668449 0.4928259 0.3910739 0.5149218 0.5204179 0.4286440 0.4960495 0.0000000 0.2532493 0.3039485 0.3857604 0.3169058 0.3160098 0.3302003 0.3713029 0.5961116 0.5269140 0.6732524 0.6687788 0.9513039 1.1108651 0.9191607 0.7955604 0.8893691 0.8753920 0.9088336 0.8615383 0.8594344 1.0643618 0.9489259 1.0677693 0.7973469 0.9740792 0.9776251 0.8216768 1.1662630 1.0506472 1.2746078 1.1466437 1.2795136 1.2193653 0.9886320 1.7318793 1.4578283 2.1039813 1.5091847 1.7471755 2.3153551 1.7754932 1.6338862 1.7727072 1.9815598 1.5828720 1.9873552 1.9771381 1.7465099 1.7049173 1.5686812 1.4212860 1.3960185 1.5052433 1.8397569 1.7537303 1.7807644 1.9410879 2.0060531 1.9590757 1.6648494 1.7778599 1.8511538 2.6440413 2.7413865 2.9454507 3.2129720 2.5969861 3.0791626 2.8644820 2.4921140 3.0488027 2.5477706 2.3044871 2.4257188 2.7856856 2.8292632 2.2435223 4.3608735 4.9112743 
O86055_HERSE_104_385 0.4864772 0.4544526 0.5409079 0.5256511 0.4553741 0.3539212 0.4101929 0.4263825 0.5866612 0.3739076 0.3568948 0.2895515 0.3648706 0.3430184 0.2742181 0.3585274 0.2532493 0.0000000 0.2470131 0.3626862 0.2746963 0.2272691 0.2266526 0.3212260 0.4924192 0.4795114 0.5429505 0.5686211 0.7300680 1.0049134 0.8274540 0.7207201 0.7882278 0.8405985 0.7665810 0.7900165 0.7329792 0.8807335 0.7514816 0.8417343 0.7118584 0.9091643 0.7995279 0.7596837 0.9436725 0.9104951 1.1536529 1.0759839 1.2053458 1.1165506 0.8292881 1.7976772 1.6170929 2.2338940 1.6443406 1.8360318 2.3922525 2.1214538 1.9964784 1.8284951 2.1444655 2.0675913 2.1437194 2.2029257 1.8251065 1.7376794 1.7181001 1.6251910 1.6591101 1.7326835 2.2285877 2.1323069 1.7802294 2.0968700 2.0669890 2.3978987 2.0716727 2.0637427 2.1026539 2.9256759 3.3518994 3.4483878 3.4975631 3.0433085 3.0961845 2.9615459 2.6736737 3.1754072 2.8063425 2.8351574 2.4628317 3.0737005 3.1240397 2.7671512 4.1243277 4.3733496 
GLNA_METCA_102_383   0.5262090 0.3943859 0.4161837 0.5419927 0.3777517 0.4623980 0.3961840 0.4248576 0.4358492 0.3117137 0.2900071 0.2751875 0.2959769 0.4084081 0.3242168 0.3780748 0.3039485 0.2470131 0.0000000 0.2905029 0.1472684 0.1984217 0.1088912 0.2620876 0.4272314 0.4545586 0.5005960 0.5038272 0.7275418 0.9442306 0.7793454 0.7163361 0.8245324 0.8363193 0.7303580 0.7744294 0.7490614 0.8629102 0.7340534 0.8226446 0.6587031 0.7575314 0.8676767 0.6491124 1.0490179 0.8826263 1.1194413 1.0881296 1.1931813 1.1031614 0.6093700 1.5896666 1.3310924 2.1357058 1.5572094 1.6227194 2.0061649 1.8428781 1.8240977 1.5002901 1.8711831 1.6625956 1.9754717 1.9856667 1.6641943 1.5868809 1.4746086 1.2823295 1.4921288 1.5979860 1.9908130 1.8711790 1.7679412 1.9535307 1.9164660 2.4174013 2.0457941 1.9804497 1.8510148 2.6079226 3.0747235 3.5305422 3.3151866 2.7038523 3.2744376 2.9127440 2.7390017 2.9711548 2.9473158 2.8096469 2.3744325 2.9493798 3.4818128 2.3449286 4.6714606 4.6231181 
GLNA_THIFE_104_382   0.7335497 0.5560948 0.5974974 0.7261109 0.5211804 0.5633414 0.5287578 0.5774875 0.6103550 0.5240965 0.4708674 0.4300127 0.3598306 0.4869095 0.4336833 0.5484843 0.3857604 0.3626862 0.2905029 0.0000000 0.2384340 0.3509787 0.3080614 0.3667688 0.6226343 0.6191365 0.5369130 0.6023180 0.9901487 1.1704439 0.9682000 0.8529531 1.0540679 0.9471610 0.8584250 0.9427607 0.8997194 0.9752210 0.8194277 0.9874324 0.8248192 1.0080039 0.9767646 0.7488072 1.2102193 1.0033025 1.4014698 1.3684467 1.4143912 1.2928846 0.7978968 1.8632077 1.8643287 2.4368518 1.8633282 1.9145015 2.3607031 2.2614595 2.2930976 2.0080631 2.2136485 2.1078170 2.2712601 2.3964808 2.0835284 1.9357495 1.7437967 1.6926132 1.7614203 1.9378433 2.2900213 2.3020036 1.8323519 2.4707096 2.0727309 2.3803150 2.2332251 2.2196169 2.1616616 3.2366698 3.6675637 4.2328496 3.9725776 3.2383208 3.6421036 3.7096366 3.1058110 3.6172957 3.3437328 3.6257215 3.0431582 3.3081425 3.7893457 3.1566634 5.5023289 5.9208426 
Q9FAR9_SHEVI_102_383 0.6008463 0.4805205 0.4759819 0.6056077 0.4968968 0.4594110 0.4502618 0.4800191 0.5998249 0.3940557 0.3263260 0.3039286 0.3211992 0.4018738 0.3721330 0.4742519 0.3169058 0.2746963 0.1472684 0.2384340 0.0000000 0.2029255 0.1662928 0.2783855 0.4783504 0.5167817 0.4308682 0.5061338 0.9037490 1.0062337 0.8348612 0.7412450 0.8469798 0.8629154 0.7601132 0.8078139 0.8154488 0.8731174 0.8063486 0.8807051 0.7723306 1.0133655 0.8638692 0.8252185 1.0426385 0.9975970 1.2540621 1.1480235 1.3218937 1.1418511 0.8272276 1.7262449 1.5601942 2.0174615 1.6253700 1.8015327 2.2158724 1.9887850 1.9551442 1.7431238 1.9274410 1.8875284 1.9531798 2.1188278 1.8549220 1.7192464 1.5488934 1.4251807 1.5399657 1.8492589 2.1664950 1.9639351 1.8937527 2.2448203 2.2089601 2.4401546 2.0556867 1.9618499 2.0229857 2.7136547 2.9623152 3.2984461 2.9006495 2.4166071 2.8942534 2.8969177 2.3864018 2.6425598 2.5689160 2.5642804 2.0888052 2.5466901 3.0363376 2.3211880 4.6537721 4.8949293 
GLNA_SHIFL_101_382   0.5014238 0.4050603 0.4972632 0.5093102 0.3709545 0.4619595 0.3475198 0.4340113 0.4278216 0.3032871 0.2919722 0.2033159 0.2377590 0.3157380 0.2538863 0.3758664 0.3160098 0.2272691 0.1984217 0.3509787 0.2029255 0.0000000 0.1833844 0.1668780 0.4837378 0.4196907 0.4555858 0.5011222 0.7085609 0.7300499 0.5931679 0.6352102 0.6335515 0.6976234 0.7284907 0.6336100 0.5825813 0.7319364 0.6600923 0.8488985 0.6857522 0.8703463 0.8097970 0.6936723 0.9370072 0.8034082 1.0180442 1.0488473 1.1593857 1.1179529 0.6995070 1.5983950 1.3608326 2.2026809 1.4412192 1.7711701 1.9550561 1.7138311 1.7711595 1.4652901 1.8863186 1.7861845 2.2530757 2.1303028 1.7266198 1.7995596 1.4513188 1.3605866 1.5310224 1.7333633 1.8329081 1.6780217 1.7316297 1.9492704 2.0518822 2.4535171 2.0311866 2.0788799 2.0285396 2.9744443 3.0339205 3.1537802 3.3371202 2.5941626 3.1369707 2.7875685 2.3750073 2.7229289 2.5664085 2.6346104 2.3692874 2.7208625 3.0382058 2.3823636 4.1475964 4.3829648 
GLNA_AZOVI_100_381   0.5368670 0.4401237 0.4936873 0.5587115 0.4249668 0.4894900 0.4143671 0.4151099 0.5175046 0.2945092 0.3117679 0.2588782 0.2971787 0.3416492 0.3112824 0.3166639 0.3302003 0.2266526 0.1088912 0.3080614 0.1662928 0.1833844 0.0000000 0.2681734 0.4688924 0.4728240 0.5223755 0.3972974 0.7332888 0.9660294 0.7958726 0.7168400 0.7888299 0.8382111 0.7794332 0.7900688 0.7580694 0.8320239 0.6845692 0.8643511 0.7149584 0.7251320 0.8486047 0.6911548 1.0532955 0.9484054 1.2120317 1.0908767 1.1971645 1.1884611 0.7210909 1.7214314 1.4774282 2.3569562 1.6743445 1.9545303 2.4161719 1.9232177 2.0200786 1.7526001 2.0642873 1.9805733 2.2337355 2.0822876 1.8385264 1.7538444 1.6319972 1.5127934 1.5922214 1.5162249 1.9127670 1.7485225 1.9521508 2.0651691 1.9642347 2.5261477 2.2964672 2.2187836 1.8421110 2.7962406 3.3411841 3.3033681 3.2362199 2.5219914 3.1299880 2.7912118 2.6408248 2.9196355 2.8390239 2.9181631 2.3344472 3.0233860 3.3360551 2.3212647 4.5725436 4.9748183 
GLNA_HAEIN_106_387   0.5666418 0.4668254 0.5254734 0.5316784 0.4291196 0.4618063 0.3703086 0.4649677 0.4654672 0.3977605 0.3646701 0.2698479 0.2889363 0.3879265 0.3454265 0.5013940 0.3713029 0.3212260 0.2620876 0.3667688 0.2783855 0.1668780 0.2681734 0.0000000 0.5041951 0.4761016 0.4645039 0.5023668 0.7892368 0.7545389 0.6143585 0.6386436 0.6554105 0.7017962 0.5820733 0.6206247 0.6112696 0.7297891 0.6340460 0.7774665 0.6630689 0.9153959 0.7094631 0.7229682 0.9861353 0.8721307 1.0508309 0.9307117 1.0167316 1.0378612 0.7423852 1.5871700 1.3999731 2.2367285 1.3576000 1.8496783 2.0115968 1.5307639 1.5301209 1.3598284 1.7832958 1.5259609 2.0978006 1.9824691 1.5682125 1.5446464 1.3700992 1.3712425 1.2285370 1.6002590 1.7549616 1.5928274 1.6670246 1.9344380 1.8737172 2.2454782 2.0236704 2.0567789 2.0820530 2.7806185 3.0519717 3.3463975 3.3287115 2.7183763 3.1786128 2.7542594 2.6585216 2.9727834 2.8771758 2.5344250 2.3343665 2.7029935 3.2507815 2.4409246 3.9941675 3.8413144 
GLNA_HELPJ_111_392   0.6084630 0.6018562 0.6496499 0.6181054 0.5832452 0.5680119 0.6301339 0.6264421 0.6254430 0.5842532 0.4284058 0.4822498 0.5304973 0.5694675 0.6569330 0.6349829 0.5961116 0.4924192 0.4272314 0.6226343 0.4783504 0.4837378 0.4688924 0.5041951 0.0000000 0.2332609 0.5666840 0.7229441 0.8540682 1.1242914 0.9294618 0.8074285 0.8375115 0.8066488 0.8551916 0.8106233 0.8691329 0.9658381 0.8987669 0.8739105 0.9446682 1.0394767 0.8109296 0.7255058 1.2149979 1.0202984 1.1876654 1.0456316 1.0950770 0.9883862 1.0850223 1.4754737 1.4553693 2.2537613 1.5535297 1.9129598 1.9000244 1.9289810 1.8868142 1.9232112 1.9106308 2.0326005 2.2150468 2.1108202 2.0887507 1.9976003 2.0013093 1.5400751 1.7980725 1.9281540 2.3833352 1.9846905 1.7676175 2.4170159 2.6635446 2.5183690 2.0000122 1.9051784 2.0251528 3.2152140 3.0076970 2.9579049 3.0821625 2.9120101 2.6733182 3.0675944 2.8890162 2.9811769 2.8711837 3.0993156 2.4730022 2.8671027 3.2161136 2.9369231 4.4799225 4.2057073 
Q9PPK8_CAMJE_107_389 0.5730182 0.5377758 0.6761996 0.5971259 0.5360554 0.6123295 0.5754638 0.5764827 0.7144928 0.5322303 0.3992871 0.3768580 0.4324464 0.4926664 0.5344755 0.5270261 0.5269140 0.4795114 0.4545586 0.6191365 0.5167817 0.4196907 0.4728240 0.4761016 0.2332609 0.0000000 0.7675021 0.7959671 0.8498827 0.9989271 0.8130064 0.7715391 0.7171834 0.7983198 0.8618067 0.8186234 0.7401630 0.9738146 0.8506803 0.8770933 0.8636409 1.0411717 0.9796980 0.7891219 1.1790248 1.1043580 1.1990238 1.0474891 1.0763254 1.0751864 0.9569789 1.4602147 1.4097872 2.3869190 1.4782746 1.9355184 1.9092273 1.8662301 1.8008885 1.8618851 2.2168944 1.9791869 2.4265334 2.3398520 1.8527054 2.1148373 1.9699610 1.5662133 1.7157488 1.7879150 2.0171663 1.7802223 1.7663550 2.5514790 2.3610309 2.7530055 2.1127035 2.0829831 2.2158136 3.0703197 3.5592662 3.2835529 3.4531959 3.6047691 3.5934946 3.5486428 3.2469743 3.6666228 3.2943099 3.3638907 2.9163130 3.2680573 3.4125277 3.3342240 4.1761304 4.3449676 
GLNA_SULAC_107_387   0.5892522 0.5144244 0.5200141 0.5659478 0.5359712 0.5576490 0.5672566 0.6230575 0.6360961 0.7499224 0.7999355 0.6440764 0.6458876 0.6805144 0.6073764 0.6961712 0.6732524 0.5429505 0.5005960 0.5369130 0.4308682 0.4555858 0.5223755 0.4645039 0.5666840 0.7675021 0.0000000 0.2886651 0.6942976 0.7386610 0.6132792 0.5447661 0.6456005 0.6099178 0.6475794 0.7164781 0.6025260 0.7672875 0.6470774 0.6838755 0.5848420 0.8398192 0.6416593 0.6801752 0.7708028 0.6640720 0.9460308 1.0642118 0.9725861 0.9828486 0.7118698 1.4782589 1.5279596 2.1818177 1.3816104 1.6082423 1.8650319 1.9674385 1.7902835 1.4757394 1.8577429 1.5111983 1.8217859 1.6030079 1.6587115 1.7015536 1.4680101 1.3055292 1.3986249 1.6077376 1.6185639 1.8295354 1.5527857 1.8896904 1.9944522 2.2273067 1.6717019 1.6076503 1.9470292 2.4559454 3.3671682 2.8675630 2.6362421 3.0326201 2.7403099 3.1916192 2.6541361 2.7424341 3.0123032 2.8831413 2.1000266 3.4086862 3.5148904 2.6763921 4.2950312 3.6953931 
GLNA_SULSO_104_385   0.6315465 0.5802880 0.6875487 0.7007731 0.6496337 0.6112424 0.5457942 0.5170828 0.6312800 0.6202482 0.7814925 0.6580264 0.7103509 0.8189176 0.6578934 0.6305254 0.6687788 0.5686211 0.5038272 0.6023180 0.5061338 0.5011222 0.3972974 0.5023668 0.7229441 0.7959671 0.2886651 0.0000000 0.5808914 0.6169407 0.5207187 0.4342010 0.5723332 0.5136215 0.5174684 0.6403138 0.5553838 0.6470184 0.4625001 0.6042229 0.4685124 0.7007796 0.5337047 0.5801498 0.7360319 0.6776566 0.8585953 1.0396411 0.8527936 1.0704489 0.5360606 1.4721691 1.4862774 2.2787278 1.3826835 1.5680850 1.9217234 1.8074902 1.7499264 1.5235772 2.0160919 1.5529810 1.8200190 1.7873144 1.6808736 1.6797144 1.4619757 1.3994468 1.3186043 1.3749507 1.4935174 1.5996992 1.7953460 1.6905410 1.7187654 2.3357152 1.8419477 1.7786950 1.8430255 2.4554723 3.3643693 2.5721971 2.9234093 2.9809516 3.0133705 2.8867830 2.8321036 2.8518488 2.8929946 3.0602411 2.1182794 4.0771651 3.9478091 2.5261785 3.9022252 3.3399390 
Q9Y9Z7_AERPE_101_376 0.6986585 0.7322678 0.8880057 0.8505661 0.8294860 0.8938223 0.8250120 0.7707070 0.9960719 0.8112211 0.8260979 0.7718558 0.9226726 0.8834140 0.9242653 0.8413765 0.9513039 0.7300680 0.7275418 0.9901487 0.9037490 0.7085609 0.7332888 0.7892368 0.8540682 0.8498827 0.6942976 0.5808914 0.0000000 0.6926098 0.5036708 0.5460523 0.5906603 0.6123765 0.7248179 0.7136549 0.5646480 0.6738343 0.6388316 0.7019122 0.6951127 0.7683100 0.6780534 0.6263402 0.9115996 0.9069912 0.8531535 1.0171756 0.9261271 0.9964310 0.8128301 1.7621848 1.4323950 2.0875728 1.4529406 1.6786034 1.9000828 2.1207330 2.0899265 1.7588228 2.0599802 1.4816923 2.5077303 1.7973335 1.7392914 1.6845644 1.5562494 1.6210577 1.6903551 1.9514853 1.7976085 2.0160910 1.6856027 1.9651676 1.8939854 2.0257688 1.9127808 1.8385624 1.8756811 2.5377125 4.0442161 2.9777183 3.3469763 3.5205290 3.4987936 3.6884115 2.9292294 3.3281430 3.0504852 3.6697135 2.7153802 4.0248441 3.8333131 3.1966704 3.8688962 3.6601714 
Q97S86_STRPN_106_362 0.8797251 0.9849564 1.1034881 1.0105764 1.0109036 1.0913537 0.9055389 0.9176298 0.8953521 1.0067513 1.0430726 0.8835254 0.9055825 1.0979353 0.9531897 1.2293098 1.1108651 1.0049134 0.9442306 1.1704439 1.0062337 0.7300499 0.9660294 0.7545389 1.1242914 0.9989271 0.7386610 0.6169407 0.6926098 0.0000000 0.1600808 0.2829484 0.3068102 0.2885693 0.5558854 0.6040223 0.4630375 0.6042828 0.5225103 0.5992525 0.5491600 0.7761037 0.7142066 0.7090086 0.4640619 0.6149634 0.3349258 1.0216045 0.7646345 0.9771866 0.7200043 1.2616099 1.5374815 2.5769893 1.6179627 1.6532718 1.9777018 1.8397214 1.7346740 1.6207657 1.9954282 1.4403453 2.3367046 1.8073707 1.4195485 1.5627132 1.5107176 1.4859801 1.4766077 1.9685394 1.6826456 1.6888019 1.5345758 1.8479655 2.1832559 2.4866686 1.9091760 1.8566953 2.1670833 2.8934578 3.6199213 3.0316167 3.4999506 3.6807796 3.6619586 3.6215437 3.5971011 3.9810765 3.8470561 3.4201474 3.0407579 3.2966228 3.6371122 2.4486965 3.0823898 2.9620471 
GLNA_LACLA_106_360   0.7271071 0.7899017 0.9166902 0.8444009 0.8211868 0.9193179 0.7067482 0.7430983 0.7824728 0.8263341 0.8609283 0.7305753 0.8118371 0.9137003 0.7877007 1.0648519 0.9191607 0.8274540 0.7793454 0.9682000 0.8348612 0.5931679 0.7958726 0.6143585 0.9294618 0.8130064 0.6132792 0.5207187 0.5036708 0.1600808 0.0000000 0.1921909 0.2076082 0.2079991 0.4600433 0.4692972 0.3197372 0.4080817 0.3904014 0.5016218 0.4136656 0.7149580 0.5112038 0.5952992 0.4495217 0.5725816 0.2815134 0.8336508 0.6617920 0.8342512 0.6502156 1.0590192 1.3683974 2.2682512 1.4399621 1.4720423 1.6493680 1.6296392 1.5742445 1.3320141 1.6903085 1.1756621 1.9563930 1.5513200 1.3244624 1.4941245 1.3554024 1.4043918 1.3704434 1.7366253 1.4851555 1.5114700 1.4316393 1.6951353 1.6765701 2.3352263 1.4430557 1.4118326 2.0353441 2.1791612 3.8574720 3.1587338 3.9456164 3.5828292 3.6616503 3.5025600 3.3556236 3.7673673 3.7774643 3.5170390 3.0945529 3.5057286 3.8955249 2.4298099 3.2385051 2.9991089 
Q9RDW7_LACRH_107_360 0.6126559 0.7629803 0.8494324 0.7974948 0.8072358 0.7468455 0.7150513 0.6325810 0.7638662 0.7758800 0.7009053 0.7090045 0.7912730 0.8998849 0.8069544 0.9704701 0.7955604 0.7207201 0.7163361 0.8529531 0.7412450 0.6352102 0.7168400 0.6386436 0.8074285 0.7715391 0.5447661 0.4342010 0.5460523 0.2829484 0.1921909 0.0000000 0.1987877 0.1245221 0.3701297 0.4695672 0.2785914 0.4037887 0.3722154 0.5662977 0.3759782 0.5604112 0.4176380 0.4695660 0.4774484 0.5634422 0.4561912 0.8659401 0.6635924 0.8049386 0.5795781 1.1123810 1.3632965 1.9588319 1.2745808 1.4859999 1.6744071 1.6432959 1.5835294 1.5530528 1.6710798 1.2628079 1.9732497 1.4311523 1.3985561 1.5418010 1.4154970 1.3847641 1.4114694 1.7457138 1.5132166 1.7267808 1.4974649 1.5700432 1.6878739 2.2091385 1.5227848 1.3671683 1.8255540 1.9634018 3.2221921 2.7972113 3.1709100 3.2135300 3.1104642 3.2986654 2.8460608 2.8936390 3.2000687 3.2741147 2.5008789 3.5371830 3.6984334 2.7682285 2.9410676 2.7304028 
GLNA_BACCE_104_357   0.6576129 0.8388166 0.9367278 0.8156747 0.8823188 0.8980446 0.7986368 0.7246263 0.9592162 0.8516169 0.7613873 0.7411817 0.8613463 0.9152401 0.8543639 1.0030368 0.8893691 0.7882278 0.8245324 1.0540679 0.8469798 0.6335515 0.7888299 0.6554105 0.8375115 0.7171834 0.6456005 0.5723332 0.5906603 0.3068102 0.2076082 0.1987877 0.0000000 0.1919347 0.3906509 0.4093258 0.3017964 0.4718715 0.4328980 0.5610672 0.4372560 0.6836411 0.4913318 0.6816601 0.5180417 0.6841085 0.5402825 0.7196380 0.5559637 0.7801724 0.6439594 1.0421624 1.3113246 1.8811747 1.3474995 1.3132400 1.6386029 1.5654763 1.5357759 1.3472076 1.5097531 1.2439940 1.8474467 1.3014809 1.5234312 1.7673976 1.5987678 1.4576437 1.4158538 1.7060696 1.4994189 1.7700114 1.5276412 1.6349425 1.7568490 2.2421229 1.5450983 1.4505550 1.8412015 2.0690587 2.9857771 2.5363965 3.0630633 3.0427206 3.0106478 3.0274497 2.7645695 2.9604469 3.0910187 3.1618450 2.4055609 3.0816934 3.1103658 2.3530356 2.8529308 2.7861995 
GLNA_STAAW_107_360   0.7115555 0.8776102 0.9785992 0.8554543 0.8795241 0.8654340 0.7797293 0.7423237 0.8742929 0.9011338 0.8158865 0.7766482 0.8629818 0.9763327 0.8797221 1.1118258 0.8753920 0.8405985 0.8363193 0.9471610 0.8629154 0.6976234 0.8382111 0.7017962 0.8066488 0.7983198 0.6099178 0.5136215 0.6123765 0.2885693 0.2079991 0.1245221 0.1919347 0.0000000 0.4010591 0.4098379 0.2985230 0.3525552 0.3565208 0.5814952 0.3900621 0.5643836 0.4131466 0.5200673 0.4614524 0.6076600 0.4767524 0.8917746 0.6290583 0.8346537 0.7128420 1.1253776 1.3935079 1.7779266 1.2131561 1.5170684 1.7540034 1.7263928 1.6855311 1.6384902 1.8429194 1.2980658 1.9115171 1.4014228 1.4761636 1.7752389 1.4442283 1.4247443 1.5045246 1.7451563 1.6605631 1.8459852 1.5742355 1.6595794 1.7474124 2.2842470 1.5040210 1.3338519 1.9603887 1.9421742 3.4681771 2.7074837 3.1333969 3.3296657 3.0093636 3.2751549 3.0322884 3.0737084 3.3769322 3.4554516 2.5939125 3.5748891 3.4297411 2.8302902 3.1461801 2.9147289 
Q9RX64_DEIRA_111_363 0.6343276 0.7824435 0.8293002 0.7839655 0.8361435 0.7579985 0.6706268 0.6019078 0.9246079 0.8327025 0.7234443 0.7892551 0.7641648 0.9253149 0.7923193 0.9713628 0.9088336 0.7665810 0.7303580 0.8584250 0.7601132 0.7284907 0.7794332 0.5820733 0.8551916 0.8618067 0.6475794 0.5174684 0.7248179 0.5558854 0.4600433 0.3701297 0.3906509 0.4010591 0.0000000 0.5096416 0.4001336 0.4583381 0.4675639 0.4371668 0.3905788 0.6960628 0.5742048 0.6591941 0.6148084 0.6207822 0.8438399 0.6785909 0.6255096 0.6669743 0.6221171 1.1733081 1.1135629 1.9047191 1.2423984 1.5599580 1.5081149 1.4939572 1.4020866 1.4270774 1.7757345 1.4520538 1.9109213 1.7104674 1.3393584 1.4898985 1.4803189 1.4510280 1.2933504 1.3574492 1.4330282 1.6816039 1.2998695 1.4646144 1.6560062 2.2644797 1.7133527 1.5637524 2.0216741 1.8931799 2.7155991 2.4696879 2.6954021 2.4468568 2.5157242 2.6131869 2.3854362 2.6660473 2.7354473 2.5159744 2.1759587 2.5024976 2.9616476 1.9503185 3.4230025 3.2026305 
Q9K665_BACHD_115_369 0.8407878 0.9169661 1.0337271 0.9020271 0.8859789 0.7511337 0.6519941 0.7001433 0.9003047 0.9259461 0.7855148 0.7707704 0.8003473 0.9074287 0.8860023 1.0254760 0.8615383 0.7900165 0.7744294 0.9427607 0.8078139 0.6336100 0.7900688 0.6206247 0.8106233 0.8186234 0.7164781 0.6403138 0.7136549 0.6040223 0.4692972 0.4695672 0.4093258 0.4098379 0.5096416 0.0000000 0.4691056 0.4410992 0.4182697 0.4462714 0.4882334 0.7028106 0.5137802 0.6277582 0.7573964 0.6226089 0.8324709 0.8205887 0.6845743 0.8523855 0.7174885 1.2088061 1.5597221 2.0471964 1.4887761 1.6237799 1.8947578 1.6745103 1.8066925 1.5560129 2.0589825 1.5756745 2.1665048 1.7030642 1.8165064 1.9558368 2.0250360 1.4292464 1.6642526 1.7102909 1.6072278 1.8524124 1.4705262 1.9756777 1.7859555 2.0531203 1.6318973 1.6954197 2.1099171 2.4053627 3.0032970 2.7785639 3.1522156 2.9426309 2.7991501 3.3403235 2.9294795 3.4251511 3.2676934 3.3488744 2.7371658 2.9831895 3.2152245 2.4434833 4.4421914 4.7312627 
GLNA_CLOSA_105_357   0.6906756 0.7388030 0.9276944 0.8450810 0.7901071 0.7954025 0.7014662 0.6974674 0.8821888 0.8148107 0.8326472 0.6985331 0.8264298 0.9215298 0.8068349 0.8633497 0.8594344 0.7329792 0.7490614 0.8997194 0.8154488 0.5825813 0.7580694 0.6112696 0.8691329 0.7401630 0.6025260 0.5553838 0.5646480 0.4630375 0.3197372 0.2785914 0.3017964 0.2985230 0.4001336 0.4691056 0.0000000 0.4289542 0.3611435 0.5777380 0.4064223 0.6703280 0.5519755 0.5044852 0.5744119 0.5205381 0.6508347 0.7884183 0.6573305 0.8242614 0.7484806 1.1746003 1.2160298 1.9663011 1.3346067 1.4437797 1.6017651 1.4597321 1.5034956 1.2462845 1.6458950 1.2028732 1.9011474 1.4690378 1.4347996 1.6728825 1.5089591 1.4429730 1.5476604 1.6006012 1.6449279 1.6483034 1.4598861 1.5217679 1.4799793 2.2198012 1.5246004 1.4386647 2.0462563 2.0599272 3.3466124 2.6962569 3.0237051 3.0609719 2.9296356 2.9409025 2.8141012 3.2541775 3.1695623 3.0723564 2.7054961 3.2848541 3.5716977 2.3632009 3.4643667 3.3589208 
GLNA_HALSA_115_368   0.8292432 0.9393646 1.0714944 0.9745362 0.9079001 0.8124146 0.8168082 0.8297787 0.8787755 0.9242825 0.8799672 0.8328804 0.9090062 0.9990758 0.9583322 1.1320346 1.0643618 0.8807335 0.8629102 0.9752210 0.8731174 0.7319364 0.8320239 0.7297891 0.9658381 0.9738146 0.7672875 0.6470184 0.6738343 0.6042828 0.4080817 0.4037887 0.4718715 0.3525552 0.4583381 0.4410992 0.4289542 0.0000000 0.2366734 0.5781147 0.5327131 0.7461121 0.5758893 0.5261781 0.7530247 0.6282898 0.7977545 0.8432720 0.7413949 0.8774269 0.7974827 1.1866756 1.3183534 1.7089093 1.1732052 1.6789228 1.7919686 1.9044038 1.9735721 1.7042810 1.7458296 1.5968181 2.1571008 1.5505073 1.3578669 1.5202574 1.4488611 1.4200173 1.6734572 1.6607889 1.5496795 1.5480074 1.4384316 1.8560939 1.3177151 2.0892487 1.4317789 1.2331440 1.9152908 1.9865705 3.0078873 2.7889891 3.3546999 3.2199580 3.0148377 3.4441057 2.6820125 3.2784612 3.0120290 3.1864156 2.5325594 3.2102484 3.1190045 2.3826893 3.9514783 4.4651226 
GLNA_HALVO_117_369   0.7326320 0.8234448 0.9041480 0.8776292 0.8205115 0.7619767 0.7966798 0.7872642 0.7765522 0.8123732 0.7706022 0.6903123 0.7821465 0.8636461 0.7690439 1.0053892 0.9489259 0.7514816 0.7340534 0.8194277 0.8063486 0.6600923 0.6845692 0.6340460 0.8987669 0.8506803 0.6470774 0.4625001 0.6388316 0.5225103 0.3904014 0.3722154 0.4328980 0.3565208 0.4675639 0.4182697 0.3611435 0.2366734 0.0000000 0.4745232 0.4509456 0.6308787 0.5263474 0.5075399 0.6661702 0.6470611 0.7243611 0.8075622 0.6299322 0.8718034 0.6828768 1.3906898 1.3558015 1.8434429 1.3223723 1.5387770 1.8595301 1.8937917 1.8879774 1.8271284 2.0610252 1.6065280 2.2898332 1.6291955 1.4575270 1.5517469 1.5604822 1.4227686 1.7244464 1.5969474 1.5627866 1.7109109 1.5351220 1.9015127 1.4977487 2.1479938 1.6237560 1.3154356 1.8854302 2.1430671 3.2095330 3.0433581 3.5905755 3.3762190 3.4762924 3.2732469 2.7333235 3.2897972 3.0766241 3.2292101 2.5270301 3.4232982 3.0788523 2.5058361 3.8547021 3.7445497 
GLNA_METMP_110_361   0.7249016 0.8208137 0.9131012 0.7335537 0.8798658 0.8320239 0.7138305 0.6786930 1.0152758 0.9566147 0.9625166 0.9163458 0.9434484 0.9667331 0.8469695 0.9875174 1.0677693 0.8417343 0.8226446 0.9874324 0.8807051 0.8488985 0.8643511 0.7774665 0.8739105 0.8770933 0.6838755 0.6042229 0.7019122 0.5992525 0.5016218 0.5662977 0.5610672 0.5814952 0.4371668 0.4462714 0.5777380 0.5781147 0.4745232 0.0000000 0.2029626 0.6181833 0.6328692 0.6733873 0.7597871 0.5228230 0.8522833 0.7737086 0.6907506 0.7678904 0.7120820 1.2969425 1.3486875 1.8236136 1.3008676 1.5233101 1.7861875 1.7235819 1.8719950 1.4966104 1.8506487 1.5161912 2.1355496 1.8479412 1.3808454 1.5369797 1.6501527 1.4504894 1.4690734 1.5367060 1.3609248 1.7899287 1.4029710 1.8442782 1.5978030 2.4375140 1.6636471 1.5713066 2.0055700 2.2079826 3.8070606 3.1603857 3.5932955 3.3014574 3.1080372 3.6628377 3.5072078 3.9162856 4.0339014 4.0816137 2.9821335 3.4680218 3.7090971 2.6314823 4.3198250 4.4750596 
