14
GCH2_SHIFL_3_171    0.0000000 0.3737349 0.7408661 1.4670238 1.0148468 0.7530294 0.9685872 1.2129323 1.5653784 0.9893629 1.0259636 1.2290012 1.5952602 1.6038153 
GCH2_HAEIN_4_173    0.3737349 0.0000000 0.5352983 1.4058873 0.8708761 0.8466422 0.9795735 1.3027426 1.4103561 1.0492251 0.8654016 1.3158831 1.8023917 1.7275234 
RIBAB_ACTPL_208_376 0.7408661 0.5352983 0.0000000 0.9895233 0.6637649 0.7402626 0.6248647 0.6885370 0.8119111 0.9232155 1.0283659 1.1246583 1.6198736 1.5622174 
RIBAB_CORAM_215_387 1.4670238 1.4058873 0.9895233 0.0000000 0.7573671 1.0828291 0.8779370 0.6129426 0.7093012 1.6283671 1.3386460 1.2254463 1.5524829 1.4383031 
GCH2_ARCFU_185_352  1.0148468 0.8708761 0.6637649 0.7573671 0.0000000 0.6809111 0.5045190 0.5650374 0.8663262 1.3001325 1.2238871 0.9485398 1.3653085 1.3814054 
RIBAB_SYNY3_207_377 0.7530294 0.8466422 0.7402626 1.0828291 0.6809111 0.0000000 0.4227192 0.6785903 0.9152376 1.0625465 0.8127774 0.9917962 1.3800455 1.4467438 
RIBAB_BACAM_204_373 0.9685872 0.9795735 0.6248647 0.8779370 0.5045190 0.4227192 0.0000000 0.5219967 0.6791680 1.1236961 0.9063451 1.1905577 1.5009678 1.5614502 
RIBAB_MYCTU_209_382 1.2129323 1.3027426 0.6885370 0.6129426 0.5650374 0.6785903 0.5219967 0.0000000 0.4652395 1.4044931 1.3489986 1.4266847 1.3039615 1.1927572 
RIBAB_ARATH_333_502 1.5653784 1.4103561 0.8119111 0.7093012 0.8663262 0.9152376 0.6791680 0.4652395 0.0000000 1.5576475 1.5778981 1.5827451 1.4766454 1.2843414 
GCH2_AZOBR_193_362  0.9893629 1.0492251 0.9232155 1.6283671 1.3001325 1.0625465 1.1236961 1.4044931 1.5576475 0.0000000 1.4927012 1.6669698 2.1033095 1.9628765 
GCH2_HELPY_4_169    1.0259636 0.8654016 1.0283659 1.3386460 1.2238871 0.8127774 0.9063451 1.3489986 1.5778981 1.4927012 0.0000000 1.2570650 2.0100073 1.8700247 
GCH2_PHOPO_14_172   1.2290012 1.3158831 1.1246583 1.2254463 0.9485398 0.9917962 1.1905577 1.4266847 1.5827451 1.6669698 1.2570650 0.0000000 1.8142687 1.6966237 
GCH2_PICGU_127_295  1.5952602 1.8023917 1.6198736 1.5524829 1.3653085 1.3800455 1.5009678 1.3039615 1.4766454 2.1033095 2.0100073 1.8142687 0.0000000 0.2814976 
GCH2_YEAST_97_277   1.6038153 1.7275234 1.5622174 1.4383031 1.3814054 1.4467438 1.5614502 1.1927572 1.2843414 1.9628765 1.8700247 1.6966237 0.2814976 0.0000000 
