7
Q9LUG0_ARATH_545_1210 0.0000000 0.3385487 0.8023433 1.1432124 1.3952726 1.3122747 1.2181424 
Q9LDN0_ARATH_583_1238 0.3385487 0.0000000 0.8469015 1.1874154 1.4401029 1.4257947 1.2860972 
Q9LLF1_ORYSA_146_756  0.8023433 0.8469015 0.0000000 1.2983633 1.5584470 1.5894302 1.4107523 
Q93XF4_MAIZE_276_825  1.1432124 1.1874154 1.2983633 0.0000000 0.9209029 0.9019128 0.7154919 
Q9SU98_ARATH_194_755  1.3952726 1.4401029 1.5584470 0.9209029 0.0000000 0.3181759 0.7038069 
Q9FJ59_ARATH_178_746  1.3122747 1.4257947 1.5894302 0.9019128 0.3181759 0.0000000 0.7252731 
Q8GZU1_LYCES_510_1144 1.2181424 1.2860972 1.4107523 0.7154919 0.7038069 0.7252731 0.0000000 
