7
IL15_FELCA_33_160  0.0000000 0.2079959 0.2170627 0.3139432 0.3006669 0.4907783 3.0542990 
IL15_HUMAN_33_160  0.2079959 0.0000000 0.0244870 0.3249864 0.2262902 0.3852065 3.2621938 
IL15_MACMU_33_160  0.2170627 0.0244870 0.0000000 0.3084141 0.2369984 0.3826396 3.2829816 
IL15_BOVIN_33_160  0.3139432 0.3249864 0.3084141 0.0000000 0.2036809 0.5231679 2.8724526 
IL15_PIG_33_160    0.3006669 0.2262902 0.2369984 0.2036809 0.0000000 0.4725600 3.1460151 
IL15_RAT_33_160    0.4907783 0.3852065 0.3826396 0.5231679 0.4725600 0.0000000 3.7890320 
O73883_CHICK_5_139 3.0542990 3.2621938 3.2829816 2.8724526 3.1460151 3.7890320 0.0000000 
