29
VL2_HPV14_3_519 0.0000000 0.2238870 0.3583877 0.2811486 0.3329742 0.9337401 0.7967456 1.3010383 1.1499983 1.1413327 1.0393064 1.0696102 1.2267559 1.3016990 1.1399332 1.1171572 1.2789015 1.3150551 1.3406638 1.2099072 1.4527084 1.1941783 1.0795933 1.1264503 1.3335334 1.3258987 1.2428561 1.1699672 1.2721623 
VL2_HPV05_3_518 0.2238870 0.0000000 0.3037143 0.3135923 0.3269914 0.9452835 0.8446048 1.3752959 1.2597732 1.2005950 1.0560812 1.0790505 1.3430130 1.2366962 1.1988513 1.2835933 1.2520984 1.3372070 1.3994827 1.1667468 1.4009223 1.0755417 1.2060536 1.2974683 1.4267822 1.3471672 1.1572322 1.3260949 1.4680829 
VL2_HPV49_3_521 0.3583877 0.3037143 0.0000000 0.3211404 0.3213848 0.9414673 0.8456327 1.3672567 1.2602323 1.1348123 1.1218771 1.0351240 1.3291739 1.2134472 1.1501961 1.2647308 1.1521317 1.2504682 1.2761823 1.2267115 1.3679479 1.0993122 1.1935585 1.2449010 1.4972617 1.3229980 1.0832193 1.1708440 1.5922592 
VL2_HPV09_3_533 0.2811486 0.3135923 0.3211404 0.0000000 0.1551728 0.8405398 0.8062026 1.4876854 1.2677110 1.1561598 1.1088642 0.9563418 1.2944795 1.2116072 1.1999907 1.2081053 1.1377835 1.2432826 1.2518831 1.1786135 1.2866330 1.1069777 1.0456011 1.1572425 1.2027683 1.1260882 1.1318943 1.1060701 1.3186764 
VL2_HPV15_3_533 0.3329742 0.3269914 0.3213848 0.1551728 0.0000000 0.8042055 0.7871369 1.4134790 1.3155381 1.2220239 1.1463202 1.1064195 1.3137096 1.2088744 1.2248382 1.3068384 1.1837281 1.3429398 1.3256208 1.1821760 1.1903335 1.0630185 1.1177876 1.2119615 1.2993067 1.2003763 1.0441378 1.2329232 1.4139077 
VL2_HPV1A_3_507 0.9337401 0.9452835 0.9414673 0.8405398 0.8042055 0.0000000 0.5366011 1.5232017 1.3345428 1.2564831 1.3173253 1.1846902 1.3860961 1.3955281 1.5375021 1.3880394 1.6164422 1.5534533 1.5216800 1.4612295 1.3192194 1.1324714 1.3079905 1.2452747 1.3406249 1.2699746 1.3518767 1.4883670 0.8176454 
VL2_HPV63_3_504 0.7967456 0.8446048 0.8456327 0.8062026 0.7871369 0.5366011 0.0000000 1.4230434 1.3817667 1.3506168 1.2590454 1.1832871 1.4005102 1.4002848 1.4328768 1.3641470 1.4888520 1.4704811 1.3809722 1.3824190 1.3398688 1.2885392 1.1932970 1.1664610 1.2283569 1.2206364 1.2272594 1.3969542 1.0905131 
VL2_HPV04_3_520 1.3010383 1.3752959 1.3672567 1.4876854 1.4134790 1.5232017 1.4230434 0.0000000 1.8061985 1.9143152 1.9214092 1.9016183 1.8473971 2.0518938 1.6266349 1.6427565 1.8830554 1.8106016 1.9493033 1.8621373 1.7129110 1.7892524 1.7444220 1.7437318 1.7763318 1.7142303 1.7585875 2.0137069 2.0689721 
VL2_HPV34_5_464 1.1499983 1.2597732 1.2602323 1.2677110 1.3155381 1.3345428 1.3817667 1.8061985 0.0000000 0.5254962 0.5544106 0.6223076 0.5511302 0.5900945 0.7440297 0.7592370 0.6592531 0.6375906 0.6968996 0.7506680 0.8799626 0.7748013 0.6447226 0.7549726 0.7647834 0.7697177 0.7984105 0.7090015 1.4943819 
VL2_HPV16_5_464 1.1413327 1.2005950 1.1348123 1.1561598 1.2220239 1.2564831 1.3506168 1.9143152 0.5254962 0.0000000 0.3009492 0.3725788 0.4156437 0.4509994 0.8342260 0.7586316 0.7654279 0.8075613 0.7525164 0.7798532 0.9092080 0.7116955 0.8203598 0.7708837 0.7562756 0.7836140 0.7403801 0.6671629 1.2972550 
VL2_HPV35_5_460 1.0393064 1.0560812 1.1218771 1.1088642 1.1463202 1.3173253 1.2590454 1.9214092 0.5544106 0.3009492 0.0000000 0.3204095 0.3098102 0.3415170 0.6322784 0.6689680 0.6120697 0.6518482 0.6437633 0.5620962 0.9084495 0.7403832 0.7556140 0.7782841 0.6984170 0.7202264 0.6868651 0.5696254 1.3048990 
VL2_HPV31_5_457 1.0696102 1.0790505 1.0351240 0.9563418 1.1064195 1.1846902 1.1832871 1.9016183 0.6223076 0.3725788 0.3204095 0.0000000 0.4064781 0.3172784 0.6372126 0.7401401 0.7023955 0.7087240 0.6574808 0.5995359 0.8443921 0.6252368 0.7812602 0.8280336 0.6858988 0.7205378 0.6970057 0.5932730 1.4198411 
VL2_HPV33_5_458 1.2267559 1.3430130 1.3291739 1.2944795 1.3137096 1.3860961 1.4005102 1.8473971 0.5511302 0.4156437 0.3098102 0.4064781 0.0000000 0.2595846 0.5874455 0.7209719 0.6499128 0.6979741 0.5762641 0.6418855 0.9067902 0.6883990 0.7741523 0.8244516 0.6682859 0.7203783 0.7313952 0.6203393 1.5621644 
VL2_HPV52_5_457 1.3016990 1.2366962 1.2134472 1.2116072 1.2088744 1.3955281 1.4002848 2.0518938 0.5900945 0.4509994 0.3415170 0.3172784 0.2595846 0.0000000 0.6721371 0.7487949 0.6616903 0.7139076 0.5796355 0.5654433 0.8307239 0.6105923 0.7408295 0.7567967 0.6605741 0.6472012 0.6534717 0.6703328 1.5197089 
VL2_HPV32_5_467 1.1399332 1.1988513 1.1501961 1.1999907 1.2248382 1.5375021 1.4328768 1.6266349 0.7440297 0.8342260 0.6322784 0.6372126 0.5874455 0.6721371 0.0000000 0.2491126 0.6795301 0.7317782 0.6686352 0.6385341 0.8773591 0.8140041 0.7863744 0.8868555 0.7555273 0.8179521 0.7538330 0.7787288 1.9040862 
VL2_HPV42_5_468 1.1171572 1.2835933 1.2647308 1.2081053 1.3068384 1.3880394 1.3641470 1.6427565 0.7592370 0.7586316 0.6689680 0.7401401 0.7209719 0.7487949 0.2491126 0.0000000 0.6736083 0.6964153 0.6466437 0.7126725 0.8416360 0.7742944 0.7156036 0.7778729 0.8040957 0.8086063 0.7843194 0.6894016 1.5991995 
VL2_HPV13_5_456 1.2789015 1.2520984 1.1521317 1.1377835 1.1837281 1.6164422 1.4888520 1.8830554 0.6592531 0.7654279 0.6120697 0.7023955 0.6499128 0.6616903 0.6795301 0.6736083 0.0000000 0.1416399 0.2010698 0.5271016 0.8331605 0.7198320 0.6885635 0.8935197 0.8352414 0.7683055 0.6178274 0.6105183 1.6177891 
VL2_PCPV1_5_456 1.3150551 1.3372070 1.2504682 1.2432826 1.3429398 1.5534533 1.4704811 1.8106016 0.6375906 0.8075613 0.6518482 0.7087240 0.6979741 0.7139076 0.7317782 0.6964153 0.1416399 0.0000000 0.3108124 0.5740904 0.9160267 0.7664060 0.7095710 0.8836399 0.8830221 0.7818143 0.6425135 0.6628019 1.6087758 
VL2_HPV11_4_448 1.3406638 1.3994827 1.2761823 1.2518831 1.3256208 1.5216800 1.3809722 1.9493033 0.6968996 0.7525164 0.6437633 0.6574808 0.5762641 0.5796355 0.6686352 0.6466437 0.2010698 0.3108124 0.0000000 0.4729032 0.7612612 0.6301236 0.7020788 0.8292887 0.7467890 0.6930004 0.6695986 0.6577902 1.6631899 
VL2_HPV07_5_455 1.2099072 1.1667468 1.2267115 1.1786135 1.1821760 1.4612295 1.3824190 1.8621373 0.7506680 0.7798532 0.5620962 0.5995359 0.6418855 0.5654433 0.6385341 0.7126725 0.5271016 0.5740904 0.4729032 0.0000000 0.7293739 0.6873278 0.8007122 0.8697059 0.8492253 0.7374109 0.7673782 0.7724880 1.6245483 
VL2_HPV56_5_455 1.4527084 1.4009223 1.3679479 1.2866330 1.1903335 1.3192194 1.3398688 1.7129110 0.8799626 0.9092080 0.9084495 0.8443921 0.9067902 0.8307239 0.8773591 0.8416360 0.8331605 0.9160267 0.7612612 0.7293739 0.0000000 0.2729396 0.6233943 0.5484447 0.6177685 0.5416847 0.7634203 0.6726666 1.4339798 
VL2_HPV30_5_454 1.1941783 1.0755417 1.0993122 1.1069777 1.0630185 1.1324714 1.2885392 1.7892524 0.7748013 0.7116955 0.7403832 0.6252368 0.6883990 0.6105923 0.8140041 0.7742944 0.7198320 0.7664060 0.6301236 0.6873278 0.2729396 0.0000000 0.5536103 0.4829646 0.5331506 0.4286509 0.6368232 0.5145820 1.3425844 
VL2_HPV18_5_453 1.0795933 1.2060536 1.1935585 1.0456011 1.1177876 1.3079905 1.1932970 1.7444220 0.6447226 0.8203598 0.7556140 0.7812602 0.7741523 0.7408295 0.7863744 0.7156036 0.6885635 0.7095710 0.7020788 0.8007122 0.6233943 0.5536103 0.0000000 0.3372294 0.4723947 0.4308423 0.6831012 0.5247399 1.3058884 
VL2_HPV39_5_461 1.1264503 1.2974683 1.2449010 1.1572425 1.2119615 1.2452747 1.1664610 1.7437318 0.7549726 0.7708837 0.7782841 0.8280336 0.8244516 0.7567967 0.8868555 0.7778729 0.8935197 0.8836399 0.8292887 0.8697059 0.5484447 0.4829646 0.3372294 0.0000000 0.4201358 0.3784558 0.6929723 0.5932169 1.4135314 
VL2_HPV26_5_463 1.3335334 1.4267822 1.4972617 1.2027683 1.2993067 1.3406249 1.2283569 1.7763318 0.7647834 0.7562756 0.6984170 0.6858988 0.6682859 0.6605741 0.7555273 0.8040957 0.8352414 0.8830221 0.7467890 0.8492253 0.6177685 0.5331506 0.4723947 0.4201358 0.0000000 0.2393814 0.6604829 0.6694858 1.4077756 
VL2_HPV51_5_459 1.3258987 1.3471672 1.3229980 1.1260882 1.2003763 1.2699746 1.2206364 1.7142303 0.7697177 0.7836140 0.7202264 0.7205378 0.7203783 0.6472012 0.8179521 0.8086063 0.7683055 0.7818143 0.6930004 0.7374109 0.5416847 0.4286509 0.4308423 0.3784558 0.2393814 0.0000000 0.7192827 0.5322325 1.3309560 
VL2_HPV27_3_455 1.2428561 1.1572322 1.0832193 1.1318943 1.0441378 1.3518767 1.2272594 1.7585875 0.7984105 0.7403801 0.6868651 0.6970057 0.7313952 0.6534717 0.7538330 0.7843194 0.6178274 0.6425135 0.6695986 0.7673782 0.7634203 0.6368232 0.6831012 0.6929723 0.6604829 0.7192827 0.0000000 0.6289019 1.3603449 
VL2_HPV03_5_464 1.1699672 1.3260949 1.1708440 1.1060701 1.2329232 1.4883670 1.3969542 2.0137069 0.7090015 0.6671629 0.5696254 0.5932730 0.6203393 0.6703328 0.7787288 0.6894016 0.6105183 0.6628019 0.6577902 0.7724880 0.6726666 0.5145820 0.5247399 0.5932169 0.6694858 0.5322325 0.6289019 0.0000000 1.4055477 
VL2_CRPVK_4_480 1.2721623 1.4680829 1.5922592 1.3186764 1.4139077 0.8176454 1.0905131 2.0689721 1.4943819 1.2972550 1.3048990 1.4198411 1.5621644 1.5197089 1.9040862 1.5991995 1.6177891 1.6087758 1.6631899 1.6245483 1.4339798 1.3425844 1.3058884 1.4135314 1.4077756 1.3309560 1.3603449 1.4055477 0.0000000 
