6
GBP2_HUMAN_282_578   0.0000000 0.3986028 1.0545721 1.2446227 1.7748633 5.1187512 
GBP1_MOUSE_282_578   0.3986028 0.0000000 1.1748518 1.3658150 1.8618985 5.3521003 
Q61107_MOUSE_277_573 1.0545721 1.1748518 0.0000000 0.5879866 1.8345806 4.9730057 
Q61594_MOUSE_281_575 1.2446227 1.3658150 0.5879866 0.0000000 1.9914750 5.3044621 
Q90892_CHICK_279_565 1.7748633 1.8618985 1.8345806 1.9914750 0.0000000 4.8715616 
Q9ZWA5_ARATH_206_505 5.1187512 5.3521003 4.9730057 5.3044621 4.8715616 0.0000000 
