6
Q9FVQ8_ARATH_133_400 0.0000000 0.4780591 1.4751647 1.1415666 1.2082779 1.3688883 
O49413_ARATH_145_402 0.4780591 0.0000000 1.5016658 1.1796099 1.3614541 1.6203694 
IWS1_CAEEL_238_509   1.4751647 1.5016658 0.0000000 0.8304972 0.7486163 1.5020145 
Q9VXI0_DROME_94_353  1.1415666 1.1796099 0.8304972 0.0000000 0.6757912 1.6181135 
IWS1_HUMAN_558_817   1.2082779 1.3614541 0.7486163 0.6757912 0.0000000 1.3827538 
IWS1_SCHPO_187_428   1.3688883 1.6203694 1.5020145 1.6181135 1.3827538 0.0000000 
