29
Q9KYS6_STRCO_17_383  0.0000000 0.8786161 0.8144914 0.9999332 1.1875071 0.9786697 1.1270317 1.5625885 1.1237833 1.1457530 1.1745864 1.1305214 1.2091318 1.1415299 1.2355698 1.3141973 1.3508350 1.7717649 1.5312271 1.2457448 1.2978537 1.4549497 1.5474614 1.2028356 1.5304445 1.7279429 2.0678231 2.2899968 3.1839294 
Q82NH8_STRAW_17_390  0.8786161 0.0000000 0.8710067 1.1076071 1.2020338 1.0045767 1.1185988 1.6321572 1.3058557 1.2817186 1.3754786 1.1650490 1.4614741 1.2984383 1.3405261 1.4230796 1.3995622 1.7958766 1.7366055 1.5517474 1.2642715 1.5999615 1.7741842 1.4637211 1.4759485 2.0245718 1.9589397 1.9612747 3.6270618 
Q93HN8_STRAW_25_396  0.8144914 0.8710067 0.0000000 0.5069910 0.7003782 0.9716163 1.0129993 1.5473020 1.0620886 1.2415119 1.1790600 1.0741492 1.1378502 1.0308352 1.1048253 1.2882110 1.1763217 1.9133630 1.5852417 1.4423526 1.4218639 1.5107018 1.8508788 1.5832972 1.4281644 1.6678565 2.1291563 1.9157244 3.2326115 
Q9F4C8_BIFLO_25_398  0.9999332 1.1076071 0.5069910 0.0000000 0.5402153 1.0670858 1.3012594 1.5953204 1.3399133 1.3952634 1.3132751 1.2328465 1.2603308 1.2375273 1.1583665 1.2561456 1.4477209 1.7800222 1.8948832 1.4921330 1.5935226 1.6976793 1.9034458 1.6256030 1.5502221 1.6227715 2.0684437 2.2458874 3.0670006 
Q8G7K5_BIFLO_25_398  1.1875071 1.2020338 0.7003782 0.5402153 0.0000000 1.1579234 1.2845573 1.6204270 1.4533683 1.3746999 1.2531548 1.3845445 1.5338094 1.3480532 1.3658478 1.6061765 1.4285083 1.9429929 1.8504699 1.6114178 1.6013438 1.5811810 1.9121607 1.7911243 1.7101233 1.8385027 2.2844861 2.1014569 3.3061808 
BGAL_BACST_12_382    0.9786697 1.0045767 0.9716163 1.0670858 1.1579234 0.0000000 0.8758064 1.3977684 1.3501776 1.1191477 1.0732458 1.1686168 1.3418623 1.2366514 1.4286209 1.4646740 1.4778917 1.8603495 1.4943842 1.5168528 1.4807380 1.5147541 1.6118144 1.6414394 1.5498364 1.9776202 2.0859950 2.6924344 3.0085501 
Q9RFN0_CARPI_12_381  1.1270317 1.1185988 1.0129993 1.3012594 1.2845573 0.8758064 0.0000000 1.3616938 1.2608259 1.0801791 1.1400600 1.3292385 1.3704226 1.1870522 1.2229860 1.3864566 1.3610329 1.8660927 2.0844656 1.5517792 1.5099249 1.4649022 1.6079228 1.7504269 1.7479756 1.7967783 2.0692807 2.8497595 2.9940288 
Q5FJ41_LACAC_12_386  1.5625885 1.6321572 1.5473020 1.5953204 1.6204270 1.3977684 1.3616938 0.0000000 1.2168232 1.1092543 0.8305017 1.2356853 1.6287304 1.3887671 1.2896379 1.3314029 1.3887815 2.0286539 1.5821155 1.9555763 1.7092553 1.9694868 1.7876691 1.8118251 1.8931934 2.1498611 2.5478166 3.0752451 4.0320933 
Q82N52_STRAW_14_387  1.1237833 1.3058557 1.0620886 1.3399133 1.4533683 1.3501776 1.2608259 1.2168232 0.0000000 1.0905705 0.9105438 1.1613452 1.0748157 0.9133497 1.1956426 1.0936841 1.0764805 2.1590657 2.0247655 1.8929404 1.4449519 1.5269853 2.0337898 1.8949598 1.5862440 2.2443861 2.7740622 2.8396646 3.7759672 
Q9WYE6_THEMA_14_390  1.1457530 1.2817186 1.2415119 1.3952634 1.3746999 1.1191477 1.0801791 1.1092543 1.0905705 0.0000000 0.6770036 1.0830938 1.2604491 1.2687835 1.1468895 1.1354464 1.2683669 1.8150132 1.8480756 1.8142169 1.6210258 1.6620670 1.6991407 1.7739948 1.6831666 1.7935275 2.0880808 2.7575323 3.6046005 
Q45092_BACCI_14_386  1.1745864 1.3754786 1.1790600 1.3132751 1.2531548 1.0732458 1.1400600 0.8305017 0.9105438 0.6770036 0.0000000 1.0269343 1.2204702 1.0415570 1.0667632 1.1837941 1.1630015 1.8638639 1.7563348 1.6662496 1.4588265 1.4600958 1.6842689 1.7233757 1.5416249 1.8936249 2.7483976 2.9129807 3.6659066 
Q59312_CLOPE_6_384   1.1305214 1.1650490 1.0741492 1.2328465 1.3845445 1.1686168 1.3292385 1.2356853 1.1613452 1.0830938 1.0269343 0.0000000 0.5822822 0.6051678 0.6570864 0.7777143 0.7811408 1.7121433 1.6934015 1.5999188 1.3795869 1.4093152 1.8536253 1.8486071 1.6221022 1.7907195 2.0842717 2.3431451 3.0731482 
O07012_BACSU_21_402  1.2091318 1.4614741 1.1378502 1.2603308 1.5338094 1.3418623 1.3704226 1.6287304 1.0748157 1.2604491 1.2204702 0.5822822 0.0000000 0.4227666 0.6312600 0.6097385 0.7014067 1.9624364 1.9308098 1.7888611 1.5327335 1.6047633 1.9798754 1.8702046 1.9900684 2.0278453 2.2645054 2.9979619 3.5098410 
Q5WC61_BACSK_18_400  1.1415299 1.2984383 1.0308352 1.2375273 1.3480532 1.2366514 1.1870522 1.3887671 0.9133497 1.2687835 1.0415570 0.6051678 0.4227666 0.0000000 0.6021596 0.6894118 0.6658544 1.9286065 1.8882270 1.8167886 1.4197750 1.4543915 1.8897311 1.8387386 1.6830274 2.0263403 2.3126838 2.4684983 3.7825303 
Q666Z7_YERPS_19_393  1.2355698 1.3405261 1.1048253 1.1583665 1.3658478 1.4286209 1.2229860 1.2896379 1.1956426 1.1468895 1.0667632 0.6570864 0.6312600 0.6021596 0.0000000 0.7825069 0.7763778 1.8110693 1.5926179 1.8349973 1.3855973 1.5767860 1.7213795 1.7363451 1.5255451 1.9297796 2.0173098 2.5357651 3.2005973 
Q74KL4_LACJO_15_395  1.3141973 1.4230796 1.2882110 1.2561456 1.6061765 1.4646740 1.3864566 1.3314029 1.0936841 1.1354464 1.1837941 0.7777143 0.6097385 0.6894118 0.7825069 0.0000000 0.5201572 1.8359350 1.8301791 1.8952130 1.6018801 1.6740721 2.0318322 1.8128869 1.9080112 1.9950513 2.1614440 3.1677991 3.3545896 
Q88SG0_LACPL_15_396  1.3508350 1.3995622 1.1763217 1.4477209 1.4285083 1.4778917 1.3610329 1.3887815 1.0764805 1.2683669 1.1630015 0.7811408 0.7014067 0.6658544 0.7763778 0.5201572 0.0000000 1.9924214 1.5952860 1.7511995 1.3009046 1.3334680 1.8916926 1.6891816 1.9648108 1.7901984 2.3197013 2.5433467 3.0884998 
Q8FA02_LEPIN_6_381   1.7717649 1.7958766 1.9133630 1.7800222 1.9429929 1.8603495 1.8660927 2.0286539 2.1590657 1.8150132 1.8638639 1.7121433 1.9624364 1.9286065 1.8110693 1.8359350 1.9924214 0.0000000 1.5483705 1.3478161 1.2972259 1.2241545 1.3600260 1.4643353 1.3751402 1.3906552 1.8098266 3.3437879 3.3653392 
Q8GEE3_CLOCL_6_377   1.5312271 1.7366055 1.5852417 1.8948832 1.8504699 1.4943842 2.0844656 1.5821155 2.0247655 1.8480756 1.7563348 1.6934015 1.9308098 1.8882270 1.5926179 1.8301791 1.5952860 1.5483705 0.0000000 1.7144787 1.4012445 1.4444427 1.6629671 1.5993032 1.4923746 1.7641310 2.2280373 3.1196997 3.6954763 
Q92UN3_RHIME_2_387   1.2457448 1.5517474 1.4423526 1.4921330 1.6114178 1.5168528 1.5517792 1.9555763 1.8929404 1.8142169 1.6662496 1.5999188 1.7888611 1.8167886 1.8349973 1.8952130 1.7511995 1.3478161 1.7144787 0.0000000 0.5556607 0.6140761 0.7666550 0.5754256 1.1026027 1.3631124 1.9527057 2.7790718 3.5355790 
O69315_9DEIN_5_390   1.2978537 1.2642715 1.4218639 1.5935226 1.6013438 1.4807380 1.5099249 1.7092553 1.4449519 1.6210258 1.4588265 1.3795869 1.5327335 1.4197750 1.3855973 1.6018801 1.3009046 1.2972259 1.4012445 0.5556607 0.0000000 0.4254174 0.8328818 0.6690321 1.0204482 1.2111696 1.8144011 2.5107449 3.4823017 
O85248_THENE_5_392   1.4549497 1.5999615 1.5107018 1.6976793 1.5811810 1.5147541 1.4649022 1.9694868 1.5269853 1.6620670 1.4600958 1.4093152 1.6047633 1.4543915 1.5767860 1.6740721 1.3334680 1.2241545 1.4444427 0.6140761 0.4254174 0.0000000 0.8223705 0.7313354 0.8677524 1.1798044 1.8342880 2.8911840 2.9986610 
Q6BA77_9PROT_11_397  1.5474614 1.7741842 1.8508788 1.9034458 1.9121607 1.6118144 1.6079228 1.7876691 2.0337898 1.6991407 1.6842689 1.8536253 1.9798754 1.8897311 1.7213795 2.0318322 1.8916926 1.3600260 1.6629671 0.7666550 0.8328818 0.8223705 0.0000000 0.4317670 1.2821780 1.3648289 2.0681327 3.2846541 3.4697775 
Q6SF70_9BACT_11_405  1.2028356 1.4637211 1.5832972 1.6256030 1.7911243 1.6414394 1.7504269 1.8118251 1.8949598 1.7739948 1.7233757 1.8486071 1.8702046 1.8387386 1.7363451 1.8128869 1.6891816 1.4643353 1.5993032 0.5754256 0.6690321 0.7313354 0.4317670 0.0000000 1.0650360 1.4430338 2.0917646 2.8404399 3.5953953 
P94804_HALSQ_6_389   1.5304445 1.4759485 1.4281644 1.5502221 1.7101233 1.5498364 1.7479756 1.8931934 1.5862440 1.6831666 1.5416249 1.6221022 1.9900684 1.6830274 1.5255451 1.9080112 1.9648108 1.3751402 1.4923746 1.1026027 1.0204482 0.8677524 1.2821780 1.0650360 0.0000000 1.4003930 1.9760808 3.3156278 3.3926590 
Q8A069_BACTN_332_709 1.7279429 2.0245718 1.6678565 1.6227715 1.8385027 1.9776202 1.7967783 2.1498611 2.2443861 1.7935275 1.8936249 1.7907195 2.0278453 2.0263403 1.9297796 1.9950513 1.7901984 1.3906552 1.7641310 1.3631124 1.2111696 1.1798044 1.3648289 1.4430338 1.4003930 0.0000000 2.0585938 3.1912013 2.8679573 
O31529_BACSU_9_375   2.0678231 1.9589397 2.1291563 2.0684437 2.2844861 2.0859950 2.0692807 2.5478166 2.7740622 2.0880808 2.7483976 2.0842717 2.2645054 2.3126838 2.0173098 2.1614440 2.3197013 1.8098266 2.2280373 1.9527057 1.8144011 1.8342880 2.0681327 2.0917646 1.9760808 2.0585938 0.0000000 4.3768066 4.1137490 
Q44233_ARTSP_37_411  2.2899968 1.9612747 1.9157244 2.2458874 2.1014569 2.6924344 2.8497595 3.0752451 2.8396646 2.7575323 2.9129807 2.3431451 2.9979619 2.4684983 2.5357651 3.1677991 2.5433467 3.3437879 3.1196997 2.7790718 2.5107449 2.8911840 3.2846541 2.8404399 3.3156278 3.1912013 4.3768066 0.0000000 5.0660063 
Q9UYH2_PYRAB_26_422  3.1839294 3.6270618 3.2326115 3.0670006 3.3061808 3.0085501 2.9940288 4.0320933 3.7759672 3.6046005 3.6659066 3.0731482 3.5098410 3.7825303 3.2005973 3.3545896 3.0884998 3.3653392 3.6954763 3.5355790 3.4823017 2.9986610 3.4697775 3.5953953 3.3926590 2.8679573 4.1137490 5.0660063 0.0000000 
