6
POLG_GBVB_84_156     0.0000000 1.6867242 1.3203130 1.2978564 1.3194410 1.4624343 
POLG_HCVEV_115_189   1.6867242 0.0000000 0.2054986 0.2212090 0.2623592 0.2830441 
POLG_HCVJ8_115_189   1.3203130 0.2054986 0.0000000 0.0997063 0.1322583 0.1659977 
POLG_HCVTW_115_189   1.2978564 0.2212090 0.0997063 0.0000000 0.1031915 0.1337785 
O92933_9HEPC_116_190 1.3194410 0.2623592 0.1322583 0.1031915 0.0000000 0.1681763 
POLG_HCVT5_115_189   1.4624343 0.2830441 0.1659977 0.1337785 0.1681763 0.0000000 
