58
Q9RK76_STRCO_139_482 0.0000000 0.6559332 0.7037635 0.8786423 1.0044728 0.7408547 0.8323743 1.0371835 1.0042545 1.1682249 1.1516041 1.1880667 1.2541356 0.8685375 1.0587728 1.1414211 1.0317150 0.9841329 0.8155931 1.2618853 1.7092886 1.3097231 1.8329428 0.9586040 1.2882951 1.0729137 1.2924557 1.3478313 1.1422625 1.4093598 1.1056837 1.3754190 1.2957720 1.1958427 1.3291964 1.6230594 1.4134682 1.7610287 1.1667878 1.5457850 1.1842029 1.2196248 1.6737408 1.2133972 3.4128125 1.5199143 1.3174248 1.8619829 1.4019612 1.3689424 1.3755893 1.5804717 3.6327078 5.0743331 5.9061042 4.5005616 2.2639082 3.9370550 
Q8VUM1_ALTSO_163_509 0.6559332 0.0000000 0.3757344 0.6705555 1.1164405 0.7293195 0.7176509 0.6487354 0.7900097 1.0897361 0.7852916 0.8370693 0.6712290 0.5948148 0.8393492 0.7868941 0.6679327 0.7856606 0.8270989 0.7207959 1.2077180 1.1529808 1.9660478 0.9164855 1.1209939 1.1162269 1.2519958 1.1861929 1.5002106 1.1958413 0.9620698 1.3075322 1.0548328 0.9454887 1.0757752 1.3005547 1.0922850 1.7825662 0.8930093 1.4376673 1.1243973 1.1965887 1.7239016 0.8484592 3.0999540 1.2924799 0.9706526 1.4567791 1.3033887 1.4630750 1.5470461 1.3787451 3.1576949 3.1596561 3.8191479 3.5121940 1.9884150 3.8547077 
Q7PC49_SACD2_182_529 0.7037635 0.3757344 0.0000000 0.6219066 1.0616995 0.7676245 0.7631590 0.5149912 0.4831148 0.9139606 0.9500926 0.7865750 0.5268109 0.6206072 0.6499562 0.6937091 0.9760468 0.9572766 0.6388357 0.7510843 1.1730981 1.1437418 1.8503293 1.0185675 0.9812152 1.2447757 1.2853071 1.2001307 1.3657075 1.1202465 1.1735522 1.3043785 1.0106580 0.8701252 1.1622501 1.2254100 1.1696893 1.7296985 1.0506901 1.5833594 0.7383845 1.0870169 1.6106107 0.8012828 2.5941692 1.0736842 0.9519241 1.1891931 1.0475556 1.2702695 1.5638591 1.5067318 2.8639582 4.5617144 4.9508207 3.7252849 2.5984166 3.2942049 
Q8P6S5_XANCP_188_529 0.8786423 0.6705555 0.6219066 0.0000000 0.7718818 0.6151154 1.0569805 0.6605862 0.7130402 1.0433204 0.8170636 0.6694689 0.7334249 0.8508942 1.0599266 0.8085731 0.9612118 1.2522733 0.6804874 0.9711343 1.2107867 1.2228964 1.6796277 0.9232938 1.0076591 0.9180572 1.0385089 1.3513219 0.9767481 1.0033662 0.8344059 0.9731326 0.9114509 0.8491722 0.9066035 1.4010242 1.0864572 1.7289199 1.0323291 1.1329037 0.8946782 0.9664480 1.2986333 1.1930222 2.5903338 1.1653879 1.1048738 1.0582386 1.4513391 1.3155327 2.0550726 2.3084406 3.0550664 3.6651648 5.7934677 3.0004368 3.4183811 3.2893247 
Q9AAZ5_CAUCR_157_495 1.0044728 1.1164405 1.0616995 0.7718818 0.0000000 0.7456046 0.8690673 0.9030899 0.8114009 0.9299077 0.9645606 0.7385760 0.9126949 0.7710338 1.2220980 1.0144371 1.0953250 1.2078978 0.8334234 1.3312022 0.9175998 1.0143089 1.5950270 0.7794291 0.9790843 0.9747442 0.8715746 0.7592239 0.8593070 0.8369927 0.8882634 0.8712329 1.0521405 1.0246057 1.0439923 1.0595883 1.1304844 1.6633217 0.8419273 1.1390503 0.9653355 0.7293418 1.1212774 0.9959707 3.0195266 1.1549215 1.6149692 1.6788381 0.9885475 1.2387406 2.0261539 1.5146580 3.1328550 3.4906529 3.3902801 3.3059996 2.9747127 2.5105598 
Q82D50_STRAW_140_521 0.7408547 0.7293195 0.7676245 0.6151154 0.7456046 0.0000000 0.8279478 0.7354880 0.7848744 0.9256252 0.5395042 0.6437844 0.6907562 0.8092398 0.6688886 0.8011040 0.9486377 1.2783857 0.6727123 1.0174695 1.0731081 1.0470628 1.3053871 0.5447061 0.7529413 0.9253844 1.0174946 1.0181440 1.0147100 0.6411044 0.8838928 1.4126660 1.1450365 1.0842464 1.2145139 1.3709934 1.1828316 2.0687580 1.0469240 1.1550378 0.9516457 1.0291917 1.4406371 1.3150736 3.1537823 1.2717736 1.4635793 1.7463797 1.3888123 1.4482859 1.9608355 1.9137881 2.8149433 4.8126931 5.3739577 4.1822105 3.1938779 4.0388328 
Q8VS76_BACTN_199_561 0.8323743 0.7176509 0.7631590 1.0569805 0.8690673 0.8279478 0.0000000 0.9537112 0.6338912 0.9613976 0.8797295 0.9518051 0.8709369 0.7715943 0.9110001 0.9475044 0.9303615 1.0119145 1.0348529 1.2399013 1.3836817 1.0261966 1.6470080 1.0473983 0.8091982 1.2504609 1.2352577 1.0223646 1.2646073 1.0848593 1.2923318 1.2368651 1.0313548 1.1358070 1.3383090 1.1331504 1.1828503 2.2236871 1.0686958 1.1621033 0.9664445 1.3385739 1.5160892 1.1731676 3.3225340 1.2442168 1.0393129 1.2375987 1.0960416 1.6035239 1.9556464 1.8259251 3.9417776 4.1661471 4.6131288 4.5337376 2.9860267 4.5797218 
Q84ID8_BACFR_159_510 1.0371835 0.6487354 0.5149912 0.6605862 0.9030899 0.7354880 0.9537112 0.0000000 0.5587901 0.9374448 0.8672050 0.6804129 0.5122256 0.7508091 0.8672959 0.8522125 0.8437673 0.7756768 0.6417433 0.7639796 1.0629542 1.3645764 2.0834485 1.0694542 1.1564206 1.3800681 1.2372046 1.2429650 1.2387431 1.2225235 1.1242414 1.3685398 1.2651840 0.9815556 1.6826063 1.6288710 1.1885502 2.1078663 1.1523486 1.2469142 0.6366594 1.1766459 1.8659552 0.8131122 2.2506950 0.9275540 1.1492527 1.2919989 1.2326564 1.5237105 1.9740133 1.6688651 3.7130858 4.8236877 5.3037596 3.1345993 3.5091190 3.3690473 
HEXA_PORGI_170_506   1.0042545 0.7900097 0.4831148 0.7130402 0.8114009 0.7848744 0.6338912 0.5587901 0.0000000 0.6881209 0.7633346 0.7678642 0.5493112 0.6769737 0.8018390 0.7637855 0.9652946 1.0423952 0.8220475 0.8007372 1.2437163 1.1941276 1.3763164 0.9265012 0.8839168 1.0120161 1.0323241 0.9028749 0.9661880 0.9634847 0.9757306 1.4179562 1.1111479 0.8896287 1.4978628 1.5752943 1.1038358 1.9836655 1.1777480 1.2238171 0.6198980 1.1593444 1.8027376 0.8790140 2.2264294 1.1070058 1.2520293 1.4310989 0.6204382 1.1893141 1.8012900 1.8827603 2.7430973 4.3685690 4.4342452 3.6823400 3.2170716 3.3125920 
Q84ID6_BACFR_154_498 1.1682249 1.0897361 0.9139606 1.0433204 0.9299077 0.9256252 0.9613976 0.9374448 0.6881209 0.0000000 0.7200096 0.8313627 0.9512619 0.7140519 1.0233548 0.6702457 1.1011679 0.8467354 0.9502233 1.1212074 0.9408011 1.6984699 1.2992899 0.7867912 1.0613040 0.7744527 0.9146765 0.9820689 0.8829067 1.0056108 0.7933537 1.5484334 1.5563705 1.4129712 1.7830151 1.3621866 1.2972394 1.6498444 1.4912156 1.2121695 0.9272977 1.2388836 1.6401193 0.9693155 2.2774197 0.9440832 1.3336239 1.3638167 1.1040427 0.9201951 1.4442676 1.4085661 3.2489199 5.0041442 3.6545980 2.5743968 2.7973956 2.7243237 
Q8A2X7_BACTN_161_516 1.1516041 0.7852916 0.9500926 0.8170636 0.9645606 0.5395042 0.8797295 0.8672050 0.7633346 0.7200096 0.0000000 0.7316830 0.6645559 0.9031483 0.6878393 0.6838834 0.9621142 0.9575118 0.8843929 0.9807608 0.8596650 1.2544230 1.3850279 0.5723440 0.8591631 0.8171005 0.9289258 0.9660535 1.0924788 0.7550164 0.6567805 1.3656706 1.1674662 1.3512418 1.3188230 1.1115117 1.1198866 1.7064595 1.3020984 1.0355093 0.8364431 1.0783732 1.3618953 0.9210206 2.6630836 1.1086078 1.0860408 1.2696639 1.1264478 1.5766114 1.2036401 1.6386066 2.6254215 4.8101628 3.7887882 3.5744034 3.3129469 3.4022736 
Q8AAF9_BACTN_158_510 1.1880667 0.8370693 0.7865750 0.6694689 0.7385760 0.6437844 0.9518051 0.6804129 0.7678642 0.8313627 0.7316830 0.0000000 0.5314578 0.6626176 0.9335076 0.5300944 0.9329100 0.9531622 0.7938926 0.8571986 0.8463602 1.4664419 1.1231658 0.5579622 0.7173073 0.8476682 0.9336539 0.8106071 1.1237248 0.6332999 0.8118855 1.3493730 1.4776174 1.1153671 1.3949971 1.3619262 1.4449102 2.5823113 1.1470848 1.1058211 0.9288592 1.2479342 1.9791755 1.0289221 2.7099006 1.0225471 1.4727977 1.2942063 0.9493525 1.3666029 1.8089823 1.2357413 3.8021265 3.3935120 5.3988835 4.8627497 3.0850083 2.7862135 
Q89ZI3_BACTN_160_514 1.2541356 0.6712290 0.5268109 0.7334249 0.9126949 0.6907562 0.8709369 0.5122256 0.5493112 0.9512619 0.6645559 0.5314578 0.0000000 0.6978520 0.5465762 0.4852853 0.8333714 0.9978289 0.6990543 0.6202003 0.8345616 1.2672061 1.5074745 0.7494835 0.7440891 0.9814857 1.0192197 0.7400755 1.2647496 0.7712059 0.9463459 1.3170952 1.3949225 1.1368970 1.4269699 1.4096443 1.3660012 2.0258052 0.9957582 1.5057454 0.9571535 1.0802785 1.7816800 0.8283592 2.3956449 0.9986339 1.1383244 1.4282421 0.8776476 1.4166467 1.7002031 1.5545718 2.5607667 3.8702489 4.9882565 4.3070752 2.6314515 3.0852718 
Q8DBY9_VIBVU_260_608 0.8685375 0.5948148 0.6206072 0.8508942 0.7710338 0.8092398 0.7715943 0.7508091 0.6769737 0.7140519 0.9031483 0.6626176 0.6978520 0.0000000 0.7905113 0.6687424 0.6963937 0.7442834 0.6271294 0.8636333 0.7930574 1.4306087 1.3918691 0.6184757 0.7270463 1.1232135 0.9348348 0.9339412 1.1951915 0.9226953 0.8986575 1.4328428 1.2382016 1.1502908 1.4547463 1.1252111 1.1613202 1.8503953 1.0017591 1.4632578 0.9653871 1.0459783 1.9735089 0.8500332 3.1199267 1.3265154 1.4239351 1.6920283 0.7780856 1.0226355 1.5560137 1.6586325 2.8916027 3.8090394 4.3500579 3.4084155 2.8499205 3.1627863 
Q8UCA2_AGRT5_274_621 1.0587728 0.8393492 0.6499562 1.0599266 1.2220980 0.6688886 0.9110001 0.8672959 0.8018390 1.0233548 0.6878393 0.9335076 0.5465762 0.7905113 0.0000000 0.8018893 0.9835625 1.2486764 0.8537542 0.8650619 1.2254504 1.3998305 1.6835346 0.7958361 1.0512388 1.2317386 1.2576203 0.9599324 1.4399682 0.9329282 1.0389453 1.7774750 1.4814489 1.4898571 1.5302231 1.3417352 1.4576914 2.0380102 1.1226284 1.9295363 0.9474220 1.2152203 2.1846067 1.1125358 2.5930412 1.1572218 1.4242468 1.5598853 1.0315984 1.6151984 1.5830490 1.6974093 2.7747606 4.5737483 5.7429410 3.7721499 3.0391915 3.4884933 
Q8A1R1_BACTN_146_482 1.1414211 0.7868941 0.6937091 0.8085731 1.0144371 0.8011040 0.9475044 0.8522125 0.7637855 0.6702457 0.6838834 0.5300944 0.4852853 0.6687424 0.8018893 0.0000000 0.9124073 0.8711930 0.9189851 0.9831315 1.0258049 1.3257752 1.2463580 0.6347695 0.8130798 0.8916861 1.0168582 0.8372049 1.3117574 0.8543993 0.8268095 1.3895436 1.2492710 1.1516278 1.2287447 1.3821703 1.2033504 1.9181335 1.1520237 1.1830616 0.9122175 1.2997333 1.5193631 0.8386865 2.6539227 1.2133337 1.4636864 1.5528892 1.1783690 1.3892144 1.4874342 1.5494186 2.8186566 3.5790408 4.5834845 3.7659702 2.2644173 3.0279125 
Q89YQ0_BACTN_164_500 1.0317150 0.6679327 0.9760468 0.9612118 1.0953250 0.9486377 0.9303615 0.8437673 0.9652946 1.1011679 0.9621142 0.9329100 0.8333714 0.6963937 0.9835625 0.9124073 0.0000000 0.9070866 0.7737954 0.7300871 0.9724212 1.6456351 1.7145382 0.9979843 1.0293087 0.9764398 1.0504396 1.2482303 1.1688295 1.0283284 0.8049681 1.3693468 1.0406912 1.0776294 1.6357533 1.1721695 1.3659004 2.3220738 1.2800092 1.6433527 1.1665101 1.4682288 1.9014691 1.4448876 3.2967553 1.1188717 1.2519666 1.8001916 1.5161944 1.4684564 1.5510711 1.4614038 3.3930743 3.6218231 4.0141268 3.8582453 2.0513296 2.6954973 
Q8A4Y8_BACTN_112_445 0.9841329 0.7856606 0.9572766 1.2522733 1.2078978 1.2783857 1.0119145 0.7756768 1.0423952 0.8467354 0.9575118 0.9531622 0.9978289 0.7442834 1.2486764 0.8711930 0.9070866 0.0000000 0.7985618 1.0579901 1.1043144 1.6167830 1.9153208 1.1229641 1.2476650 1.1249590 1.2854736 1.1013270 1.2318460 1.2371497 1.1254886 1.4266214 1.3182414 1.1303227 1.5601616 1.4897930 1.1006750 2.0275200 1.2205509 1.3710561 0.9908068 1.3290170 1.8795302 1.0386830 3.2295514 1.0900713 1.3691274 1.4883860 1.0613021 1.4448940 1.2249707 1.0606746 2.6196021 3.1190419 3.4925830 3.2869044 2.4229269 2.6951902 
Q7WUL4_CELFI_135_451 0.8155931 0.8270989 0.6388357 0.6804874 0.8334234 0.6727123 1.0348529 0.6417433 0.8220475 0.9502233 0.8843929 0.7938926 0.6990543 0.6271294 0.8537542 0.9189851 0.7737954 0.7985618 0.0000000 0.7273959 0.7826947 1.6566649 1.8683050 1.0061039 1.2999834 1.1211840 1.0355489 1.1557820 1.0433182 1.1250670 1.0772290 1.1703304 1.2307249 1.0815765 1.2746184 1.5172145 1.2793104 1.6963435 1.0216189 1.3506718 0.8783860 1.1874072 1.6606960 1.1608121 2.7610494 1.0112887 1.0039436 1.6566178 1.1277077 1.0954741 1.5615574 1.5545272 2.9175885 3.9448552 4.2652125 2.5119531 2.5211137 2.4717362 
O85361_STRPL_151_471 1.2618853 0.7207959 0.7510843 0.9711343 1.3312022 1.0174695 1.2399013 0.7639796 0.8007372 1.1212074 0.9807608 0.8571986 0.6202003 0.8636333 0.8650619 0.9831315 0.7300871 1.0579901 0.7273959 0.0000000 0.9326106 1.7728033 1.6679432 1.0637662 0.8995017 1.0386833 1.0546420 0.9489244 1.2427016 0.8426070 0.8000647 1.8857311 1.5798355 1.4046062 1.9953666 1.6799852 1.6908657 1.9437163 1.3779953 1.6794333 1.1045212 1.5305128 2.5023422 1.2861204 2.7198603 1.0916780 1.2150605 1.7439115 1.2355546 1.8503509 2.1532964 1.6453010 2.9977995 4.0618056 4.4300361 2.8338459 2.4514380 2.7227296 
Q9L448_ARTSP_487_833 1.7092886 1.2077180 1.1730981 1.2107867 0.9175998 1.0731081 1.3836817 1.0629542 1.2437163 0.9408011 0.8596650 0.8463602 0.8345616 0.7930574 1.2254504 1.0258049 0.9724212 1.1043144 0.7826947 0.9326106 0.0000000 1.8414122 1.9222017 1.0849420 1.1184382 1.1715249 1.1015688 1.1769509 1.4179794 1.0540513 0.8671199 1.6450785 1.9530116 1.8530224 1.8095696 1.4063760 1.6418038 1.8427163 1.7658598 1.8525061 1.2898900 1.5793133 2.1361608 1.7392441 2.9591968 1.2848847 1.6014923 2.2964001 1.3493820 1.0863903 1.7676566 1.8087954 3.5833925 4.2256016 4.0757896 3.5303286 3.7061522 2.4876432 
Q8D6E2_VIBVU_165_605 1.3097231 1.1529808 1.1437418 1.2228964 1.0143089 1.0470628 1.0261966 1.3645764 1.1941276 1.6984699 1.2544230 1.4664419 1.2672061 1.4306087 1.3998305 1.3257752 1.6456351 1.6167830 1.6566649 1.7728033 1.8414122 0.0000000 2.2572997 1.2342704 1.1761161 1.5301537 1.4539496 1.3274060 1.3148019 1.0410599 1.2766540 0.8445699 0.7809525 0.8630049 0.9335008 0.9384316 1.0827974 1.7787353 0.9356054 0.8151898 1.0333147 1.1272462 1.0764689 1.1396317 2.6917222 1.4414443 1.3030475 1.7820232 1.3759910 2.8278616 2.3776402 2.2581067 3.2471268 4.6763701 6.5087036 5.7461791 4.4414334 4.4715151 
Q9R6Y9_ALTSO_356_799 1.8329428 1.9660478 1.8503293 1.6796277 1.5950270 1.3053871 1.6470080 2.0834485 1.3763164 1.2992899 1.3850279 1.1231658 1.5074745 1.3918691 1.6835346 1.2463580 1.7145382 1.9153208 1.8683050 1.6679432 1.9222017 2.2572997 0.0000000 0.8429076 0.8971958 1.1298445 0.9748519 1.0071785 1.2869160 0.8665106 0.8567795 2.2815116 1.6771186 1.7136722 1.6557255 1.9273911 1.8832519 3.0866415 3.2198962 2.1835503 1.9960603 2.1155713 2.3090452 2.1605791 4.7555371 2.0163588 2.9204316 1.7407632 2.0589730 2.1865962 2.2051860 2.1004490 3.5914799 4.5821564 7.4464746 7.4238089 3.6559956 3.6775648 
Q9LC82_9GAMM_304_722 0.9586040 0.9164855 1.0185675 0.9232938 0.7794291 0.5447061 1.0473983 1.0694542 0.9265012 0.7867912 0.5723440 0.5579622 0.7494835 0.6184757 0.7958361 0.6347695 0.9979843 1.1229641 1.0061039 1.0637662 1.0849420 1.2342704 0.8429076 0.0000000 0.5352540 0.6781803 0.7811736 0.7719471 1.2207575 0.5497827 0.5950295 1.5551487 0.9875118 1.1052894 1.0941853 1.1459295 1.1129747 2.2600799 1.3360507 1.2627674 1.0010775 0.9469404 1.6984420 0.8606740 3.4071628 1.4508775 1.8019648 1.6375487 1.2699014 1.6131928 1.7763152 1.4391228 2.5227402 3.8253630 5.5397262 5.3099096 2.2491020 2.6087345 
HEX_VIBVU_315_720    1.2882951 1.1209939 0.9812152 1.0076591 0.9790843 0.7529413 0.8091982 1.1564206 0.8839168 1.0613040 0.8591631 0.7173073 0.7440891 0.7270463 1.0512388 0.8130798 1.0293087 1.2476650 1.2999834 0.8995017 1.1184382 1.1761161 0.8971958 0.5352540 0.0000000 0.5260401 0.3683492 0.7844182 1.1432968 0.4374553 0.6885584 1.8891121 1.3111112 1.2701909 1.5236425 1.3668467 1.5022363 2.2029257 1.5349957 1.4308454 1.1752741 1.3156816 1.7751304 1.1823523 3.2726493 1.6115806 1.7405835 1.9649301 1.1542858 1.6828782 2.2219549 1.7450866 3.1860376 4.3678229 5.7647053 5.1534171 2.2901982 2.7071371 
HEXB_ALTSO_327_729   1.0729137 1.1162269 1.2447757 0.9180572 0.9747442 0.9253844 1.2504609 1.3800681 1.0120161 0.7744527 0.8171005 0.8476682 0.9814857 1.1232135 1.2317386 0.8916861 0.9764398 1.1249590 1.1211840 1.0386833 1.1715249 1.5301537 1.1298445 0.6781803 0.5260401 0.0000000 0.2760006 0.7103478 1.0252909 0.6772685 0.4264164 1.6132870 1.3372793 1.2901098 1.6240014 1.3457006 1.3115188 2.1172671 1.2794318 1.3396220 1.0722280 1.1823087 1.5123803 1.3396060 2.5994554 1.3392585 1.7182528 1.9782642 1.4637661 1.3936670 1.5211753 1.5829457 2.8821246 4.1967354 4.5761757 3.1157228 1.8891570 2.9047968 
Q8CVD2_SHEON_361_776 1.2924557 1.2519958 1.2853071 1.0385089 0.8715746 1.0174946 1.2352577 1.2372046 1.0323241 0.9146765 0.9289258 0.9336539 1.0192197 0.9348348 1.2576203 1.0168582 1.0504396 1.2854736 1.0355489 1.0546420 1.1015688 1.4539496 0.9748519 0.7811736 0.3683492 0.2760006 0.0000000 0.6076307 0.9589981 0.6014017 0.4270983 1.6301367 1.5104641 1.4120492 1.6647813 1.1847370 1.3382376 2.1638702 1.5670603 1.1982133 1.0908214 1.3855777 1.8120665 1.5023504 2.6668648 1.4996752 1.6987945 1.6249945 1.5272767 1.3879948 1.6128172 1.8450257 2.9525390 5.1113210 3.7149074 3.2488161 1.9487789 2.3577854 
Q9FAC5_ALTSO_340_757 1.3478313 1.1861929 1.2001307 1.3513219 0.7592239 1.0181440 1.0223646 1.2429650 0.9028749 0.9820689 0.9660535 0.8106071 0.7400755 0.9339412 0.9599324 0.8372049 1.2482303 1.1013270 1.1557820 0.9489244 1.1769509 1.3274060 1.0071785 0.7719471 0.7844182 0.7103478 0.6076307 0.0000000 1.1295544 0.4719659 0.7041604 1.8344385 1.4931351 1.5541693 1.4561412 1.5639792 1.3383204 2.5233592 1.1939120 1.4669582 1.2372227 1.4126902 2.1295004 1.2784119 3.7676696 1.6017378 2.2245618 1.8399355 1.1110526 1.5089028 1.6236966 1.3110048 2.5288900 3.6782385 3.8742516 4.7828283 2.4266309 2.9560089 
Q9F9B4_AERHY_333_764 1.1422625 1.5002106 1.3657075 0.9767481 0.8593070 1.0147100 1.2646073 1.2387431 0.9661880 0.8829067 1.0924788 1.1237248 1.2647496 1.1951915 1.4399682 1.3117574 1.1688295 1.2318460 1.0433182 1.2427016 1.4179794 1.3148019 1.2869160 1.2207575 1.1432968 1.0252909 0.9589981 1.1295544 0.0000000 0.7648677 0.7621013 1.5198620 1.5321316 1.2036897 1.7488383 1.8475394 1.3654743 1.5296860 1.4459107 1.3699219 1.2908307 1.2277067 1.8299191 1.3882479 3.2367678 1.3011259 1.7925925 1.4946055 1.2504433 1.5347237 2.0157966 1.9665717 2.6785529 4.5519775 3.8241987 2.8507323 3.9762049 2.7566045 
Q9ZN69_9ENTR_338_766 1.4093598 1.1958413 1.1202465 1.0033662 0.8369927 0.6411044 1.0848593 1.2225235 0.9634847 1.0056108 0.7550164 0.6332999 0.7712059 0.9226953 0.9329282 0.8543993 1.0283284 1.2371497 1.1250670 0.8426070 1.0540513 1.0410599 0.8665106 0.5497827 0.4374553 0.6772685 0.6014017 0.4719659 0.7648677 0.0000000 0.4245986 1.7753817 1.2871219 1.2330697 1.4606178 1.3584951 1.5706846 2.0642685 1.2517988 1.3940736 1.1209855 1.0885092 1.6616633 1.2506839 3.0603074 1.2773862 1.6213365 1.5979342 1.2862606 2.0777857 1.8508488 1.1855829 2.8597017 4.0594133 4.2970695 5.1998991 2.9122587 3.2614214 
Q8GCW9_CHRVO_345_775 1.1056837 0.9620698 1.1735522 0.8344059 0.8882634 0.8838928 1.2923318 1.1242414 0.9757306 0.7933537 0.6567805 0.8118855 0.9463459 0.8986575 1.0389453 0.8268095 0.8049681 1.1254886 1.0772290 0.8000647 0.8671199 1.2766540 0.8567795 0.5950295 0.6885584 0.4264164 0.4270983 0.7041604 0.7621013 0.4245986 0.0000000 1.7089794 1.3754941 1.1995180 1.3411793 1.3795265 1.4007738 1.5949702 1.5871755 1.4419115 1.1513342 1.1279248 1.7403285 1.2909306 2.5783335 1.2908516 1.5724378 1.4241635 1.3588871 1.5557822 1.3992624 1.5784101 2.8905156 5.0006073 3.4859789 3.5274376 2.4543048 2.7671486 
O04477_ARATH_32_349  1.3754190 1.3075322 1.3043785 0.9731326 0.8712329 1.4126660 1.2368651 1.3685398 1.4179562 1.5484334 1.3656706 1.3493730 1.3170952 1.4328428 1.7774750 1.3895436 1.3693468 1.4266214 1.1703304 1.8857311 1.6450785 0.8445699 2.2815116 1.5551487 1.8891121 1.6132870 1.6301367 1.8344385 1.5198620 1.7753817 1.7089794 0.0000000 0.7904445 0.7122462 0.9078057 0.8201502 0.7231270 1.5004671 0.9189338 0.8979379 1.1204926 0.9191320 0.6550735 1.0394547 2.5568634 0.9474283 1.0049036 0.9816395 1.6005814 2.3309401 2.1182275 2.2664567 4.4073347 4.2299553 5.4955813 5.0100646 4.7309862 3.5792862 
O18795_FELCA_142_459 1.2957720 1.0548328 1.0106580 0.9114509 1.0521405 1.1450365 1.0313548 1.2651840 1.1111479 1.5563705 1.1674662 1.4776174 1.3949225 1.2382016 1.4814489 1.2492710 1.0406912 1.3182414 1.2307249 1.5798355 1.9530116 0.7809525 1.6771186 0.9875118 1.3111112 1.3372793 1.5104641 1.4931351 1.5321316 1.2871219 1.3754941 0.7904445 0.0000000 0.5144692 0.5554354 0.6480374 0.4615895 1.9145929 0.8183447 0.9334616 0.8948338 0.7755237 0.7234487 0.9478428 3.2719940 1.0090194 1.1275113 1.4107143 1.8505863 2.5270376 2.3603215 2.2240224 3.5647818 4.6006531 8.0115168 5.4993277 4.5827773 4.5404711 
HEXA_CAEEL_170_505   1.1958427 0.9454887 0.8701252 0.8491722 1.0246057 1.0842464 1.1358070 0.9815556 0.8896287 1.4129712 1.3512418 1.1153671 1.1368970 1.1502908 1.4898571 1.1516278 1.0776294 1.1303227 1.0815765 1.4046062 1.8530224 0.8630049 1.7136722 1.1052894 1.2701909 1.2901098 1.4120492 1.5541693 1.2036897 1.2330697 1.1995180 0.7122462 0.5144692 0.0000000 0.8308161 0.8104009 0.7279036 1.6655313 0.6889411 0.7497390 0.6960663 0.7974511 0.8803168 0.9250711 3.0046834 0.8844892 0.9608795 1.2529112 1.1304155 2.3290167 2.2162514 1.8649741 3.4601851 3.4145118 5.8796203 4.3702769 4.5661840 4.2651179 
Q7Q0Z2_ANOGA_14_349  1.3291964 1.0757752 1.1622501 0.9066035 1.0439923 1.2145139 1.3383090 1.6826063 1.4978628 1.7830151 1.3188230 1.3949971 1.4269699 1.4547463 1.5302231 1.2287447 1.6357533 1.5601616 1.2746184 1.9953666 1.8095696 0.9335008 1.6557255 1.0941853 1.5236425 1.6240014 1.6647813 1.4561412 1.7488383 1.4606178 1.3411793 0.9078057 0.5554354 0.8308161 0.0000000 0.9727635 0.8979545 1.8386747 0.9614934 1.0967058 1.3788367 1.0808845 1.1505947 1.3623028 3.8449048 1.4091393 1.4148418 1.4007562 2.1096318 2.7164572 2.2216607 2.2528038 3.6536757 3.9038764 6.7051912 6.2275573 3.6813587 4.0291811 
HEXA_DICDI_155_471   1.6230594 1.3005547 1.2254100 1.4010242 1.0595883 1.3709934 1.1331504 1.6288710 1.5752943 1.3621866 1.1115117 1.3619262 1.4096443 1.1252111 1.3417352 1.3821703 1.1721695 1.4897930 1.5172145 1.6799852 1.4063760 0.9384316 1.9273911 1.1459295 1.3668467 1.3457006 1.1847370 1.5639792 1.8475394 1.3584951 1.3795265 0.8201502 0.6480374 0.8104009 0.9727635 0.0000000 0.9954905 1.8007842 1.2189259 1.0203205 1.0071707 1.0910060 1.1864735 1.2110316 3.5776448 1.4515902 1.5364721 1.5349572 1.5319649 1.9971094 2.1074615 2.3754062 4.3722762 4.7153767 5.5028800 4.5641120 3.9824689 4.0071061 
Q8IEV5_TETTH_187_504 1.4134682 1.0922850 1.1696893 1.0864572 1.1304844 1.1828316 1.1828503 1.1885502 1.1038358 1.2972394 1.1198866 1.4449102 1.3660012 1.1613202 1.4576914 1.2033504 1.3659004 1.1006750 1.2793104 1.6908657 1.6418038 1.0827974 1.8832519 1.1129747 1.5022363 1.3115188 1.3382376 1.3383204 1.3654743 1.5706846 1.4007738 0.7231270 0.4615895 0.7279036 0.8979545 0.9954905 0.0000000 1.5420459 0.7287454 0.9552075 0.8611793 0.8010593 1.1033557 0.7186191 2.6757112 0.8958923 1.0596006 1.1107872 1.5479810 1.9803943 2.3134135 2.0839175 3.1545979 3.9086549 5.0346409 4.4177561 4.8829356 3.7527771 
HEXA_ENTHI_183_519   1.7610287 1.7825662 1.7296985 1.7289199 1.6633217 2.0687580 2.2236871 2.1078663 1.9836655 1.6498444 1.7064595 2.5823113 2.0258052 1.8503953 2.0380102 1.9181335 2.3220738 2.0275200 1.6963435 1.9437163 1.8427163 1.7787353 3.0866415 2.2600799 2.2029257 2.1172671 2.1638702 2.5233592 1.5296860 2.0642685 1.5949702 1.5004671 1.9145929 1.6655313 1.8386747 1.8007842 1.5420459 0.0000000 1.6882192 2.2010068 1.9188670 1.4825740 2.0084400 1.5024500 2.2909129 1.8799885 1.7167034 2.0464948 1.7764123 2.5053473 2.8070980 2.4577387 3.0427781 4.6078865 5.6047128 2.9047143 5.5533166 5.6630982 
Q9SYK0_ARATH_171_525 1.1667878 0.8930093 1.0506901 1.0323291 0.8419273 1.0469240 1.0686958 1.1523486 1.1777480 1.4912156 1.3020984 1.1470848 0.9957582 1.0017591 1.1226284 1.1520237 1.2800092 1.2205509 1.0216189 1.3779953 1.7658598 0.9356054 3.2198962 1.3360507 1.5349957 1.2794318 1.5670603 1.1939120 1.4459107 1.2517988 1.5871755 0.9189338 0.8183447 0.6889411 0.9614934 1.2189259 0.7287454 1.6882192 0.0000000 0.9291099 0.9080196 0.4500382 1.0320370 0.6966447 1.8501159 0.6547185 0.8292498 1.3053067 1.2709954 2.6111807 2.4712431 1.5378126 3.2894196 4.1580627 6.9689553 4.3655284 4.4238288 4.6579243 
Q8J2T0_ASPOR_182_545 1.5457850 1.4376673 1.5833594 1.1329037 1.1390503 1.1550378 1.1621033 1.2469142 1.2238171 1.2121695 1.0355093 1.1058211 1.5057454 1.4632578 1.9295363 1.1830616 1.6433527 1.3710561 1.3506718 1.6794333 1.8525061 0.8151898 2.1835503 1.2627674 1.4308454 1.3396220 1.1982133 1.4669582 1.3699219 1.3940736 1.4419115 0.8979379 0.9334616 0.7497390 1.0967058 1.0203205 0.9552075 2.2010068 0.9291099 0.0000000 0.6178734 1.1026054 0.8763545 0.9251901 3.4497749 1.2687719 1.3786255 1.2214958 1.6030948 2.4616250 2.0564689 1.8181372 3.7295831 4.6593270 5.4887721 5.3433945 4.5558786 4.7851926 
HEX1_CANAL_166_508   1.1842029 1.1243973 0.7383845 0.8946782 0.9653355 0.9516457 0.9664445 0.6366594 0.6198980 0.9272977 0.8364431 0.9288592 0.9571535 0.9653871 0.9474220 0.9122175 1.1665101 0.9908068 0.8783860 1.1045212 1.2898900 1.0333147 1.9960603 1.0010775 1.1752741 1.0722280 1.0908214 1.2372227 1.2908307 1.1209855 1.1513342 1.1204926 0.8948338 0.6960663 1.3788367 1.0071707 0.8611793 1.9188670 0.9080196 0.6178734 0.0000000 0.8253691 1.3110564 0.6419218 2.1231359 0.9430801 1.0593685 1.0896895 1.0743860 1.6659238 1.5238309 1.5784082 3.7428252 4.8467049 4.4513028 3.5247086 3.6023058 3.1126823 
HEXC_BOMMO_211_554   1.2196248 1.1965887 1.0870169 0.9664480 0.7293418 1.0291917 1.3385739 1.1766459 1.1593444 1.2388836 1.0783732 1.2479342 1.0802785 1.0459783 1.2152203 1.2997333 1.4682288 1.3290170 1.1874072 1.5305128 1.5793133 1.1272462 2.1155713 0.9469404 1.3156816 1.1823087 1.3855777 1.4126902 1.2277067 1.0885092 1.1279248 0.9191320 0.7755237 0.7974511 1.0808845 1.0910060 0.8010593 1.4825740 0.4500382 1.1026054 0.8253691 0.0000000 0.8226860 0.5009399 1.9821094 0.8854326 1.1431959 1.0763392 1.3509279 2.0311655 2.2981632 1.4673804 3.8514296 4.5568673 5.7314382 4.1669463 4.2857558 3.9936179 
Q9W3C4_DROME_235_581 1.6737408 1.7239016 1.6106107 1.2986333 1.1212774 1.4406371 1.5160892 1.8659552 1.8027376 1.6401193 1.3618953 1.9791755 1.7816800 1.9735089 2.1846067 1.5193631 1.9014691 1.8795302 1.6606960 2.5023422 2.1361608 1.0764689 2.3090452 1.6984420 1.7751304 1.5123803 1.8120665 2.1295004 1.8299191 1.6616633 1.7403285 0.6550735 0.7234487 0.8803168 1.1505947 1.1864735 1.1033557 2.0084400 1.0320370 0.8763545 1.3110564 0.8226860 0.0000000 1.2404216 2.7934390 1.2947524 1.0210459 1.3984010 2.2336612 3.5120004 2.3297739 2.2832572 3.7377159 6.5383664 7.4993434 5.9180401 4.9474898 4.8684774 
FDL_DROME_276_613    1.2133972 0.8484592 0.8012828 1.1930222 0.9959707 1.3150736 1.1731676 0.8131122 0.8790140 0.9693155 0.9210206 1.0289221 0.8283592 0.8500332 1.1125358 0.8386865 1.4448876 1.0386830 1.1608121 1.2861204 1.7392441 1.1396317 2.1605791 0.8606740 1.1823523 1.3396060 1.5023504 1.2784119 1.3882479 1.2506839 1.2909306 1.0394547 0.9478428 0.9250711 1.3623028 1.2110316 0.7186191 1.5024500 0.6966447 0.9251901 0.6419218 0.5009399 1.2404216 0.0000000 1.9964038 0.9811447 0.9899929 1.1719669 1.0806854 2.0759843 1.9478187 1.4446455 3.3962518 4.2666983 4.9789552 3.7644780 4.2121273 4.5804622 
Q96US2_PARBR_213_558 3.4128125 3.0999540 2.5941692 2.5903338 3.0195266 3.1537823 3.3225340 2.2506950 2.2264294 2.2774197 2.6630836 2.7099006 2.3956449 3.1199267 2.5930412 2.6539227 3.2967553 3.2295514 2.7610494 2.7198603 2.9591968 2.6917222 4.7555371 3.4071628 3.2726493 2.5994554 2.6668648 3.7676696 3.2367678 3.0603074 2.5783335 2.5568634 3.2719940 3.0046834 3.8449048 3.5776448 2.6757112 2.2909129 1.8501159 3.4497749 2.1231359 1.9821094 2.7934390 1.9964038 0.0000000 1.2448522 1.3752602 2.0947356 2.9319339 3.7283189 3.5817555 3.5148079 3.6458503 7.5362479 8.9999985 5.3323187 6.6914669 5.7740763 
P78738_TRIHA_188_528 1.5199143 1.2924799 1.0736842 1.1653879 1.1549215 1.2717736 1.2442168 0.9275540 1.1070058 0.9440832 1.1086078 1.0225471 0.9986339 1.3265154 1.1572218 1.2133337 1.1188717 1.0900713 1.0112887 1.0916780 1.2848847 1.4414443 2.0163588 1.4508775 1.6115806 1.3392585 1.4996752 1.6017378 1.3011259 1.2773862 1.2908516 0.9474283 1.0090194 0.8844892 1.4091393 1.4515902 0.8958923 1.8799885 0.6547185 1.2687719 0.9430801 0.8854326 1.2947524 0.9811447 1.2448522 0.0000000 0.5918390 0.8997635 1.3887500 1.9173655 2.4408887 1.4839989 3.4576726 3.9790238 6.2877502 3.5933246 3.5810535 2.6805681 
P78739_TRIHA_211_550 1.3174248 0.9706526 0.9519241 1.1048738 1.6149692 1.4635793 1.0393129 1.1492527 1.2520293 1.3336239 1.0860408 1.4727977 1.1383244 1.4239351 1.4242468 1.4636864 1.2519666 1.3691274 1.0039436 1.2150605 1.6014923 1.3030475 2.9204316 1.8019648 1.7405835 1.7182528 1.6987945 2.2245618 1.7925925 1.6213365 1.5724378 1.0049036 1.1275113 0.9608795 1.4148418 1.5364721 1.0596006 1.7167034 0.8292498 1.3786255 1.0593685 1.1431959 1.0210459 0.9899929 1.3752602 0.5918390 0.0000000 0.6667759 1.6632310 2.1832071 2.6508975 2.1735496 3.5724237 5.4313722 5.0612750 3.8291070 4.1299531 3.7239821 
Q96VF2_USTMA_271_640 1.8619829 1.4567791 1.1891931 1.0582386 1.6788381 1.7463797 1.2375987 1.2919989 1.4310989 1.3638167 1.2696639 1.2942063 1.4282421 1.6920283 1.5598853 1.5528892 1.8001916 1.4883860 1.6566178 1.7439115 2.2964001 1.7820232 1.7407632 1.6375487 1.9649301 1.9782642 1.6249945 1.8399355 1.4946055 1.5979342 1.4241635 0.9816395 1.4107143 1.2529112 1.4007562 1.5349572 1.1107872 2.0464948 1.3053067 1.2214958 1.0896895 1.0763392 1.3984010 1.1719669 2.0947356 0.8997635 0.6667759 0.0000000 2.0265551 2.2950340 2.5265779 2.1851488 4.2922752 4.8827235 6.4835103 3.7312566 4.3363998 3.0939585 
Q8AAK8_BACTN_145_414 1.4019612 1.3033887 1.0475556 1.4513391 0.9885475 1.3888123 1.0960416 1.2326564 0.6204382 1.1040427 1.1264478 0.9493525 0.8776476 0.7780856 1.0315984 1.1783690 1.5161944 1.0613021 1.1277077 1.2355546 1.3493820 1.3759910 2.0589730 1.2699014 1.1542858 1.4637661 1.5272767 1.1110526 1.2504433 1.2862606 1.3588871 1.6005814 1.8505863 1.1304155 2.1096318 1.5319649 1.5479810 1.7764123 1.2709954 1.6030948 1.0743860 1.3509279 2.2336612 1.0806854 2.9319339 1.3887500 1.6632310 2.0265551 0.0000000 1.4538612 1.7523839 1.6601157 3.1121475 5.3268329 4.3514946 5.3579181 3.6290663 2.7573922 
Q7USD8_RHOBA_201_500 1.3689424 1.4630750 1.2702695 1.3155327 1.2387406 1.4482859 1.6035239 1.5237105 1.1893141 0.9201951 1.5766114 1.3666029 1.4166467 1.0226355 1.6151984 1.3892144 1.4684564 1.4448940 1.0954741 1.8503509 1.0863903 2.8278616 2.1865962 1.6131928 1.6828782 1.3936670 1.3879948 1.5089028 1.5347237 2.0777857 1.5557822 2.3309401 2.5270376 2.3290167 2.7164572 1.9971094 1.9803943 2.5053473 2.6111807 2.4616250 1.6659238 2.0311655 3.5120004 2.0759843 3.7283189 1.9173655 2.1832071 2.2950340 1.4538612 0.0000000 1.8241579 2.1266276 5.4028005 4.6138865 3.5165819 3.2729091 2.7572051 2.3202416 
Q8A103_BACTN_159_479 1.3755893 1.5470461 1.5638591 2.0550726 2.0261539 1.9608355 1.9556464 1.9740133 1.8012900 1.4442676 1.2036401 1.8089823 1.7002031 1.5560137 1.5830490 1.4874342 1.5510711 1.2249707 1.5615574 2.1532964 1.7676566 2.3776402 2.2051860 1.7763152 2.2219549 1.5211753 1.6128172 1.6236966 2.0157966 1.8508488 1.3992624 2.1182275 2.3603215 2.2162514 2.2216607 2.1074615 2.3134135 2.8070980 2.4712431 2.0564689 1.5238309 2.2981632 2.3297739 1.9478187 3.5817555 2.4408887 2.6508975 2.5265779 1.7523839 1.8241579 0.0000000 0.6778495 2.2287633 6.3440281 3.5800496 4.9374359 3.3064854 3.2386839 
Q8XKN0_CLOPE_553_877 1.5804717 1.3787451 1.5067318 2.3084406 1.5146580 1.9137881 1.8259251 1.6688651 1.8827603 1.4085661 1.6386066 1.2357413 1.5545718 1.6586325 1.6974093 1.5494186 1.4614038 1.0606746 1.5545272 1.6453010 1.8087954 2.2581067 2.1004490 1.4391228 1.7450866 1.5829457 1.8450257 1.3110048 1.9665717 1.1855829 1.5784101 2.2664567 2.2240224 1.8649741 2.2528038 2.3754062 2.0839175 2.4577387 1.5378126 1.8181372 1.5784082 1.4673804 2.2832572 1.4446455 3.5148079 1.4839989 2.1735496 2.1851488 1.6601157 2.1266276 0.6778495 0.0000000 2.6098863 4.7475965 4.1506522 4.6951364 2.9382298 3.6199892 
Q9Z4I7_STRSQ_165_480 3.6327078 3.1576949 2.8639582 3.0550664 3.1328550 2.8149433 3.9417776 3.7130858 2.7430973 3.2489199 2.6254215 3.8021265 2.5607667 2.8916027 2.7747606 2.8186566 3.3930743 2.6196021 2.9175885 2.9977995 3.5833925 3.2471268 3.5914799 2.5227402 3.1860376 2.8821246 2.9525390 2.5288900 2.6785529 2.8597017 2.8905156 4.4073347 3.5647818 3.4601851 3.6536757 4.3722762 3.1545979 3.0427781 3.2894196 3.7295831 3.7428252 3.8514296 3.7377159 3.3962518 3.6458503 3.4576726 3.5724237 4.2922752 3.1121475 5.4028005 2.2287633 2.6098863 0.0000000 5.7015644 5.1739632 4.3225982 3.1665088 3.6836118 
Q8R8R5_THETN_97_396  5.0743331 3.1596561 4.5617144 3.6651648 3.4906529 4.8126931 4.1661471 4.8236877 4.3685690 5.0041442 4.8101628 3.3935120 3.8702489 3.8090394 4.5737483 3.5790408 3.6218231 3.1190419 3.9448552 4.0618056 4.2256016 4.6763701 4.5821564 3.8253630 4.3678229 4.1967354 5.1113210 3.6782385 4.5519775 4.0594133 5.0006073 4.2299553 4.6006531 3.4145118 3.9038764 4.7153767 3.9086549 4.6078865 4.1580627 4.6593270 4.8467049 4.5568673 6.5383664 4.2666983 7.5362479 3.9790238 5.4313722 4.8827235 5.3268329 4.6138865 6.3440281 4.7475965 5.7015644 0.0000000 3.5859252 1.8690570 2.7618601 3.0177205 
Q8ELL2_OCEIH_91_405  5.9061042 3.8191479 4.9508207 5.7934677 3.3902801 5.3739577 4.6131288 5.3037596 4.4342452 3.6545980 3.7887882 5.3988835 4.9882565 4.3500579 5.7429410 4.5834845 4.0141268 3.4925830 4.2652125 4.4300361 4.0757896 6.5087036 7.4464746 5.5397262 5.7647053 4.5761757 3.7149074 3.8742516 3.8241987 4.2970695 3.4859789 5.4955813 8.0115168 5.8796203 6.7051912 5.5028800 5.0346409 5.6047128 6.9689553 5.4887721 4.4513028 5.7314382 7.4993434 4.9789552 8.9999985 6.2877502 5.0612750 6.4835103 4.3514946 3.5165819 3.5800496 4.1506522 5.1739632 3.5859252 0.0000000 1.8905279 2.0151804 2.2072116 
Q88S05_LACPL_83_381  4.5005616 3.5121940 3.7252849 3.0004368 3.3059996 4.1822105 4.5337376 3.1345993 3.6823400 2.5743968 3.5744034 4.8627497 4.3070752 3.4084155 3.7721499 3.7659702 3.8582453 3.2869044 2.5119531 2.8338459 3.5303286 5.7461791 7.4238089 5.3099096 5.1534171 3.1157228 3.2488161 4.7828283 2.8507323 5.1998991 3.5274376 5.0100646 5.4993277 4.3702769 6.2275573 4.5641120 4.4177561 2.9047143 4.3655284 5.3433945 3.5247086 4.1669463 5.9180401 3.7644780 5.3323187 3.5933246 3.8291070 3.7312566 5.3579181 3.2729091 4.9374359 4.6951364 4.3225982 1.8690570 1.8905279 0.0000000 2.2449780 2.4839718 
Q8G826_BIFLO_182_493 2.2639082 1.9884150 2.5984166 3.4183811 2.9747127 3.1938779 2.9860267 3.5091190 3.2170716 2.7973956 3.3129469 3.0850083 2.6314515 2.8499205 3.0391915 2.2644173 2.0513296 2.4229269 2.5211137 2.4514380 3.7061522 4.4414334 3.6559956 2.2491020 2.2901982 1.8891570 1.9487789 2.4266309 3.9762049 2.9122587 2.4543048 4.7309862 4.5827773 4.5661840 3.6813587 3.9824689 4.8829356 5.5533166 4.4238288 4.5558786 3.6023058 4.2857558 4.9474898 4.2121273 6.6914669 3.5810535 4.1299531 4.3363998 3.6290663 2.7572051 3.3064854 2.9382298 3.1665088 2.7618601 2.0151804 2.2449780 0.0000000 0.7915845 
Q8XLR0_CLOPE_129_439 3.9370550 3.8547077 3.2942049 3.2893247 2.5105598 4.0388328 4.5797218 3.3690473 3.3125920 2.7243237 3.4022736 2.7862135 3.0852718 3.1627863 3.4884933 3.0279125 2.6954973 2.6951902 2.4717362 2.7227296 2.4876432 4.4715151 3.6775648 2.6087345 2.7071371 2.9047968 2.3577854 2.9560089 2.7566045 3.2614214 2.7671486 3.5792862 4.5404711 4.2651179 4.0291811 4.0071061 3.7527771 5.6630982 4.6579243 4.7851926 3.1126823 3.9936179 4.8684774 4.5804622 5.7740763 2.6805681 3.7239821 3.0939585 2.7573922 2.3202416 3.2386839 3.6199892 3.6836118 3.0177205 2.2072116 2.4839718 0.7915845 0.0000000 
