27
Q8T6T9_RADMA_2_220  0.0000000 0.3394708 0.3337868 0.8927029 0.9948214 0.8239676 1.1661823 1.0534377 1.0291052 1.0811481 0.9950841 1.0039293 1.0964749 1.2518984 1.3080937 1.3797795 1.3199445 1.3796228 1.4372835 0.9913194 1.0101138 1.6540309 1.3019789 1.5204252 1.4309450 1.3278310 2.9344476 
Q9GPI6_ANESU_2_219  0.3394708 0.0000000 0.3546749 0.8332179 0.7959628 0.7286447 0.9535457 0.9020563 0.8820004 0.9067585 0.8390948 0.8613716 0.9107581 1.0026127 1.1954376 1.2693113 1.3712015 1.3190267 1.2314355 1.0003526 1.0000403 1.5011250 1.1240354 1.4626824 1.2676193 1.2707468 2.9257627 
Q8T5E7_CONGI_2_220  0.3337868 0.3546749 0.0000000 0.9535056 0.9438765 0.8525278 1.0941303 1.1376051 0.9744799 1.1092061 1.0316547 1.0186041 0.9603779 1.1148762 1.2204446 1.2760728 1.4090081 1.4500711 1.3443160 1.0200703 1.1167446 1.5271663 1.3085931 1.3780743 1.3426482 1.2934085 2.8286248 
NFCP_CONPS_2_220    0.8927029 0.8332179 0.9535056 0.0000000 0.3837961 0.6211867 1.0674921 1.0941954 1.0715115 1.0781230 1.0814459 1.0800911 1.1140170 1.2265037 1.1600768 1.3260509 1.3108713 1.4148091 1.2725296 1.0196329 0.9904795 1.4914415 1.2440774 1.5993662 1.4602998 1.3009665 3.1166850 
Q9GPI5_ANESU_2_222  0.9948214 0.7959628 0.9438765 0.3837961 0.0000000 0.5762904 1.0719574 1.0293731 0.9624812 0.9815168 0.9524000 0.9381027 1.0392907 1.1312473 1.1672910 1.2871572 1.2731120 1.3352279 1.1576894 0.9936457 1.0139174 1.5884701 1.1758064 1.5001808 1.3371418 1.2694754 2.9684295 
RFP_PARAC_2_222     0.8239676 0.7286447 0.8525278 0.6211867 0.5762904 0.0000000 1.0783119 1.0048808 1.0077597 0.9865616 0.9204603 0.9428233 1.0402419 1.0666530 1.1613551 1.2669869 1.1088871 1.1594896 1.0776083 0.9585544 0.9281120 1.3599152 1.1462336 1.4725629 1.2451684 1.2065619 2.6641380 
Q8I6J8_9CNID_1_219  1.1661823 0.9535457 1.0941303 1.0674921 1.0719574 1.0783119 0.0000000 0.2945931 0.4124927 0.3223955 0.4112745 0.4392040 0.4377586 0.5828006 0.5821216 0.7079080 0.7908953 0.8139987 0.8358270 0.7748794 0.8528711 0.9142100 0.8770769 1.3951820 1.1988832 1.1592022 2.4775151 
Q8T5F1_9CNID_1_219  1.0534377 0.9020563 1.1376051 1.0941954 1.0293731 1.0048808 0.2945931 0.0000000 0.3136974 0.2518835 0.3728242 0.4120816 0.4102594 0.6023062 0.6152196 0.7013902 0.7763219 0.8480206 0.7949291 0.7194337 0.7744832 1.0332767 0.8424689 1.5654128 1.2863570 1.4058727 2.6277353 
Q963F5_9CNID_1_218  1.0291052 0.8820004 0.9744799 1.0715115 0.9624812 1.0077597 0.4124927 0.3136974 0.0000000 0.2201111 0.2876421 0.2767759 0.3148455 0.5008874 0.5498039 0.6449832 0.5993240 0.6472162 0.8122568 0.6342530 0.6647840 0.9560846 0.7862098 1.3890593 1.1544747 1.1475718 2.5062097 
Q95VT0_9CNID_1_221  1.0811481 0.9067585 1.1092061 1.0781230 0.9815168 0.9865616 0.3223955 0.2518835 0.2201111 0.0000000 0.2079252 0.3598263 0.3455569 0.5252886 0.5270320 0.5752103 0.6482003 0.7157027 0.8035123 0.7165160 0.7412711 0.8202088 0.7807868 1.4028952 1.1905523 1.1533403 2.5720111 
Q8MU48_9CNID_1_218  0.9950841 0.8390948 1.0316547 1.0814459 0.9524000 0.9204603 0.4112745 0.3728242 0.2876421 0.2079252 0.0000000 0.4047813 0.4693067 0.6395792 0.4878106 0.5876070 0.7500779 0.8411500 0.8268666 0.7095281 0.7519120 0.8407828 0.7915617 1.4071266 1.2214840 1.2265720 2.4076795 
Q95UA7_9CNID_1_218  1.0039293 0.8613716 1.0186041 1.0800911 0.9381027 0.9428233 0.4392040 0.4120816 0.2767759 0.3598263 0.4047813 0.0000000 0.3528492 0.5514635 0.6720049 0.7000468 0.7136116 0.7400453 0.7954507 0.7541389 0.7350095 1.0301642 0.8493506 1.4308426 1.1010843 1.1806570 2.5691026 
GFPL_CLASP_43_260   1.0964749 0.9107581 0.9603779 1.1140170 1.0392907 1.0402419 0.4377586 0.4102594 0.3148455 0.3455569 0.4693067 0.3528492 0.0000000 0.5045151 0.6335808 0.7190179 0.7258960 0.7399320 0.6836955 0.6911957 0.7192300 1.0201333 0.8864666 1.2466235 1.0338530 1.0038227 2.5845473 
Q8MU46_RICFL_1_221  1.2518984 1.0026127 1.1148762 1.2265037 1.1312473 1.0666530 0.5828006 0.6023062 0.5008874 0.5252886 0.6395792 0.5514635 0.5045151 0.0000000 0.7747197 0.8657261 0.9112596 0.8517300 0.9156981 0.8613562 0.9185836 1.1187196 0.9354161 1.6913685 1.3571565 1.3466291 3.2225264 
Q8T5F3_9CNID_6_223  1.3080937 1.1954376 1.2204446 1.1600768 1.1672910 1.1613551 0.5821216 0.6152196 0.5498039 0.5270320 0.4878106 0.6720049 0.6335808 0.7747197 0.0000000 0.2104057 0.8854818 0.9759347 0.9489111 0.8621113 1.0160648 1.0307396 0.9600643 1.4947626 1.1814726 1.1838571 3.1182569 
Q8T5F0_9CNID_7_229  1.3797795 1.2693113 1.2760728 1.3260509 1.2871572 1.2669869 0.7079080 0.7013902 0.6449832 0.5752103 0.5876070 0.7000468 0.7190179 0.8657261 0.2104057 0.0000000 0.9249293 1.0820776 1.0415982 0.9348474 1.0668959 1.0627511 0.9989879 1.4876606 1.3502157 1.3025317 3.2933271 
Q8MMA2_9CNID_34_254 1.3199445 1.3712015 1.4090081 1.3108713 1.2731120 1.1088871 0.7908953 0.7763219 0.5993240 0.6482003 0.7500779 0.7136116 0.7258960 0.9112596 0.8854818 0.9249293 0.0000000 0.2892042 0.9962669 0.8014791 0.9251896 1.2471442 1.0823594 1.4377385 1.2172041 1.2317506 3.0200835 
Q8MMA1_9CNID_12_234 1.3796228 1.3190267 1.4500711 1.4148091 1.3352279 1.1594896 0.8139987 0.8480206 0.6472162 0.7157027 0.8411500 0.7400453 0.7399320 0.8517300 0.9759347 1.0820776 0.2892042 0.0000000 1.0647389 0.8851591 1.0331524 1.2708010 1.1581104 1.4432820 1.1804782 1.1918055 2.9897537 
GFPL_DISST_5_223    1.4372835 1.2314355 1.3443160 1.2725296 1.1576894 1.0776083 0.8358270 0.7949291 0.8122568 0.8035123 0.8268666 0.7954507 0.6836955 0.9156981 0.9489111 1.0415982 0.9962669 1.0647389 0.0000000 0.6224446 0.7137939 1.3349503 1.2943379 1.5548702 1.2873451 1.3264669 2.8828711 
NFCP_GONTE_1_218    0.9913194 1.0003526 1.0200703 1.0196329 0.9936457 0.9585544 0.7748794 0.7194337 0.6342530 0.7165160 0.7095281 0.7541389 0.6911957 0.8613562 0.8621113 0.9348474 0.8014791 0.8851591 0.6224446 0.0000000 0.4713535 1.1713205 1.0244162 1.4363399 1.2664749 1.2228947 3.2433594 
Q9GTJ7_9CNID_5_223  1.0101138 1.0000403 1.1167446 0.9904795 1.0139174 0.9281120 0.8528711 0.7744832 0.6647840 0.7412711 0.7519120 0.7350095 0.7192300 0.9185836 1.0160648 1.0668959 0.9251896 1.0331524 0.7137939 0.4713535 0.0000000 1.3656046 1.1826707 1.7300921 1.3602328 1.3155007 3.1405455 
Q8T4U4_9CNID_5_228  1.6540309 1.5011250 1.5271663 1.4914415 1.5884701 1.3599152 0.9142100 1.0332767 0.9560846 0.8202088 0.8407828 1.0301642 1.0201333 1.1187196 1.0307396 1.0627511 1.2471442 1.2708010 1.3349503 1.1713205 1.3656046 0.0000000 0.9049736 1.7543966 1.4080610 1.4516383 3.1575746 
GFPL_ANEMA_5_224    1.3019789 1.1240354 1.3085931 1.2440774 1.1758064 1.1462336 0.8770769 0.8424689 0.7862098 0.7807868 0.7915617 0.8493506 0.8864666 0.9354161 0.9600643 0.9989879 1.0823594 1.1581104 1.2943379 1.0244162 1.1826707 0.9049736 0.0000000 1.5404115 1.5079612 1.4240658 2.7173027 
Q963I9_RENRE_5_223  1.5204252 1.4626824 1.3780743 1.5993662 1.5001808 1.4725629 1.3951820 1.5654128 1.3890593 1.4028952 1.4071266 1.4308426 1.2466235 1.6913685 1.4947626 1.4876606 1.4377385 1.4432820 1.5548702 1.4363399 1.7300921 1.7543966 1.5404115 0.0000000 0.7924705 0.7065286 3.1303854 
Q9BLZ0_9CNID_8_225  1.4309450 1.2676193 1.3426482 1.4602998 1.3371418 1.2451684 1.1988832 1.2863570 1.1544747 1.1905523 1.2214840 1.1010843 1.0338530 1.3571565 1.1814726 1.3502157 1.2172041 1.1804782 1.2873451 1.2664749 1.3602328 1.4080610 1.5079612 0.7924705 0.0000000 0.2728819 3.4026357 
Q9BLY9_RENMU_8_225  1.3278310 1.2707468 1.2934085 1.3009665 1.2694754 1.2065619 1.1592022 1.4058727 1.1475718 1.1533403 1.2265720 1.1806570 1.0038227 1.3466291 1.1838571 1.3025317 1.2317506 1.1918055 1.3264669 1.2228947 1.3155007 1.4516383 1.4240658 0.7065286 0.2728819 0.0000000 2.9965973 
GFP_AEQVI_5_229     2.9344476 2.9257627 2.8286248 3.1166850 2.9684295 2.6641380 2.4775151 2.6277353 2.5062097 2.5720111 2.4076795 2.5691026 2.5845473 3.2225264 3.1182569 3.2933271 3.0200835 2.9897537 2.8828711 3.2433594 3.1405455 3.1575746 2.7173027 3.1303854 3.4026357 2.9965973 0.0000000 
