10
Q26001_PLAFA_1_451 0.0000000 0.7681790 1.0111597 0.8953371 0.8784719 0.9873706 0.9732485 1.0271766 1.0559566 2.6446872 
GDIA_RAT_1_438     0.7681790 0.0000000 0.4565055 0.4798872 0.4665961 0.6765878 0.6350022 0.6755988 0.6593888 2.0620092 
Q24349_DROME_1_439 1.0111597 0.4565055 0.0000000 0.4043727 0.4806204 0.7104509 0.7357442 0.6984011 0.6886740 2.1287374 
Q21449_CAEEL_1_439 0.8953371 0.4798872 0.4043727 0.0000000 0.4285557 0.6669047 0.6978928 0.7433775 0.6968107 2.0489984 
O02441_GEOCY_1_438 0.8784719 0.4665961 0.4806204 0.4285557 0.0000000 0.6351353 0.6694117 0.7158977 0.6138774 2.0050857 
GDI1_SCHPO_1_438   0.9873706 0.6765878 0.7104509 0.6669047 0.6351353 0.0000000 0.5171102 0.7857081 0.7143696 2.2598233 
GDI1_YEAST_1_449   0.9732485 0.6350022 0.7357442 0.6978928 0.6694117 0.5171102 0.0000000 0.8004846 0.7380359 2.1976759 
O65744_CICAR_1_438 1.0271766 0.6755988 0.6984011 0.7433775 0.7158977 0.7857081 0.8004846 0.0000000 0.4362629 2.0517568 
O24532_VOLCA_1_439 1.0559566 0.6593888 0.6886740 0.6968107 0.6138774 0.7143696 0.7380359 0.4362629 0.0000000 2.1204916 
RABEP_DROME_5_468  2.6446872 2.0620092 2.1287374 2.0489984 2.0050857 2.2598233 2.1976759 2.0517568 2.1204916 0.0000000 
