6
Q83397_9GAMR_225_435 0.0000000 0.4507621 0.4407228 0.5647573 0.6264716 0.6214051 
O89811_FLV_282_492   0.4507621 0.0000000 0.2586715 0.4281948 0.5547374 0.5444613 
Q83378_9GAMR_222_432 0.4407228 0.2586715 0.0000000 0.5295712 0.6380947 0.5802711 
GAG_BAEVM_235_445    0.5647573 0.4281948 0.5295712 0.0000000 0.4270364 0.5103906 
O62706_PIG_212_422   0.6264716 0.5547374 0.6380947 0.4270364 0.0000000 0.2653689 
GAG_GALV_212_422     0.6214051 0.5444613 0.5802711 0.5103906 0.2653689 0.0000000 
