17
POLG_HCVED_729_1004  0.0000000 0.6463533 0.6813835 0.6403799 0.7091469 0.7736946 0.6183027 0.6228174 0.6733670 0.6987962 0.8064835 0.7733383 0.8878513 0.7955333 5.1500031 5.0620294 6.4767697 
POLG_HCVVN_727_1002  0.6463533 0.0000000 0.2749901 0.3149325 0.3522493 0.4545855 0.5277357 0.5024301 0.4938655 0.5926437 0.6694936 0.5250738 0.5897292 0.5026249 4.5142495 4.5855054 5.7373364 
POLG_HCVJL_733_1008  0.6813835 0.2749901 0.0000000 0.3980890 0.4425121 0.4884087 0.5975222 0.5487794 0.6009444 0.6170569 0.6553216 0.6135233 0.6725925 0.6107227 5.1100270 4.6392168 5.6567081 
POLG_HCVVO_731_1006  0.6403799 0.3149325 0.3980890 0.0000000 0.3607254 0.5134061 0.5967360 0.5917395 0.5543446 0.6458158 0.6964020 0.6116268 0.6402101 0.5853962 4.8392884 4.2273991 4.8410477 
POLG_HCVT5_734_1009  0.7091469 0.3522493 0.4425121 0.3607254 0.0000000 0.4583484 0.5954169 0.5449547 0.4829340 0.6493750 0.6992434 0.6529180 0.7035602 0.6108960 4.6290100 4.1559391 4.7305886 
POLG_HCVSA_730_1005  0.7736946 0.4545855 0.4884087 0.5134061 0.4583484 0.0000000 0.6082354 0.5250561 0.5624408 0.6151757 0.6918969 0.6684305 0.7671394 0.6905236 5.1580716 4.1776130 5.0574536 
POLG_HCVBK_729_1004  0.6183027 0.5277357 0.5975222 0.5967360 0.5954169 0.6082354 0.0000000 0.3061973 0.3553038 0.6265452 0.6579761 0.6365054 0.6835276 0.7056627 5.0468697 5.1144932 6.1301608 
POLG_HCVH_729_1004   0.6228174 0.5024301 0.5487794 0.5917395 0.5449547 0.5250561 0.3061973 0.0000000 0.2799493 0.6430007 0.6927147 0.6786184 0.6914010 0.6794586 4.4175359 4.8465185 5.9266455 
POLG_HCVH9_729_1004  0.6733670 0.4938655 0.6009444 0.5543446 0.4829340 0.5624408 0.3553038 0.2799493 0.0000000 0.5725865 0.6026372 0.7010890 0.7137032 0.6597367 4.5255551 4.5721435 5.7134570 
POLG_HCVJK_734_1009  0.6987962 0.5926437 0.6170569 0.6458158 0.6493750 0.6151757 0.6265452 0.6430007 0.5725865 0.0000000 0.3221933 0.6408242 0.7645766 0.7071921 4.3783696 4.3055733 5.0895183 
POLG_HCVNZ_735_1010  0.8064835 0.6694936 0.6553216 0.6964020 0.6992434 0.6918969 0.6579761 0.6927147 0.6026372 0.3221933 0.0000000 0.7077756 0.8129786 0.7964162 5.0466859 4.6626808 5.0819827 
POLG_HCVJ6_733_1008  0.7733383 0.5250738 0.6135233 0.6116268 0.6529180 0.6684305 0.6365054 0.6786184 0.7010890 0.6408242 0.7077756 0.0000000 0.2817164 0.3108072 4.7749043 4.1925257 5.0665886 
POLG_HCVBB_733_1008  0.8878513 0.5897292 0.6725925 0.6402101 0.7035602 0.7671394 0.6835276 0.6914010 0.7137032 0.7645766 0.8129786 0.2817164 0.0000000 0.3646177 4.7076341 4.3618563 5.3753679 
POLG_HCVJ8_733_1008  0.7955333 0.5026249 0.6107227 0.5853962 0.6108960 0.6905236 0.7056627 0.6794586 0.6597367 0.7071921 0.7964162 0.3108072 0.3646177 0.0000000 4.6285590 4.2321173 5.1363793 
P89968_9FLAV_620_902 5.1500031 4.5142495 5.1100270 4.8392884 4.6290100 5.1580716 5.0468697 4.4175359 4.5255551 4.3783696 5.0466859 4.7749043 4.7076341 4.6285590 0.0000000 1.6576467 1.8134200 
O41892_9FLAV_657_939 5.0620294 4.5855054 4.6392168 4.2273991 4.1559391 4.1776130 5.1144932 4.8465185 4.5721435 4.3055733 4.6626808 4.1925257 4.3618563 4.2321173 1.6576467 0.0000000 0.5501058 
Q96898_9FLAV_657_940 6.4767697 5.7373364 5.6567081 4.8410477 4.7305886 5.0574536 6.1301608 5.9266455 5.7134570 5.0895183 5.0819827 5.0665886 5.3753679 5.1363793 1.8134200 0.5501058 0.0000000 
