6
UL34_HHV11_15_256   0.0000000 0.6266224 0.5896578 0.6564172 0.7188724 1.0317460 
Q65555_9ALPH_17_260 0.6266224 0.0000000 0.3791643 0.5990786 0.6024992 0.9618052 
Q9DY24_9ALPH_1_244  0.5896578 0.3791643 0.0000000 0.5020962 0.6182935 1.0946461 
UL34_EHV1B_11_253   0.6564172 0.5990786 0.5020962 0.0000000 0.5326815 0.9306228 
UL34_VZVD_15_245    0.7188724 0.6024992 0.6182935 0.5326815 0.0000000 0.8609368 
Q9DPQ5_9ALPH_10_253 1.0317460 0.9618052 1.0946461 0.9306228 0.8609368 0.0000000 
