14
IRK11_HUMAN_36_366  0.0000000 0.2459734 0.9401829 0.9086572 0.9375971 0.9217616 0.8571342 0.9222321 1.1868867 1.2670411 1.4074155 1.5204244 1.3579162 1.0887180 
IRK8_HUMAN_37_380   0.2459734 0.0000000 0.8957635 0.9635321 0.9149098 0.9298390 0.8645740 0.9103747 1.1133770 1.2507241 1.3579483 1.5731829 1.4466015 1.1097603 
IRK5_HUMAN_54_390   0.9401829 0.8957635 0.0000000 0.2897048 0.4183352 0.6597076 0.6373016 0.6214722 1.1067218 1.0784100 1.2809861 1.3243026 1.2831269 0.9708888 
IRK9_HUMAN_25_362   0.9086572 0.9635321 0.2897048 0.0000000 0.4759529 0.6650024 0.6644704 0.7380333 1.1257472 1.0885157 1.2413463 1.5821481 1.2579327 1.1171690 
IRK3_CHICK_39_385   0.9375971 0.9149098 0.4183352 0.4759529 0.0000000 0.6785742 0.7657404 0.7734967 1.1830825 1.0616776 1.3111701 1.5279553 1.3237395 1.0220237 
IRK2_CAVPO_48_380   0.9217616 0.9298390 0.6597076 0.6650024 0.6785742 0.0000000 0.2502692 0.3110372 0.9443613 0.9558883 0.7918958 1.1818141 1.1828508 0.9442101 
IRK12_HUMAN_47_381  0.8571342 0.8645740 0.6373016 0.6644704 0.7657404 0.2502692 0.0000000 0.2387560 0.8858537 0.9769494 0.9400852 1.1700759 1.0840691 0.9138519 
IRK4_HUMAN_22_377   0.9222321 0.9103747 0.6214722 0.7380333 0.7734967 0.3110372 0.2387560 0.0000000 0.8856008 0.9380603 0.9002976 1.2656530 1.2527847 0.9717709 
Q21458_CAEEL_84_424 1.1868867 1.1133770 1.1067218 1.1257472 1.1830825 0.9443613 0.8858537 0.8856008 0.0000000 0.9002446 1.6459378 1.6581049 1.5405744 1.4015281 
IRK1_CAEEL_77_422   1.2670411 1.2507241 1.0784100 1.0885157 1.0616776 0.9558883 0.9769494 0.9380603 0.9002446 0.0000000 1.4495366 1.5006089 1.5386866 1.5002396 
IRK16_RAT_37_358    1.4074155 1.3579483 1.2809861 1.2413463 1.3111701 0.7918958 0.9400852 0.9002976 1.6459378 1.4495366 0.0000000 1.7240179 1.6560358 1.3780506 
IRK15_HUMAN_30_365  1.5204244 1.5731829 1.3243026 1.5821481 1.5279553 1.1818141 1.1700759 1.2656530 1.6581049 1.5006089 1.7240179 0.0000000 0.4597227 0.8821046 
IRK10_HUMAN_31_369  1.3579162 1.4466015 1.2831269 1.2579327 1.3237395 1.1828508 1.0840691 1.2527847 1.5405744 1.5386866 1.6560358 0.4597227 0.0000000 0.8917958 
IRK1_HUMAN_43_380   1.0887180 1.1097603 0.9708888 1.1171690 1.0220237 0.9442101 0.9138519 0.9717709 1.4015281 1.5002396 1.3780506 0.8821046 0.8917958 0.0000000 
