21
Q6LX62_METMP_1_251  0.0000000 0.4112092 1.8089484 2.9517400 2.1300671 2.6888400 2.5848174 3.0353659 2.3340934 2.2259988 2.1549362 2.4251711 2.5568735 2.4769578 2.7186561 2.4810285 2.6373194 3.1150660 2.9638242 2.6224444 2.5795413 
Y1538_METJA_5_250   0.4112092 0.0000000 1.7199373 3.1449106 2.2842759 3.0048399 2.9058593 2.8911442 2.6248423 2.3737502 2.2599762 2.4451562 2.5641185 2.6476787 2.6177314 2.5642698 2.7947197 3.3357868 2.7930136 2.5530599 2.5509176 
Q8TUS5_METKA_1_244  1.8089484 1.7199373 0.0000000 2.7999615 2.0744287 2.3400029 2.4136918 3.2991200 2.5899246 2.5361917 2.5077840 2.4816571 2.6163528 2.3762030 3.0897202 2.7204509 2.6879401 3.3003835 2.7065651 2.9134685 3.0433158 
Q7R3P3_GIALA_1_282  2.9517400 3.1449106 2.7999615 0.0000000 2.0480524 1.6526940 1.6526972 1.9753420 2.1669769 2.1828325 2.0004044 1.9037830 2.1958513 2.1814480 2.5016233 2.6670318 2.8549967 2.2509245 2.7971532 1.8743574 2.4476318 
Q86H29_DICDI_1_269  2.1300671 2.2842759 2.0744287 2.0480524 0.0000000 0.5112937 0.6156483 0.7231018 1.1513810 1.1491143 0.7869620 0.7258351 0.8355297 0.8434721 0.8460389 0.7223547 0.7879309 0.8908822 0.7110132 0.8745800 0.9182646 
Q96EK9_HUMAN_1_350  2.6888400 3.0048399 2.3400029 1.6526940 0.5112937 0.0000000 0.1185245 0.6495802 1.0741816 1.1022096 0.8639804 0.7489560 1.0226666 0.9693092 0.8519759 0.7525172 0.8861416 1.0616781 0.8431025 0.7649569 0.8644608 
Q5I0L7_RAT_1_346    2.5848174 2.9058593 2.4136918 1.6526972 0.6156483 0.1185245 0.0000000 0.7326131 1.0111736 1.0361095 0.8167914 0.7224198 0.9851310 1.0286017 0.9350804 0.7732861 1.0189381 0.9241539 0.7732936 0.8424414 0.8939449 
Q8H2D4_ARATH_1_294  3.0353659 2.8911442 3.2991200 1.9753420 0.7231018 0.6495802 0.7326131 0.0000000 1.2111377 1.1548840 1.2499928 0.9731794 1.1585648 1.1254130 1.0456543 1.2704416 1.2950347 1.1051055 1.2434644 0.8877751 0.9436153 
Q7YTI4_CAEEL_1_298  2.3340934 2.6248423 2.5899246 2.1669769 1.1513810 1.0741816 1.0111736 1.2111377 0.0000000 0.1215063 1.1243622 0.9955412 1.0141634 1.0493853 1.0672066 1.2080610 1.1487272 1.6234666 0.9212312 0.9970662 1.1934507 
Q60R54_CAEBR_1_298  2.2259988 2.3737502 2.5361917 2.1828325 1.1491143 1.1022096 1.0361095 1.1548840 0.1215063 0.0000000 1.0220823 0.9347579 1.0559172 1.0628065 1.0215926 1.2046371 1.1488434 1.5781114 0.9761058 1.0001621 1.2052696 
Q7Q9K5_ANOGA_1_279  2.1549362 2.2599762 2.5077840 2.0004044 0.7869620 0.8639804 0.8167914 1.2499928 1.1243622 1.0220823 0.0000000 0.4728330 1.0046671 1.0003234 1.0535122 0.8755386 1.0333542 1.0992673 0.9513810 1.0493336 1.0049186 
O46079_DROME_1_293  2.4251711 2.4451562 2.4816571 1.9037830 0.7258351 0.7489560 0.7224198 0.9731794 0.9955412 0.9347579 0.4728330 0.0000000 0.9258455 0.8024887 0.8350022 0.8923948 0.9182514 0.9898616 0.9374961 0.8083129 0.7974160 
Q6CLH7_KLULA_28_334 2.5568735 2.5641185 2.6163528 2.1958513 0.8355297 1.0226666 0.9851310 1.1585648 1.0141634 1.0559172 1.0046671 0.9258455 0.0000000 0.1152395 0.2486005 0.4492744 0.5971669 0.7271679 0.6058474 0.3477669 0.7852002 
Q75DR6_ASHGO_1_301  2.4769578 2.6476787 2.3762030 2.1814480 0.8434721 0.9693092 1.0286017 1.1254130 1.0493853 1.0628065 1.0003234 0.8024887 0.1152395 0.0000000 0.3053187 0.4995659 0.5776523 0.6814946 0.6045550 0.3864209 0.6863477 
KTI12_YEAST_1_309   2.7186561 2.6177314 3.0897202 2.5016233 0.8460389 0.8519759 0.9350804 1.0456543 1.0672066 1.0215926 1.0535122 0.8350022 0.2486005 0.3053187 0.0000000 0.5889537 0.5124153 0.6093814 0.6808586 0.2767920 0.8389301 
Q6BXN6_DEBHA_1_285  2.4810285 2.5642698 2.7204509 2.6670318 0.7223547 0.7525172 0.7732861 1.2704416 1.2080610 1.2046371 0.8755386 0.8923948 0.4492744 0.4995659 0.5889537 0.0000000 0.2057210 0.5959121 0.5639800 0.7783234 0.8081713 
Q59UH9_CANAL_1_281  2.6373194 2.7947197 2.6879401 2.8549967 0.7879309 0.8861416 1.0189381 1.2950347 1.1487272 1.1488434 1.0333542 0.9182514 0.5971669 0.5776523 0.5124153 0.2057210 0.0000000 0.5643577 0.5524132 0.8352040 0.8720530 
Q6C7D4_YARLI_1_273  3.1150660 3.3357868 3.3003835 2.2509245 0.8908822 1.0616781 0.9241539 1.1051055 1.6234666 1.5781114 1.0992673 0.9898616 0.7271679 0.6814946 0.6093814 0.5959121 0.5643577 0.0000000 0.6492474 0.8182194 1.0205090 
Q9P7V4_SCHPO_1_274  2.9638242 2.7930136 2.7065651 2.7971532 0.7110132 0.8431025 0.7732936 1.2434644 0.9212312 0.9761058 0.9513810 0.9374961 0.6058474 0.6045550 0.6808586 0.5639800 0.5524132 0.6492474 0.0000000 0.7330096 0.7839503 
Q6FME7_CANGA_1_307  2.6224444 2.5530599 2.9134685 1.8743574 0.8745800 0.7649569 0.8424414 0.8877751 0.9970662 1.0001621 1.0493336 0.8083129 0.3477669 0.3864209 0.2767920 0.7783234 0.8352040 0.8182194 0.7330096 0.0000000 0.9159016 
Q5K9F9_CRYNE_1_269  2.5795413 2.5509176 3.0433158 2.4476318 0.9182646 0.8644608 0.8939449 0.9436153 1.1934507 1.2052696 1.0049186 0.7974160 0.7852002 0.6863477 0.8389301 0.8081713 0.8720530 1.0205090 0.7839503 0.9159016 0.0000000 
