15
Q8XK80_CLOPE_200_495 0.0000000 0.8110016 0.8500310 0.8194772 1.6075534 1.2913013 1.3661759 1.2285491 0.7993764 1.1524809 1.6874900 1.6469735 1.4965043 1.3298978 3.4111637 
Q89ZI2_BACTN_151_447 0.8110016 0.0000000 0.6524667 0.8179219 1.3199569 1.1498044 1.3615415 1.2926994 0.8800994 1.1841666 1.4625875 1.3642474 1.2216228 1.4138742 3.0285004 
Q8XL08_CLOPE_182_483 0.8500310 0.6524667 0.0000000 0.4175758 1.6373976 1.3481171 1.4685398 1.4559916 1.1749049 1.5556035 2.0993287 1.9089107 1.4956623 1.5816825 3.7698271 
Q8XM09_CLOPE_196_498 0.8194772 0.8179219 0.4175758 0.0000000 1.3553997 1.2223590 1.3620289 1.4250516 1.0069022 1.4007031 1.7578857 1.4883147 1.4575502 1.3490575 4.2074768 
Q8P938_XANCP_184_498 1.6075534 1.3199569 1.6373976 1.3553997 0.0000000 0.4292235 1.6949914 1.7332682 1.4188580 1.7140903 1.9621033 1.7459455 1.7260640 1.6678525 3.7211575 
Q8PFQ0_XANAC_183_499 1.2913013 1.1498044 1.3481171 1.2223590 0.4292235 0.0000000 1.5214378 1.6105440 1.5617429 1.8219853 2.0264231 1.9906262 1.6755134 1.6917055 3.6474522 
Q99YP8_STRP1_132_441 1.3661759 1.3615415 1.4685398 1.3620289 1.6949914 1.5214378 0.0000000 0.7195120 1.4848600 1.6870384 1.4812022 1.4470175 1.5694009 1.5634076 3.9394377 
Q8GMZ8_ENTFC_143_455 1.2285491 1.2926994 1.4559916 1.4250516 1.7332682 1.6105440 0.7195120 0.0000000 1.3759826 1.8179002 1.2809619 1.2720136 1.2179655 1.3549944 2.8771515 
Q8XKW3_CLOPE_192_490 0.7993764 0.8800994 1.1749049 1.0069022 1.4188580 1.5617429 1.4848600 1.3759826 0.0000000 0.6679178 1.7871105 1.6679760 1.6664119 1.5379656 3.0382680 
NAGH_CLOPE_187_505   1.1524809 1.1841666 1.5556035 1.4007031 1.7140903 1.8219853 1.6870384 1.8179002 0.6679178 0.0000000 2.1095150 1.9971929 1.9089934 1.9375451 2.9890340 
Q9VDC9_DROME_17_325  1.6874900 1.4625875 2.0993287 1.7578857 1.9621033 2.0264231 1.4812022 1.2809619 1.7871105 2.1095150 0.0000000 0.2025014 0.4756080 0.7245293 3.2433628 
Q7QKE6_ANOGA_17_326  1.6469735 1.3642474 1.9089107 1.4883147 1.7459455 1.9906262 1.4470175 1.2720136 1.6679760 1.9971929 0.2025014 0.0000000 0.4144603 0.7299458 3.3975226 
O60502_HUMAN_62_379  1.4965043 1.2216228 1.4956623 1.4575502 1.7260640 1.6755134 1.5694009 1.2179655 1.6664119 1.9089934 0.4756080 0.4144603 0.0000000 0.6926676 3.2243589 
Q22602_CAEEL_20_317  1.3298978 1.4138742 1.5816825 1.3490575 1.6678525 1.6917055 1.5634076 1.3549944 1.5379656 1.9375451 0.7245293 0.7299458 0.6926676 0.0000000 2.8887765 
Q94493_DICDI_15_322  3.4111637 3.0285004 3.7698271 4.2074768 3.7211575 3.6474522 3.9394377 2.8771515 3.0382680 2.9890340 3.2433628 3.3975226 3.2243589 2.8887765 0.0000000 
