8
Q68G42_RAT_206_294   0.0000000 0.2914292 0.6763477 0.7272507 0.8153951 1.0200888 2.5756942 1.9445018 
Q9DCY0_MOUSE_206_294 0.2914292 0.0000000 0.8313355 0.8990433 0.8496913 0.9285716 2.2303513 1.9587361 
O46686_BOVIN_206_294 0.6763477 0.8313355 0.0000000 0.4117408 0.4806206 0.6513528 2.6497952 2.1108708 
Q5R5B4_PONPY_207_295 0.7272507 0.8990433 0.4117408 0.0000000 0.4655837 0.7254029 2.9038131 2.3742775 
Q5PQT3_RAT_207_295   0.8153951 0.8496913 0.4806206 0.4655837 0.0000000 0.7906166 3.1379397 2.1462976 
O62832_BOVIN_206_294 1.0200888 0.9285716 0.6513528 0.7254029 0.7906166 0.0000000 2.7959838 2.2416477 
Q8NAW8_HUMAN_239_327 2.5756942 2.2303513 2.6497952 2.9038131 3.1379397 2.7959838 0.0000000 1.4077753 
Q86WC3_HUMAN_202_290 1.9445018 1.9587361 2.1108708 2.3742775 2.1462976 2.2416477 1.4077753 0.0000000 
