9
P87204_ASPFU_843_1663 0.0000000 0.2719998 0.3288737 0.3008695 0.3551516 0.5578175 0.5607872 0.9016504 4.7443230 
BGS4_SCHPO_871_1707   0.2719998 0.0000000 0.2665142 0.3620960 0.3804489 0.6023410 0.6330667 0.9848917 4.9083168 
BGS2_SCHPO_843_1667   0.3288737 0.2665142 0.0000000 0.4568773 0.4193785 0.5958577 0.6573013 0.9634153 5.1778418 
GLS1_YEAST_807_1632   0.3008695 0.3620960 0.4568773 0.0000000 0.4210254 0.6124195 0.5744727 0.9228707 4.9053373 
O93927_CRYNE_701_1518 0.3551516 0.3804489 0.4193785 0.4210254 0.0000000 0.7147785 0.7218150 1.0287711 4.7593355 
O13423_CANAL_599_1410 0.5578175 0.6023410 0.5958577 0.6124195 0.7147785 0.0000000 0.8480558 1.0575282 5.0089498 
GLS3_YEAST_693_1543   0.5607872 0.6330667 0.6573013 0.5744727 0.7218150 0.8480558 0.0000000 0.9082326 4.8926402 
O13429_CANAL_305_1090 0.9016504 0.9848917 0.9634153 0.9228707 1.0287711 1.0575282 0.9082326 0.0000000 5.0567650 
Q9ZT82_ARATH_875_1655 4.7443230 4.9083168 5.1778418 4.9053373 4.7593355 5.0089498 4.8926402 5.0567650 0.0000000 
