10
GALT_BACSU_18_234 0.0000000 2.0160984 1.0812196 4.2898252 5.7728938 6.4834669 7.6671181 6.5030322 6.3205547 8.9999986 
GALT_LACHE_15_221 2.0160984 0.0000000 1.1083455 4.4195932 5.2036747 4.7432937 5.3262023 5.4029467 5.8762631 8.9999988 
GALT_STRMU_16_225 1.0812196 1.1083455 0.0000000 4.4140505 4.8412413 4.5734957 4.3582811 5.3556927 5.4862128 8.9999989 
GALT_HUMAN_22_196 4.2898252 4.4195932 4.4140505 0.0000000 0.4982158 0.5793912 0.5129616 0.7105379 0.7228803 3.3201271 
GAL7_ECOLI_2_176  5.7728938 5.2036747 4.8412413 0.4982158 0.0000000 0.3144275 0.5107352 0.6903915 0.6854080 3.1645198 
GAL7_HAEIN_3_177  6.4834669 4.7432937 4.5734957 0.5793912 0.3144275 0.0000000 0.4448160 0.8355739 0.7597051 2.9860361 
GAL7_CRYNE_15_198 7.6671181 5.3262023 4.3582811 0.5129616 0.5107352 0.4448160 0.0000000 0.8362027 0.8048566 3.1153243 
GAL7_KLULA_1_189  6.5030322 5.4029467 5.3556927 0.7105379 0.6903915 0.8355739 0.8362027 0.0000000 0.2587961 3.7458604 
GAL7_YEAST_3_191  6.3205547 5.8762631 5.4862128 0.7228803 0.6854080 0.7597051 0.8048566 0.2587961 0.0000000 3.5826700 
GAL7_STRLI_2_177  8.9999986 8.9999988 8.9999989 3.3201271 3.1645198 2.9860361 3.1153243 3.7458604 3.5826700 0.0000000 
