6
GR65_RAT_67_387     0.0000000 0.0241934 0.3679288 0.4865166 0.5913961 1.3484978 
GR65_HUMAN_68_365   0.0241934 0.0000000 0.3933005 0.4862610 0.6290857 1.3639726 
GORS2_MOUSE_68_410  0.3679288 0.3933005 0.0000000 0.3240525 0.4840084 1.4177497 
Q9VW57_DROME_69_404 0.4865166 0.4862610 0.3240525 0.0000000 0.5222786 1.3880645 
Q9N3Y1_CAEEL_69_432 0.5913961 0.6290857 0.4840084 0.5222786 0.0000000 1.6652769 
YAT2_SCHPO_80_337   1.3484978 1.3639726 1.4177497 1.3880645 1.6652769 0.0000000 
