35
GPMI_VIBPA_3_361    0.0000000 0.2994139 0.4799225 0.4591934 0.4807155 0.7516748 0.8049128 0.6967714 0.7988582 0.8215389 0.8185038 0.8874825 1.0063993 0.8059618 0.9241040 0.9315641 0.9659696 0.8759319 0.9719626 1.1311141 0.9522928 0.9235435 1.0078202 1.0871218 1.1626174 0.9200363 0.8447479 1.2294161 1.4193371 0.7644262 1.6545311 1.5805347 1.5451364 1.7454016 1.6703124 
GPMI_ECO57_4_363    0.2994139 0.0000000 0.4533028 0.4190596 0.3415125 0.7328697 0.8034206 0.6243820 0.7152110 0.7890182 0.7918048 0.7687943 0.8298678 0.7931447 0.8203890 0.8957162 0.8863177 0.8546831 1.0445375 0.9422606 0.9338198 0.9579945 0.9447751 1.0251306 1.0998453 0.8982438 0.9002932 1.2989692 1.5156583 0.9166313 1.5298378 1.4040056 1.4812087 1.8439835 1.7198341 
GPMI_SHEON_4_363    0.4799225 0.4533028 0.0000000 0.4578669 0.4529358 0.7084033 0.8059741 0.6938747 0.7492769 0.7415078 0.7124253 0.7347626 0.7216284 0.7228931 0.8344968 0.9427614 1.0609899 0.8914900 1.0227113 1.0277023 0.9975578 1.0580233 1.0522406 1.0411220 1.1134693 0.9979308 0.8385853 1.3040102 1.4566774 1.1651711 1.7894576 1.6535748 1.5422569 1.8997189 1.7141249 
GPMI_PSEAE_4_364    0.4591934 0.4190596 0.4578669 0.0000000 0.2063199 0.8328062 0.8357918 0.6743556 0.7540113 0.7916805 0.8254999 0.7838952 0.9280204 0.8111531 0.8683522 0.8912179 0.9289861 0.8945978 0.9819456 1.1696985 1.1189998 1.0064000 1.0101774 0.9663129 1.2472567 1.1439472 1.1020596 1.4215270 1.6458964 1.0269519 1.8022622 1.6079671 1.5589945 1.8919801 1.9371948 
GPMI_PSESM_4_359    0.4807155 0.3415125 0.4529358 0.2063199 0.0000000 0.6869227 0.6401748 0.5697566 0.6614557 0.6899835 0.6832620 0.6483650 0.7239738 0.6775218 0.6730510 0.7601383 0.7744987 0.8179894 0.8842421 0.9943568 0.9452176 0.9039871 0.9248580 0.9126194 1.0213026 1.0064566 0.9664711 1.3341739 1.4481118 0.8482988 1.6143695 1.4039340 1.3441549 1.8964589 1.8466250 
GPMI1_METAC_4_364   0.7516748 0.7328697 0.7084033 0.8328062 0.6869227 0.0000000 0.3157578 0.4913567 0.4565403 0.4937510 0.5209501 0.6026032 0.5200225 0.5050961 0.7251589 0.7328131 0.7388840 0.7649698 0.8330890 0.8989808 0.9649040 0.8048200 0.9610188 0.9398972 0.8868712 0.7681525 0.7617619 0.8892790 1.2546272 0.8368048 1.8216519 1.6091786 1.4812320 1.7138592 1.3872651 
GPMI_METMA_10_370   0.8049128 0.8034206 0.8059741 0.8357918 0.6401748 0.3157578 0.0000000 0.5744311 0.5730116 0.5679084 0.6079873 0.6927436 0.6550571 0.6261622 0.7827306 0.7622017 0.7371234 0.8735351 0.8624322 0.9187109 1.0144225 0.7811188 0.8770445 1.0250514 0.9230742 0.8554831 0.7120348 0.8549528 1.2457625 0.8411346 1.8606066 1.7912913 1.7523509 1.8933793 1.5699901 
GPMI_CLOPE_2_360    0.6967714 0.6243820 0.6938747 0.6743556 0.5697566 0.4913567 0.5744311 0.0000000 0.1907385 0.2292513 0.4165795 0.4489453 0.4779006 0.4688821 0.4952635 0.5769085 0.6247838 0.6119797 0.8073627 0.7482576 0.7563145 0.6513398 0.7889527 0.8567339 0.8255658 0.7704213 0.8390528 0.8582251 1.1020089 0.8846469 1.7051055 1.5793164 1.5690953 1.7273558 1.5298683 
GPMI_CLOAB_2_360    0.7988582 0.7152110 0.7492769 0.7540113 0.6614557 0.4565403 0.5730116 0.1907385 0.0000000 0.2758742 0.4392702 0.4679194 0.4677299 0.4038030 0.4641941 0.7086551 0.8058216 0.8160251 0.8408267 0.7281427 0.9675944 0.7458292 0.9207160 0.9289675 0.8349467 0.7587852 0.8381834 0.8657210 1.2013247 1.0679772 1.7453406 1.7364792 1.5324425 1.9007958 1.5948726 
GPMI_CLOTE_2_360    0.8215389 0.7890182 0.7415078 0.7916805 0.6899835 0.4937510 0.5679084 0.2292513 0.2758742 0.0000000 0.4346667 0.5312324 0.4880925 0.4602273 0.6147877 0.7039242 0.7719630 0.6699634 0.7530302 0.8501505 0.9048010 0.7528584 0.8256761 0.8396536 0.9448744 0.7937753 0.8473699 0.8619198 1.0615106 0.9181601 1.7958254 1.6474884 1.4637220 1.8569672 1.5170797 
GPMI_BACME_2_363    0.8185038 0.7918048 0.7124253 0.8254999 0.6832620 0.5209501 0.6079873 0.4165795 0.4392702 0.4346667 0.0000000 0.2072964 0.2296207 0.3240718 0.3643106 0.7659078 0.7756404 0.7417219 0.8964829 1.0099042 1.0409963 0.8857650 0.8438665 1.0606809 0.9268685 0.7474384 0.8780008 0.9169783 1.3013966 1.0378616 1.8521565 1.7130896 1.6086037 1.6512730 1.7354647 
GPMI_BACHD_2_363    0.8874825 0.7687943 0.7347626 0.7838952 0.6483650 0.6026032 0.6927436 0.4489453 0.4679194 0.5312324 0.2072964 0.0000000 0.2742095 0.3520299 0.4214226 0.6715954 0.7227810 0.7024480 0.9248295 0.8772798 1.1012027 0.9131411 1.0250076 1.0720295 0.9841610 0.8625928 1.0487897 1.0440293 1.2568278 1.0346143 2.0998695 1.7710709 1.8109258 1.6673667 1.7558506 
GPMI_OCEIH_3_364    1.0063993 0.8298678 0.7216284 0.9280204 0.7239738 0.5200225 0.6550571 0.4779006 0.4677299 0.4880925 0.2296207 0.2742095 0.0000000 0.3709670 0.3619973 0.7495910 0.8280215 0.8297683 0.9338889 0.9478456 1.0962872 0.8525921 1.0396243 1.0371173 0.8864990 0.8227779 0.8549540 0.8804613 1.3986216 1.0346577 1.9344463 1.6508924 1.5775902 1.8057082 1.7269644 
GPMI_LISMO_2_362    0.8059618 0.7931447 0.7228931 0.8111531 0.6775218 0.5050961 0.6261622 0.4688821 0.4038030 0.4602273 0.3240718 0.3520299 0.3709670 0.0000000 0.3369504 0.6695940 0.8075715 0.7309468 0.8760594 0.8241108 1.0008885 0.9285051 0.9978062 0.9901609 1.0341749 0.9466382 0.9185130 0.8326234 1.3483293 1.0003411 1.7556051 1.6074507 1.5011090 1.7087013 1.7870891 
GPMI_STAAN_2_357    0.9241040 0.8203890 0.8344968 0.8683522 0.6730510 0.7251589 0.7827306 0.4952635 0.4641941 0.6147877 0.3643106 0.4214226 0.3619973 0.3369504 0.0000000 0.8119199 0.9067071 0.8760095 1.0355415 1.0147117 1.1578132 0.9050064 1.0692353 1.0823318 0.8577233 0.9248426 0.9783256 0.7714487 1.4311324 1.1354346 2.0337895 1.8872890 1.8538002 1.8658499 1.6335303 
GPMI_ANASP_5_358    0.9315641 0.8957162 0.9427614 0.8912179 0.7601383 0.7328131 0.7622017 0.5769085 0.7086551 0.7039242 0.7659078 0.6715954 0.7495910 0.6695940 0.8119199 0.0000000 0.2777680 0.2615433 0.5786199 0.6818575 0.9261289 0.7576875 1.0258145 0.9199422 0.8870115 0.9002725 0.9652780 1.1059775 1.1635619 0.8473480 1.8520578 1.5544592 1.5048456 1.6173198 1.6575443 
GPMI_SYNEL_5_357    0.9659696 0.8863177 1.0609899 0.9289861 0.7744987 0.7388840 0.7371234 0.6247838 0.8058216 0.7719630 0.7756404 0.7227810 0.8280215 0.8075715 0.9067071 0.2777680 0.0000000 0.3454325 0.5372209 0.5883172 0.9116211 0.8466578 1.1413888 1.1207090 0.8929314 0.8580728 0.9516464 1.0397229 1.3182698 0.8941385 1.8616004 1.6854751 1.5805100 1.7371575 1.6657120 
GPMI_SYNY3_4_358    0.8759319 0.8546831 0.8914900 0.8945978 0.8179894 0.7649698 0.8735351 0.6119797 0.8160251 0.6699634 0.7417219 0.7024480 0.8297683 0.7309468 0.8760095 0.2615433 0.3454325 0.0000000 0.4966867 0.6100590 0.7956093 0.8716859 1.0632664 1.0679747 0.8738611 0.8740477 1.1305151 1.2333202 1.3026401 0.9195083 1.6243972 1.4126681 1.6062776 1.5184856 1.5846797 
GPMI_PORPU_5_361    0.9719626 1.0445375 1.0227113 0.9819456 0.8842421 0.8330890 0.8624322 0.8073627 0.8408267 0.7530302 0.8964829 0.9248295 0.9338889 0.8760594 1.0355415 0.5786199 0.5372209 0.4966867 0.0000000 0.4628629 1.0253640 0.9836148 1.0208125 1.1401164 0.9783794 0.9079372 1.0270187 1.1695194 1.3166764 1.0317013 1.7874813 1.6335705 1.4792936 1.6457578 1.6136366 
GPMI_ANTSP_5_359    1.1311141 0.9422606 1.0277023 1.1696985 0.9943568 0.8989808 0.9187109 0.7482576 0.7281427 0.8501505 1.0099042 0.8772798 0.9478456 0.8241108 1.0147117 0.6818575 0.5883172 0.6100590 0.4628629 0.0000000 1.1325199 1.0108398 1.0805624 1.1139815 0.8827983 0.9217623 1.0208064 1.1573165 1.2004776 1.0899914 1.9077631 2.0654287 2.0333644 1.8954261 1.4038534 
GPMI_AGRT5_3_356    0.9522928 0.9338198 0.9975578 1.1189998 0.9452176 0.9649040 1.0144225 0.7563145 0.9675944 0.9048010 1.0409963 1.1012027 1.0962872 1.0008885 1.1578132 0.9261289 0.9116211 0.7956093 1.0253640 1.1325199 0.0000000 1.3041644 1.0836822 1.1908349 1.2275571 1.2470229 1.2982580 1.3197837 1.6736167 1.2758384 2.0552259 1.9175507 1.9716842 2.0467072 1.6427891 
GPMI_BACTN_1_356    0.9235435 0.9579945 1.0580233 1.0064000 0.9039871 0.8048200 0.7811188 0.6513398 0.7458292 0.7528584 0.8857650 0.9131411 0.8525921 0.9285051 0.9050064 0.7576875 0.8466578 0.8716859 0.9836148 1.0108398 1.3041644 0.0000000 1.0435833 1.0265993 0.9761246 1.0225021 0.9825241 1.2307696 1.5106799 0.9081590 1.8629280 1.9862523 1.9872754 2.2049044 1.7489529 
GPMI_HELPY_1_347    1.0078202 0.9447751 1.0522406 1.0101774 0.9248580 0.9610188 0.8770445 0.7889527 0.9207160 0.8256761 0.8438665 1.0250076 1.0396243 0.9978062 1.0692353 1.0258145 1.1413888 1.0632664 1.0208125 1.0805624 1.0836822 1.0435833 0.0000000 0.7414295 1.0746506 0.9444584 1.1239270 1.1730076 1.5392534 1.0837863 2.4314616 2.4238467 2.2909765 2.0218732 1.4919465 
GPMI_CAMJE_1_347    1.0871218 1.0251306 1.0411220 0.9663129 0.9126194 0.9398972 1.0250514 0.8567339 0.9289675 0.8396536 1.0606809 1.0720295 1.0371173 0.9901609 1.0823318 0.9199422 1.1207090 1.0679747 1.1401164 1.1139815 1.1908349 1.0265993 0.7414295 0.0000000 1.1428978 1.2574440 1.0902066 1.1991248 1.3859352 1.3323467 2.3960313 2.1422237 1.9130338 2.1909298 1.8191734 
GPMI_MYCGE_1_359    1.1626174 1.0998453 1.1134693 1.2472567 1.0213026 0.8868712 0.9230742 0.8255658 0.8349467 0.9448744 0.9268685 0.9841610 0.8864990 1.0341749 0.8577233 0.8870115 0.8929314 0.8738611 0.9783794 0.8827983 1.2275571 0.9761246 1.0746506 1.1428978 0.0000000 0.2971533 0.6367376 0.9252109 1.8565087 1.1425473 2.2458555 2.2302285 2.1527072 2.0550437 1.1931663 
GPMI_MYCPN_1_359    0.9200363 0.8982438 0.9979308 1.1439472 1.0064566 0.7681525 0.8554831 0.7704213 0.7587852 0.7937753 0.7474384 0.8625928 0.8227779 0.9466382 0.9248426 0.9002725 0.8580728 0.8740477 0.9079372 0.9217623 1.2470229 1.0225021 0.9444584 1.2574440 0.2971533 0.0000000 0.5886802 0.8192042 1.8272804 1.1377596 1.9460829 1.9405751 1.9741029 2.1069604 1.1782864 
GPMI_MYCPE_1_356    0.8447479 0.9002932 0.8385853 1.1020596 0.9664711 0.7617619 0.7120348 0.8390528 0.8381834 0.8473699 0.8780008 1.0487897 0.8549540 0.9185130 0.9783256 0.9652780 0.9516464 1.1305151 1.0270187 1.0208064 1.2982580 0.9825241 1.1239270 1.0902066 0.6367376 0.5886802 0.0000000 0.6445280 1.6602441 1.2126755 1.9905700 1.9955564 1.8833251 2.2455273 1.3205688 
GPMI_MYCPU_5_360    1.2294161 1.2989692 1.3040102 1.4215270 1.3341739 0.8892790 0.8549528 0.8582251 0.8657210 0.8619198 0.9169783 1.0440293 0.8804613 0.8326234 0.7714487 1.1059775 1.0397229 1.2333202 1.1695194 1.1573165 1.3197837 1.2307696 1.1730076 1.1991248 0.9252109 0.8192042 0.6445280 0.0000000 1.9692479 1.4028480 2.4268165 2.1972119 2.0261095 2.0455988 1.8600454 
Q8SR33_ENCCU_11_349 1.4193371 1.5156583 1.4566774 1.6458964 1.4481118 1.2546272 1.2457625 1.1020089 1.2013247 1.0615106 1.3013966 1.2568278 1.3986216 1.3483293 1.4311324 1.1635619 1.3182698 1.3026401 1.3166764 1.2004776 1.6736167 1.5106799 1.5392534 1.3859352 1.8565087 1.8272804 1.6602441 1.9692479 0.0000000 1.0425282 2.1892011 2.0223562 2.2503528 1.9770143 1.9646400 
O44742_CAEEL_27_386 0.7644262 0.9166313 1.1651711 1.0269519 0.8482988 0.8368048 0.8411346 0.8846469 1.0679772 0.9181601 1.0378616 1.0346143 1.0346577 1.0003411 1.1354346 0.8473480 0.8941385 0.9195083 1.0317013 1.0899914 1.2758384 0.9081590 1.0837863 1.3323467 1.1425473 1.1377596 1.2126755 1.4028480 1.0425282 0.0000000 1.6676181 1.6594893 1.8759177 2.1661047 1.8229546 
PMG1_ARATH_17_389   1.6545311 1.5298378 1.7894576 1.8022622 1.6143695 1.8216519 1.8606066 1.7051055 1.7453406 1.7958254 1.8521565 2.0998695 1.9344463 1.7556051 2.0337895 1.8520578 1.8616004 1.6243972 1.7874813 1.9077631 2.0552259 1.8629280 2.4314616 2.3960313 2.2458555 1.9460829 1.9905700 2.4268165 2.1892011 1.6676181 0.0000000 0.1569529 0.4345420 2.2143339 2.9094704 
Q9XE59_SOLTU_18_388 1.5805347 1.4040056 1.6535748 1.6079671 1.4039340 1.6091786 1.7912913 1.5793164 1.7364792 1.6474884 1.7130896 1.7710709 1.6508924 1.6074507 1.8872890 1.5544592 1.6854751 1.4126681 1.6335705 2.0654287 1.9175507 1.9862523 2.4238467 2.1422237 2.2302285 1.9405751 1.9955564 2.1972119 2.0223562 1.6594893 0.1569529 0.0000000 0.4100102 1.8429920 3.0365835 
Q94KV1_CHLRE_15_392 1.5451364 1.4812087 1.5422569 1.5589945 1.3441549 1.4812320 1.7523509 1.5690953 1.5324425 1.4637220 1.6086037 1.8109258 1.5775902 1.5011090 1.8538002 1.5048456 1.5805100 1.6062776 1.4792936 2.0333644 1.9716842 1.9872754 2.2909765 1.9130338 2.1527072 1.9741029 1.8833251 2.0261095 2.2503528 1.8759177 0.4345420 0.4100102 0.0000000 2.0339234 2.7486911 
GPMI_STRCO_8_356    1.7454016 1.8439835 1.8997189 1.8919801 1.8964589 1.7138592 1.8933793 1.7273558 1.9007958 1.8569672 1.6512730 1.6673667 1.8057082 1.7087013 1.8658499 1.6173198 1.7371575 1.5184856 1.6457578 1.8954261 2.0467072 2.2049044 2.0218732 2.1909298 2.0550437 2.1069604 2.2455273 2.0455988 1.9770143 2.1661047 2.2143339 1.8429920 2.0339234 0.0000000 2.6417586 
GPMI_UREPA_3_351    1.6703124 1.7198341 1.7141249 1.9371948 1.8466250 1.3872651 1.5699901 1.5298683 1.5948726 1.5170797 1.7354647 1.7558506 1.7269644 1.7870891 1.6335303 1.6575443 1.6657120 1.5846797 1.6136366 1.4038534 1.6427891 1.7489529 1.4919465 1.8191734 1.1931663 1.1782864 1.3205688 1.8600454 1.9646400 1.8229546 2.9094704 3.0365835 2.7486911 2.6417586 0.0000000 
