10
Q8XIL5_CLOPE_13_157 0.0000000 1.0135221 1.0002783 2.2101470 2.0075591 1.5763825 1.9000391 3.6173490 2.6006781 2.8865910 
Q896H9_CLOTE_18_164 1.0135221 0.0000000 0.9039087 1.6764305 1.4478495 1.3340984 1.5773647 2.7756955 2.1692033 2.8854507 
Q8R7D1_THETN_26_171 1.0002783 0.9039087 0.0000000 0.8386598 1.3470034 0.9881661 1.0753081 3.1738270 3.4058883 4.0086224 
Q8XI97_CLOPE_12_158 2.2101470 1.6764305 0.8386598 0.0000000 1.0786702 0.7755519 1.0726795 2.6406353 3.3137587 3.1733836 
Q9CFX3_LACLA_12_157 2.0075591 1.4478495 1.3470034 1.0786702 0.0000000 0.8346237 0.8243174 2.4798971 2.2521494 2.9366785 
Q927J9_LISMO_13_159 1.5763825 1.3340984 0.9881661 0.7755519 0.8346237 0.0000000 0.5348949 2.5020219 3.1144020 3.3055553 
Q88XV7_LACPL_20_166 1.9000391 1.5773647 1.0753081 1.0726795 0.8243174 0.5348949 0.0000000 2.4717620 2.7942926 2.4722992 
O83368_TREPA_20_165 3.6173490 2.7756955 3.1738270 2.6406353 2.4798971 2.5020219 2.4717620 0.0000000 2.4447176 2.4026353 
Q8RGD4_FUSNN_15_165 2.6006781 2.1692033 3.4058883 3.3137587 2.2521494 3.1144020 2.7942926 2.4447176 0.0000000 2.8145755 
Q9X1P1_THEMA_40_194 2.8865910 2.8854507 4.0086224 3.1733836 2.9366785 3.3055553 2.4722992 2.4026353 2.8145755 0.0000000 
