7
ESSQ_ECOLI_4_71    0.0000000 0.0642506 0.2074767 0.2271864 0.2681965 0.2253326 0.2670971 
ESSD_ECOLI_4_71    0.0642506 0.0000000 0.1628807 0.1811623 0.2383841 0.1976981 0.2629544 
VLYS_BPP21_4_71    0.2074767 0.1628807 0.0000000 0.0145995 0.2356460 0.2560214 0.3035514 
Q9FCW3_ECOLI_4_71  0.2271864 0.1811623 0.0145995 0.0000000 0.2564557 0.2771330 0.3260157 
Q9LA35_SHIDY_4_71  0.2681965 0.2383841 0.2356460 0.2564557 0.0000000 0.0449320 0.0938817 
Q9T1L3_BPVT2_29_96 0.2253326 0.1976981 0.2560214 0.2771330 0.0449320 0.0000000 0.0779900 
O48430_BPH19_1_68  0.2670971 0.2629544 0.3035514 0.3260157 0.0938817 0.0779900 0.0000000 
