24
Q8UJG7_AGRT5_410_482 0.0000000 0.2429766 0.3109045 0.5740173 0.7828058 0.7613448 0.7114498 0.6438436 0.5695387 0.7840587 1.6328279 1.5695491 1.2076740 1.8984393 1.7732330 1.5843723 2.1747855 2.1459610 2.2397048 2.2256632 2.4314411 2.7524345 3.1222019 3.6278495 
Q1YGV5_9RHIZ_436_508 0.2429766 0.0000000 0.3772321 0.6029197 0.8130026 0.7657032 0.7383769 0.6418189 0.6213174 0.8195015 2.0428715 1.7385969 1.4778298 1.6454124 1.6462722 1.3116844 1.9689716 2.2080236 2.1181600 2.7594054 2.8452709 3.0047269 4.0993890 4.1771422 
Q3KCW1_PSEPF_418_490 0.3109045 0.3772321 0.0000000 0.6031516 0.8360459 0.7357209 0.6727478 0.7149248 0.7139684 0.7586936 1.8942349 1.3222844 1.1486466 1.5427578 1.5040361 1.5844421 2.1614141 1.9351370 2.0384244 2.7823123 2.2387853 2.4302767 3.1356253 3.1898030 
Q7UHI5_RHOBA_421_494 0.5740173 0.6029197 0.6031516 0.0000000 0.6872820 0.5654334 0.6967811 0.7803377 0.7765360 0.7829251 1.8408682 1.4182575 0.9739872 1.6877582 1.4755999 1.5710737 2.4909209 1.9361150 2.3026322 3.1506008 2.0307838 3.0659837 4.1867744 2.9602817 
Q43ZN1_SOLUS_413_486 0.7828058 0.8130026 0.8360459 0.6872820 0.0000000 0.7696754 0.7334527 0.9428444 0.9469599 0.8849655 2.1087324 1.8367205 1.2034619 1.7375855 1.7156502 1.5972325 2.5787934 2.3433613 2.1500649 2.8013131 2.1740708 3.5683026 3.2372474 3.4339783 
Q89T73_BRAJA_416_488 0.7613448 0.7657032 0.7357209 0.5654334 0.7696754 0.0000000 0.7138274 0.9392922 1.0078229 1.0548206 2.0549549 1.4512168 1.1035047 1.5493950 1.5634247 2.0479351 2.4007612 2.2260310 1.9504874 1.8953972 2.1732849 3.4641097 3.0583731 2.6226917 
Q2CB22_9RHOB_411_483 0.7114498 0.7383769 0.6727478 0.6967811 0.7334527 0.7138274 0.0000000 0.8316421 0.8108064 0.7264454 2.3284414 1.8898419 1.1931563 1.2639857 1.2416003 1.2798644 2.0058910 2.3119903 2.1983440 2.2031415 2.1894891 3.2265782 3.2002400 3.2833174 
Q4UTJ6_XANC8_423_496 0.6438436 0.6418189 0.7149248 0.7803377 0.9428444 0.9392922 0.8316421 0.0000000 0.2043316 0.3622825 2.6798144 1.8297860 1.3625214 1.8100087 1.9382580 2.0305809 1.9581868 2.2627320 2.4312388 2.0618627 2.6691931 2.8384239 3.1973954 3.3312557 
Q3BUX5_XANC5_408_482 0.5695387 0.6213174 0.7139684 0.7765360 0.9469599 1.0078229 0.8108064 0.2043316 0.0000000 0.5182611 2.1526099 1.9130868 1.3834399 1.6697080 1.9044193 1.8741655 1.9946202 2.0672931 2.2520289 1.8704396 2.5310559 3.1730508 2.8611866 3.5420773 
Q48N05_PSE14_426_498 0.7840587 0.8195015 0.7586936 0.7829251 0.8849655 1.0548206 0.7264454 0.3622825 0.5182611 0.0000000 2.2318320 1.6952780 1.0407255 1.3426746 1.4350636 1.6409970 2.1650612 2.5228410 2.8420154 1.9872653 2.9018658 3.3918133 3.6052999 3.7227840 
Q5V5J9_HALMA_410_483 1.6328279 2.0428715 1.8942349 1.8408682 2.1087324 2.0549549 2.3284414 2.6798144 2.1526099 2.2318320 0.0000000 1.0991226 1.0599591 2.3826730 2.6080792 2.2842449 3.2511248 2.8297969 3.2048781 3.6091635 3.6592245 3.8179079 4.1300925 4.4032082 
Q3IN66_NATPD_409_482 1.5695491 1.7385969 1.3222844 1.4182575 1.8367205 1.4512168 1.8898419 1.8297860 1.9130868 1.6952780 1.0991226 0.0000000 1.2899253 2.0857955 1.9699936 2.1885317 2.3386460 2.2292108 2.3633602 2.2855205 3.3753422 3.1413112 3.3586444 2.6431675 
Q3E0K7_CHLAU_403_476 1.2076740 1.4778298 1.1486466 0.9739872 1.2034619 1.1035047 1.1931563 1.3625214 1.3834399 1.0407255 1.0599591 1.2899253 0.0000000 1.4903388 1.3404906 1.6385269 2.3873162 2.1233821 2.1013895 2.3809019 3.0461863 3.5492151 3.9029638 3.3729083 
Q3E0W9_CHLAU_410_483 1.8984393 1.6454124 1.5427578 1.6877582 1.7375855 1.5493950 1.2639857 1.8100087 1.6697080 1.3426746 2.3826730 2.0857955 1.4903388 0.0000000 0.2030221 0.3314989 0.4820190 0.8352484 0.8441533 1.5908791 2.0785101 2.6007961 2.5686945 2.1979760 
KACL2_SYNY3_413_486  1.7732330 1.6462722 1.5040361 1.4755999 1.7156502 1.5634247 1.2416003 1.9382580 1.9044193 1.4350636 2.6080792 1.9699936 1.3404906 0.2030221 0.0000000 0.3171082 0.5027093 0.9296207 0.7549336 1.5090128 2.1608827 2.7022261 2.7565932 2.0402959 
Q2RP55_RHORT_414_487 1.5843723 1.3116844 1.5844421 1.5710737 1.5972325 2.0479351 1.2798644 2.0305809 1.8741655 1.6409970 2.2842449 2.1885317 1.6385269 0.3314989 0.3171082 0.0000000 0.7577589 1.1966273 1.0607215 2.0644649 2.2548959 2.5610754 2.3389462 2.4231690 
Q35JM5_9BRAD_414_487 2.1747855 1.9689716 2.1614141 2.4909209 2.5787934 2.4007612 2.0058910 1.9581868 1.9946202 2.1650612 3.2511248 2.3386460 2.3873162 0.4820190 0.5027093 0.7577589 0.0000000 1.1838000 1.0909643 1.7613075 2.2739651 2.5509665 2.6368774 1.9818991 
Q1PJG6_PROMA_421_494 2.1459610 2.2080236 1.9351370 1.9361150 2.3433613 2.2260310 2.3119903 2.2627320 2.0672931 2.5228410 2.8297969 2.2292108 2.1233821 0.8352484 0.9296207 1.1966273 1.1838000 0.0000000 0.2960954 2.3998877 2.1129086 2.3588742 2.2829951 1.6639483 
KAIC_SYNY3_422_495   2.2397048 2.1181600 2.0384244 2.3026322 2.1500649 1.9504874 2.1983440 2.4312388 2.2520289 2.8420154 3.2048781 2.3633602 2.1013895 0.8441533 0.7549336 1.0607215 1.0909643 0.2960954 0.0000000 2.3205335 2.3005205 3.0071659 2.3109324 2.3101837 
Q2X9Q6_PSEPU_401_475 2.2256632 2.7594054 2.7823123 3.1506008 2.8013131 1.8953972 2.2031415 2.0618627 1.8704396 1.9872653 3.6091635 2.2855205 2.3809019 1.5908791 1.5090128 2.0644649 1.7613075 2.3998877 2.3205335 0.0000000 2.6870815 3.3683167 2.3945586 2.4689024 
Q8PXX6_METMA_322_393 2.4314411 2.8452709 2.2387853 2.0307838 2.1740708 2.1732849 2.1894891 2.6691931 2.5310559 2.9018658 3.6592245 3.3753422 3.0461863 2.0785101 2.1608827 2.2548959 2.2739651 2.1129086 2.3005205 2.6870815 0.0000000 0.6499546 1.0136035 0.7235621 
Q1XSI0_CYTJO_417_488 2.7524345 3.0047269 2.4302767 3.0659837 3.5683026 3.4641097 3.2265782 2.8384239 3.1730508 3.3918133 3.8179079 3.1413112 3.5492151 2.6007961 2.7022261 2.5610754 2.5509665 2.3588742 3.0071659 3.3683167 0.6499546 0.0000000 1.0274860 0.7329932 
Q35K44_9BRAD_417_491 3.1222019 4.0993890 3.1356253 4.1867744 3.2372474 3.0583731 3.2002400 3.1973954 2.8611866 3.6052999 4.1300925 3.3586444 3.9029638 2.5686945 2.7565932 2.3389462 2.6368774 2.2829951 2.3109324 2.3945586 1.0136035 1.0274860 0.0000000 0.7110155 
Q1PYB2_9BACT_412_485 3.6278495 4.1771422 3.1898030 2.9602817 3.4339783 2.6226917 3.2833174 3.3312557 3.5420773 3.7227840 4.4032082 2.6431675 3.3729083 2.1979760 2.0402959 2.4231690 1.9818991 1.6639483 2.3101837 2.4689024 0.7235621 0.7329932 0.7110155 0.0000000 
