14
UL104_HCMVA_65_627  0.0000000 0.6943969 0.7259493 2.0286165 1.7584256 1.8281927 1.8447190 1.8121887 1.8840637 2.3506729 2.3463708 2.2850578 2.1545450 2.3098005 
UL06_HHV6Z_77_606   0.6943969 0.0000000 0.2534317 1.7623144 1.6578473 1.7146483 1.6407665 1.6933142 1.7137255 1.8222046 1.8406429 1.9200832 1.8965316 2.0042227 
UL06_HHV7J_60_587   0.7259493 0.2534317 0.0000000 1.6965546 1.6510258 1.6789760 1.6309517 1.6565078 1.6746319 1.8915863 1.8648812 1.9257030 1.9504123 2.0398291 
O41959_MHV68_20_552 2.0286165 1.7623144 1.6965546 0.0000000 0.5473552 0.5173273 0.6000351 0.6408721 0.6285346 1.7279094 1.5725297 1.5760942 1.7013235 1.7996452 
Q66646_9GAMA_19_560 1.7584256 1.6578473 1.6510258 0.5473552 0.0000000 0.2674000 0.2996519 0.4104079 0.4559849 1.7125386 1.6532645 1.5949534 1.6149299 1.8213222 
UL06_SHV21_19_548   1.8281927 1.7146483 1.6789760 0.5173273 0.2674000 0.0000000 0.3133330 0.4105044 0.4352066 1.7845685 1.7611969 1.6145521 1.7548779 1.8681583 
P88931_HHV8_21_553  1.8447190 1.6407665 1.6309517 0.6000351 0.2996519 0.3133330 0.0000000 0.4671041 0.5218898 1.6359128 1.6322860 1.5573073 1.6083425 1.9282769 
UL06_EBV_28_573     1.8121887 1.6933142 1.6565078 0.6408721 0.4104079 0.4105044 0.4671041 0.0000000 0.5249176 1.6012321 1.6866500 1.6961237 1.6640653 1.7870303 
O36392_9GAMA_13_546 1.8840637 1.7137255 1.6746319 0.6285346 0.4559849 0.4352066 0.5218898 0.5249176 0.0000000 1.5763841 1.6696935 1.6177042 1.6758658 1.8275816 
UL06_VZVD_74_644    2.3506729 1.8222046 1.8915863 1.7279094 1.7125386 1.7845685 1.6359128 1.6012321 1.5763841 0.0000000 0.3602833 0.3396026 0.3991136 0.5879233 
UL06_EHV1B_63_651   2.3463708 1.8406429 1.8648812 1.5725297 1.6532645 1.7611969 1.6322860 1.6866500 1.6696935 0.3602833 0.0000000 0.2512285 0.2894732 0.5322685 
P89140_9ALPH_1_556  2.2850578 1.9200832 1.9257030 1.5760942 1.5949534 1.6145521 1.5573073 1.6961237 1.6177042 0.3396026 0.2512285 0.0000000 0.2232578 0.5104583 
Q65575_9ALPH_41_617 2.1545450 1.8965316 1.9504123 1.7013235 1.6149299 1.7548779 1.6083425 1.6640653 1.6758658 0.3991136 0.2894732 0.2232578 0.0000000 0.5828783 
UL06_HHV11_37_617   2.3098005 2.0042227 2.0398291 1.7996452 1.8213222 1.8681583 1.9282769 1.7870303 1.8275816 0.5879233 0.5322685 0.5104583 0.5828783 0.0000000 
