13
P95540_PEDPE_263_383 0.0000000 0.5614923 0.7515251 0.6150162 0.6268510 0.7236473 0.5562267 0.7117028 0.7459372 0.5290414 0.6519086 0.8221955 1.1597378 
O87261_9LACT_262_383 0.5614923 0.0000000 0.2489549 0.5082045 0.5141136 0.5641049 0.4935072 0.5881383 0.5436465 0.5458713 0.7454194 0.7430944 1.1194312 
O54680_LACLC_262_383 0.7515251 0.2489549 0.0000000 0.5642593 0.5986967 0.6376970 0.5056123 0.6776228 0.6760624 0.6785036 0.9381665 0.7622566 1.2408235 
Q9FB63_LACLA_264_385 0.6150162 0.5082045 0.5642593 0.0000000 0.3239157 0.3376158 0.3386201 0.4338390 0.3716924 0.4448579 0.5760357 0.4694877 1.1916415 
Q9RQE4_9LACT_278_399 0.6268510 0.5141136 0.5986967 0.3239157 0.0000000 0.3802130 0.4629798 0.3821220 0.4802129 0.3485795 0.5141038 0.6065759 0.9614928 
O68171_9LACT_262_383 0.7236473 0.5641049 0.6376970 0.3376158 0.3802130 0.0000000 0.5005379 0.4551561 0.6243599 0.4249855 0.7028362 0.5640608 0.8822449 
Q8L0W2_LACLA_286_407 0.5562267 0.4935072 0.5056123 0.3386201 0.4629798 0.5005379 0.0000000 0.3320831 0.4708015 0.4614806 0.5354121 0.6556443 1.0400444 
Q48689_9LACT_261_382 0.7117028 0.5881383 0.6776228 0.4338390 0.3821220 0.4551561 0.3320831 0.0000000 0.6793244 0.4886199 0.6919977 0.7478021 1.0149043 
Q48698_9LACT_266_389 0.7459372 0.5436465 0.6760624 0.3716924 0.4802129 0.6243599 0.4708015 0.6793244 0.0000000 0.7009283 0.7209362 0.8101477 0.8740511 
Q48621_9LACT_262_383 0.5290414 0.5458713 0.6785036 0.4448579 0.3485795 0.4249855 0.4614806 0.4886199 0.7009283 0.0000000 0.2957476 0.4111513 1.1881433 
P83334_9LACT_264_385 0.6519086 0.7454194 0.9381665 0.5760357 0.5141038 0.7028362 0.5354121 0.6919977 0.7209362 0.2957476 0.0000000 0.6541299 0.6977945 
Q8GC30_LEUCI_260_381 0.8221955 0.7430944 0.7622566 0.4694877 0.6065759 0.5640608 0.6556443 0.7478021 0.8101477 0.4111513 0.6541299 0.0000000 1.2410048 
Q48699_9LACT_262_385 1.1597378 1.1194312 1.2408235 1.1916415 0.9614928 0.8822449 1.0400444 1.0149043 0.8740511 1.1881433 0.6977945 1.2410048 0.0000000 
