20
Q3XCJ6_METFL_18_420 0.0000000 0.3565398 0.3881921 0.4541524 0.4737047 0.5173062 0.4764619 0.6226130 0.4387762 0.7010813 0.5294957 0.8064022 0.7984740 0.7914578 0.8236100 1.7694140 1.9919528 1.8391300 1.8004041 2.1661887 
Q3SG89_THIDA_17_419 0.3565398 0.0000000 0.4136829 0.5045328 0.4574959 0.5021784 0.4709550 0.5988339 0.4738209 0.7151417 0.5619019 0.6383534 0.7419973 0.7540385 0.7967119 1.7315260 1.9480494 1.8084976 1.8568267 2.1648578 
Q7NQ64_CHRVO_19_421 0.3881921 0.4136829 0.0000000 0.4450886 0.4324136 0.5420758 0.4606139 0.5838548 0.4327598 0.6633357 0.4620223 0.7077653 0.8818729 0.7835810 0.9708373 1.8282768 2.0241133 1.8925803 1.7901070 2.1895445 
Q5P550_AZOSE_17_420 0.4541524 0.5045328 0.4450886 0.0000000 0.3720933 0.5946014 0.5091930 0.6447556 0.4197046 0.6607487 0.6894602 0.8849737 0.8339113 0.9255008 0.9682045 1.9147227 2.2216678 1.9202445 1.9539135 2.2746692 
Q47K61_DECAR_17_421 0.4737047 0.4574959 0.4324136 0.3720933 0.0000000 0.4890159 0.5241826 0.5565468 0.3537165 0.6291655 0.6639587 0.7544531 0.7718006 0.8063958 0.8301590 1.7864895 2.1686151 1.9108132 1.8138259 2.3941514 
Q82V17_NITEU_18_420 0.5173062 0.5021784 0.5420758 0.5946014 0.4890159 0.0000000 0.3799784 0.7050907 0.5354701 0.7025726 0.7569055 0.7709644 0.7420620 0.7617375 0.8591658 1.7330327 1.9006306 1.9219562 1.6965443 2.2855506 
Q2YCJ7_NITMU_18_420 0.4764619 0.4709550 0.4606139 0.5091930 0.5241826 0.3799784 0.0000000 0.6654257 0.4960042 0.6910609 0.6971819 0.7989495 0.7726616 0.8350773 0.8771734 1.7458905 2.0004552 1.9174766 1.8380423 2.3424599 
Q4B547_9BURK_31_435 0.6226130 0.5988339 0.5838548 0.6447556 0.5565468 0.7050907 0.6654257 0.0000000 0.4365377 0.6330934 0.8287540 0.8721121 0.9320384 0.8990133 0.9736754 1.7621119 2.0494997 1.8396963 1.7951940 2.3177282 
Q476K8_RALEJ_17_423 0.4387762 0.4738209 0.4327598 0.4197046 0.3537165 0.5354701 0.4960042 0.4365377 0.0000000 0.3575845 0.6222430 0.7710759 0.8132592 0.7933420 0.8201012 1.7422759 2.1483260 1.7055214 1.8594350 2.3434438 
Q3FJH2_9BURK_17_420 0.7010813 0.7151417 0.6633357 0.6607487 0.6291655 0.7025726 0.6910609 0.6330934 0.3575845 0.0000000 0.8001322 1.0451907 0.9681836 0.8917783 1.0360910 2.2223103 2.4995818 2.1286847 2.1866488 2.5193321 
Q9JZI4_NEIMB_18_446 0.5294957 0.5619019 0.4620223 0.6894602 0.6639587 0.7569055 0.6971819 0.8287540 0.6222430 0.8001322 0.0000000 0.8018055 0.9986853 0.9424086 0.9824472 1.8991154 2.2856653 1.8920525 1.8037689 2.0081420 
Q31EK7_THICR_22_424 0.8064022 0.6383534 0.7077653 0.8849737 0.7544531 0.7709644 0.7989495 0.8721121 0.7710759 1.0451907 0.8018055 0.0000000 0.8569724 0.8990624 0.8724038 1.8944019 1.8709091 1.8747787 1.7663309 2.2139674 
Q56277_THIFE_23_424 0.7984740 0.7419973 0.8818729 0.8339113 0.7718006 0.7420620 0.7726616 0.9320384 0.8132592 0.9681836 0.9986853 0.8569724 0.0000000 0.8977752 0.8787477 1.8336840 2.0522146 1.8875327 1.8263439 2.1801684 
Q5X469_LEGPA_23_426 0.7914578 0.7540385 0.7835810 0.9255008 0.8063958 0.7617375 0.8350773 0.8990133 0.7933420 0.8917783 0.9424086 0.8990624 0.8977752 0.0000000 0.6999763 1.6645319 1.7385290 1.8268057 1.7836700 2.3749624 
Q83AL1_COXBU_22_424 0.8236100 0.7967119 0.9708373 0.9682045 0.8301590 0.8591658 0.8771734 0.9736754 0.8201012 1.0360910 0.9824472 0.8724038 0.8787477 0.6999763 0.0000000 2.0294003 2.1677646 2.1047244 2.0707800 2.4830815 
Q3YT28_EHRCJ_9_395  1.7694140 1.7315260 1.8282768 1.9147227 1.7864895 1.7330327 1.7458905 1.7621119 1.7422759 2.2223103 1.8991154 1.8944019 1.8336840 1.6645319 2.0294003 0.0000000 0.4178241 1.0429902 1.1434666 2.6912579 
Q5FF73_EHRRG_9_397  1.9919528 1.9480494 2.0241133 2.2216678 2.1686151 1.9006306 2.0004552 2.0494997 2.1483260 2.4995818 2.2856653 1.8709091 2.0522146 1.7385290 2.1677646 0.4178241 0.0000000 1.0942253 1.1487422 2.6965125 
Q5P9L7_ANAMM_8_395  1.8391300 1.8084976 1.8925803 1.9202445 1.9108132 1.9219562 1.9174766 1.8396963 1.7055214 2.1286847 1.8920525 1.8747787 1.8875327 1.8268057 2.1047244 1.0429902 1.0942253 0.0000000 1.4302546 2.5101521 
Q4EBZ4_9RICK_5_384  1.8004041 1.8568267 1.7901070 1.9539135 1.8138259 1.6965443 1.8380423 1.7951940 1.8594350 2.1866488 1.8037689 1.7663309 1.8263439 1.7836700 2.0707800 1.1434666 1.1487422 1.4302546 0.0000000 2.0810277 
Q6MH05_BDEBA_7_401  2.1661887 2.1648578 2.1895445 2.2746692 2.3941514 2.2855506 2.3424599 2.3177282 2.3434438 2.5193321 2.0081420 2.2139674 2.1801684 2.3749624 2.4830815 2.6912579 2.6965125 2.5101521 2.0810277 0.0000000 
