10
PTH_BACSU_3_185 0.0000000 0.7436491 1.6281212 1.2512939 1.0497070 1.2605340 0.9663425 1.0449856 1.4208464 1.9593605 
PTH_SYNY3_5_188 0.7436491 0.0000000 1.2131645 1.0863559 1.0647314 1.0752839 1.1982868 1.0728268 1.4515585 2.1861659 
PTH_ECOLI_5_189 1.6281212 1.2131645 0.0000000 0.3105686 1.2189495 1.0824837 1.7364260 1.4154292 1.7577882 2.7315069 
PTH_HAEIN_6_190 1.2512939 1.0863559 0.3105686 0.0000000 1.0940443 1.0395662 1.5559381 1.1694887 1.6706726 2.4100168 
PTH_MYCTU_6_189 1.0497070 1.0647314 1.2189495 1.0940443 0.0000000 1.3725388 1.2286228 1.2370561 1.6315113 2.1266332 
PTH_HELPY_3_177 1.2605340 1.0752839 1.0824837 1.0395662 1.3725388 0.0000000 1.5207552 1.3230034 1.4574409 2.3637345 
PTH_MYCGE_6_187 0.9663425 1.1982868 1.7364260 1.5559381 1.2286228 1.5207552 0.0000000 0.4640887 1.8303280 3.0349460 
PTH_MYCPN_6_187 1.0449856 1.0728268 1.4154292 1.1694887 1.2370561 1.3230034 0.4640887 0.0000000 1.8191356 2.7653286 
PTH_BORBU_4_185 1.4208464 1.4515585 1.7577882 1.6706726 1.6315113 1.4574409 1.8303280 1.8191356 0.0000000 2.9585599 
PTH_YEAST_8_190 1.9593605 2.1861659 2.7315069 2.4100168 2.1266332 2.3637345 3.0349460 2.7653286 2.9585599 0.0000000 
