7
Q966Z5_PARLI_2_66 0.0000000 0.4261396 0.4487961 0.4840496 5.3098822 3.5927274 4.9041518 
MT_LYTPI_4_68     0.4261396 0.0000000 0.3048147 0.5270471 4.8168106 2.9515526 3.8644643 
MTB_SPHGR_3_67    0.4487961 0.3048147 0.0000000 0.4787027 4.5103014 2.7193170 3.8127090 
MTA_STRPU_2_64    0.4840496 0.5270471 0.4787027 0.0000000 3.3251678 2.4823994 3.4404758 
Q9GRJ0_LUMRU_9_77 5.3098822 4.8168106 4.5103014 3.3251678 0.0000000 0.3640269 0.5981682 
MT_EISFO_4_75     3.5927274 2.9515526 2.7193170 2.4823994 0.3640269 0.0000000 0.3848971 
O76953_9ANNE_3_73 4.9041518 3.8644643 3.8127090 3.4404758 0.5981682 0.3848971 0.0000000 
