6
Q8EVA3_MYCPE_1_398 0.0000000 1.3506141 1.3012939 1.3416946 1.5706655 1.6447710 
Q98QY5_MYCPU_1_411 1.3506141 0.0000000 1.0010531 1.1459108 0.9574749 1.1398320 
P37_MYCHR_1_403    1.3012939 1.0010531 0.0000000 1.3688546 1.3056037 1.2246543 
P37_MYCPN_5_380    1.3416946 1.1459108 1.3688546 0.0000000 0.5591531 0.8698283 
P37_MYCGE_4_367    1.5706655 0.9574749 1.3056037 0.5591531 0.0000000 0.9916912 
Q9FDJ4_MYCGA_3_365 1.6447710 1.1398320 1.2246543 0.8698283 0.9916912 0.0000000 
