26
P93143_FORIN_6_303  0.0000000 0.3754185 0.4666958 0.3859798 0.5003362 0.4890354 0.5690380 0.4184348 0.5521380 0.6391522 0.7135110 0.5378861 0.6676204 3.3184833 3.7361072 2.3814897 2.6629139 2.2169007 2.3020839 2.8499779 2.8303121 2.7022620 3.8887084 2.3906913 2.5544953 2.3577946 
IFRH_LUPAL_6_303    0.3754185 0.0000000 0.4962775 0.5054155 0.5287119 0.5338366 0.5594022 0.4126479 0.5434606 0.6425045 0.7332939 0.5273902 0.6265282 3.5729071 3.8482319 2.9333642 2.8510200 2.6058581 2.4636325 3.3490342 2.7212720 2.7419688 4.4368967 2.8234236 2.8210895 2.5463810 
O65881_POPTR_7_299  0.4666958 0.4962775 0.0000000 0.3084688 0.2972291 0.2286247 0.3559769 0.3392082 0.4063659 0.4917884 0.4998938 0.6833649 0.7360718 3.6611242 3.8110751 2.5715209 3.1350191 2.7202369 2.3552925 2.9657524 2.8503344 3.0665329 4.3290130 2.8488231 2.9210950 2.8347838 
IFRH_ARATH_8_301    0.3859798 0.5054155 0.3084688 0.0000000 0.2593228 0.2473221 0.3521193 0.2727949 0.3187872 0.5060115 0.5126120 0.5712409 0.6921825 3.2527740 3.3052716 2.3188058 2.6332764 2.2866084 2.3140037 2.9524600 2.5585514 2.2515949 3.8837920 2.3397907 2.7700904 2.3471468 
IFRH_SOLTU_7_299    0.5003362 0.5287119 0.2972291 0.2593228 0.0000000 0.1443564 0.3286084 0.3365134 0.3478695 0.4261996 0.5535993 0.7097084 0.7296441 3.6290273 3.4740595 3.2324537 3.1328912 2.9111315 2.3814723 3.5311409 3.1561075 2.8239213 4.3033814 2.9949575 2.8100770 2.5858215 
O81355_PYRCO_7_299  0.4890354 0.5338366 0.2286247 0.2473221 0.1443564 0.0000000 0.2357258 0.2396778 0.2532285 0.3794424 0.4863252 0.6727824 0.6678635 3.7541737 3.6734949 2.9418086 3.1338499 2.7378317 2.5082898 3.3549485 2.9660345 3.0367687 4.5683839 2.7546226 3.2697799 2.8034863 
O81651_PINTA_7_299  0.5690380 0.5594022 0.3559769 0.3521193 0.3286084 0.2357258 0.0000000 0.3535403 0.4375584 0.4889962 0.4808321 0.5716976 0.8633804 3.1787387 3.0506816 2.7004507 2.9582527 2.6341787 2.2341765 3.1680689 2.6310009 2.2985156 3.9448374 2.3283518 2.9493556 2.6004054 
IFRH_TOBAC_9_301    0.4184348 0.4126479 0.3392082 0.2727949 0.3365134 0.2396778 0.3535403 0.0000000 0.3986199 0.4870013 0.4944995 0.5472585 0.5851758 3.8381961 3.8450592 2.7703983 3.0661932 2.7600661 2.2833867 3.1891879 2.6228364 2.5169011 4.0447965 2.6410594 3.1024411 2.6021234 
IFRH_MAIZE_8_300    0.5521380 0.5434606 0.4063659 0.3187872 0.3478695 0.2532285 0.4375584 0.3986199 0.0000000 0.5261012 0.5126131 0.7995442 0.7646049 3.7169949 3.6533481 2.8361035 3.0503376 2.5625726 2.5632708 3.5165607 2.5164595 2.8166461 3.9830935 2.5589391 3.1531215 2.7066055 
IFR_CICAR_7_309     0.6391522 0.6425045 0.4917884 0.5060115 0.4261996 0.3794424 0.4889962 0.4870013 0.5261012 0.0000000 0.1602409 0.9543803 1.0117458 2.8159490 2.6180631 2.5002249 2.3871706 2.1380702 1.8911487 3.2145739 2.6561108 2.6714853 3.3185311 2.2458807 2.2567105 1.6985940 
O48601_SOYBN_7_309  0.7135110 0.7332939 0.4998938 0.5126120 0.5535993 0.4863252 0.4808321 0.4944995 0.5126131 0.1602409 0.0000000 0.8685540 0.9977369 3.0413795 2.9472286 2.3360829 2.6432728 2.1889999 2.0885767 2.8174032 2.5830971 2.6596601 3.5549818 2.4018054 2.6736987 2.0128291 
O65679_ARATH_10_297 0.5378861 0.5273902 0.6833649 0.5712409 0.7097084 0.6727824 0.5716976 0.5472585 0.7995442 0.9543803 0.8685540 0.0000000 0.9695712 3.5170203 3.5888266 2.9082851 3.0090818 2.7584400 2.7535140 3.2119257 2.6608146 3.1400535 4.6437690 2.5826508 2.8449463 2.6232539 
O49820_CITPA_10_299 0.6676204 0.6265282 0.7360718 0.6921825 0.7296441 0.6678635 0.8633804 0.5851758 0.7646049 1.0117458 0.9977369 0.9695712 0.0000000 4.0948848 3.8174176 2.6999171 3.0110326 2.8294903 2.9447219 3.2279686 3.2054906 2.8918645 4.3440621 2.9467096 3.3135727 3.1311072 
Q6NTU7_XENLA_8_240  3.3184833 3.5729071 3.6611242 3.2527740 3.6290273 3.7541737 3.1787387 3.8381961 3.7169949 2.8159490 3.0413795 3.5170203 4.0948848 0.0000000 0.5570158 1.2391836 1.0689468 0.9240800 2.0197425 1.7883161 1.7407647 1.5903872 1.6544836 1.6469682 1.6947847 1.6215254 
Q9CZP2_MOUSE_7_240  3.7361072 3.8482319 3.8110751 3.3052716 3.4740595 3.6734949 3.0506816 3.8450592 3.6533481 2.6180631 2.9472286 3.5888266 3.8174176 0.5570158 0.0000000 1.6829945 1.6384114 1.4007041 2.1852719 1.7404618 1.7625938 1.8160691 1.9467937 1.5832139 1.7005216 1.4459868 
Q86IG4_DICDI_5_240  2.3814897 2.9333642 2.5715209 2.3188058 3.2324537 2.9418086 2.7004507 2.7703983 2.8361035 2.5002249 2.3360829 2.9082851 2.6999171 1.2391836 1.6829945 0.0000000 0.5976040 0.5553942 1.6448900 1.4844389 1.2592678 1.7044452 1.1309565 1.5901407 1.5115654 1.5649746 
Q86KD5_DICDI_5_248  2.6629139 2.8510200 3.1350191 2.6332764 3.1328912 3.1338499 2.9582527 3.0661932 3.0503376 2.3871706 2.6432728 3.0090818 3.0110326 1.0689468 1.6384114 0.5976040 0.0000000 0.5028817 1.4165115 1.4871397 1.5549054 1.7347933 1.2196524 1.4736408 1.4983690 1.3793406 
Q86I47_DICDI_4_246  2.2169007 2.6058581 2.7202369 2.2866084 2.9111315 2.7378317 2.6341787 2.7600661 2.5625726 2.1380702 2.1889999 2.7584400 2.8294903 0.9240800 1.4007041 0.5553942 0.5028817 0.0000000 1.4984990 1.3316637 1.1775955 1.8044304 1.4070137 1.5412766 1.4254523 1.4045589 
Q7S346_NEUCR_8_255  2.3020839 2.4636325 2.3552925 2.3140037 2.3814723 2.5082898 2.2341765 2.2833867 2.5632708 1.8911487 2.0885767 2.7535140 2.9447219 2.0197425 2.1852719 1.6448900 1.4165115 1.4984990 0.0000000 1.4119142 1.3697540 1.7552697 1.4399670 1.8415235 1.7235674 1.8113007 
Q6BYE2_DEBHA_5_239  2.8499779 3.3490342 2.9657524 2.9524600 3.5311409 3.3549485 3.1680689 3.1891879 3.5165607 3.2145739 2.8174032 3.2119257 3.2279686 1.7883161 1.7404618 1.4844389 1.4871397 1.3316637 1.4119142 0.0000000 1.5830536 2.3731655 1.9012842 2.3614500 2.2215074 2.2271365 
Q985M9_RHILO_7_232  2.8303121 2.7212720 2.8503344 2.5585514 3.1561075 2.9660345 2.6310009 2.6228364 2.5164595 2.6561108 2.5830971 2.6608146 3.2054906 1.7407647 1.7625938 1.2592678 1.5549054 1.1775955 1.3697540 1.5830536 0.0000000 1.3613904 1.4240016 1.9990937 1.8431166 1.9081330 
Q7NIA4_GLOVI_8_230  2.7022620 2.7419688 3.0665329 2.2515949 2.8239213 3.0367687 2.2985156 2.5169011 2.8166461 2.6714853 2.6596601 3.1400535 2.8918645 1.5903872 1.8160691 1.7044452 1.7347933 1.8044304 1.7552697 2.3731655 1.3613904 0.0000000 1.7883637 1.3884296 1.6441658 1.5544850 
Q9EWM3_STRCO_9_237  3.8887084 4.4368967 4.3290130 3.8837920 4.3033814 4.5683839 3.9448374 4.0447965 3.9830935 3.3185311 3.5549818 4.6437690 4.3440621 1.6544836 1.9467937 1.1309565 1.2196524 1.4070137 1.4399670 1.9012842 1.4240016 1.7883637 0.0000000 1.9075913 1.9547544 2.2823038 
O59919_EMENI_8_244  2.3906913 2.8234236 2.8488231 2.3397907 2.9949575 2.7546226 2.3283518 2.6410594 2.5589391 2.2458807 2.4018054 2.5826508 2.9467096 1.6469682 1.5832139 1.5901407 1.4736408 1.5412766 1.8415235 2.3614500 1.9990937 1.3884296 1.9075913 0.0000000 0.3913009 0.3584372 
NMR_NEUCR_67_329    2.5544953 2.8210895 2.9210950 2.7700904 2.8100770 3.2697799 2.9493556 3.1024411 3.1531215 2.2567105 2.6736987 2.8449463 3.3135727 1.6947847 1.7005216 1.5115654 1.4983690 1.4254523 1.7235674 2.2215074 1.8431166 1.6441658 1.9547544 0.3913009 0.0000000 0.3201476 
O74291_GIBFU_72_329 2.3577946 2.5463810 2.8347838 2.3471468 2.5858215 2.8034863 2.6004054 2.6021234 2.7066055 1.6985940 2.0128291 2.6232539 3.1311072 1.6215254 1.4459868 1.5649746 1.3793406 1.4045589 1.8113007 2.2271365 1.9081330 1.5544850 2.2823038 0.3584372 0.3201476 0.0000000 
