69
Q7QIJ4_ANOGA_82_235  0.0000000 0.3961415 0.5384326 0.5628395 0.9367102 0.8479167 0.7960336 0.8422982 0.8445938 0.6946068 0.8529467 0.8006235 0.6361034 0.7494974 0.7921784 0.6837512 0.9416507 0.5293410 0.9556114 0.8830303 0.7120404 0.9629430 1.0247370 1.0611663 1.0394601 0.7954720 0.9845962 1.0705014 1.1020835 1.0750831 1.0952035 1.2036376 1.1127714 1.3334315 1.3327850 1.3847058 1.3630386 1.2824510 1.1827248 1.0745476 1.9995849 1.5801673 1.7629883 1.4887243 1.6368587 1.5510544 1.5501107 1.2912878 1.7030451 1.2125936 1.5774349 1.6111930 2.7486544 1.6455734 2.2759871 1.5841741 1.7311655 2.2846190 1.6546160 1.9764389 2.3588230 2.0492901 1.8929454 1.4947043 3.4379331 2.8489090 3.3318643 3.6596830 2.1169490 
Q8MLN6_DROME_144_297 0.3961415 0.0000000 0.7203470 0.5811923 0.9198845 1.0390334 0.9316563 0.9173898 0.9473364 0.8183412 0.9179327 0.7284586 0.6396745 0.7431210 0.8846198 0.7732529 1.3110275 0.6448666 1.0683693 0.9568160 0.8545675 1.0076885 1.0724070 1.0630653 1.4091349 1.1439987 1.1506145 1.1802119 1.4281520 1.4504345 1.2544576 1.2510237 1.2325010 1.2182875 1.2294353 1.6106921 1.2261803 1.3783913 1.3683027 1.3224354 1.8082195 1.9129636 1.9997228 1.7953122 1.8272106 1.5475366 1.6482163 1.5483018 1.3031157 1.5230078 1.8683215 1.7453308 2.6025949 1.5936672 2.5546656 2.3493824 2.3501974 2.9398918 2.2208444 2.3049572 2.1050595 1.8307768 1.7396776 1.0443078 4.3055847 2.7900785 3.3986685 3.3132486 3.3918663 
HE_HEMPU_176_330     0.5384326 0.7203470 0.0000000 0.2706986 1.1445014 1.1055961 1.0054369 0.9651028 1.0206843 0.8525666 0.8987408 0.6701049 0.6525675 0.7690484 0.9404786 0.8378643 1.0784565 1.0573974 1.2001485 0.8451194 0.8056065 1.0906449 1.1989158 1.1827842 0.8319195 0.7445610 1.1300584 1.0933661 1.7016818 1.5167869 1.5165579 1.6396118 1.4831411 1.5392488 1.4411755 1.7182552 1.2378337 1.2507083 1.7652035 1.0811124 2.2316836 1.5858876 1.5911970 1.4109775 1.5223696 1.4207582 1.3524814 0.9508316 1.1677183 1.1087993 1.5640670 1.4579457 2.3232253 1.7096744 1.5125784 1.2295396 1.4378162 2.5546486 1.3055440 1.5533868 2.0578139 1.8462117 1.3801409 1.7416282 3.9278005 2.7328629 2.8530738 3.5118587 3.8501555 
HE_PARLI_173_327     0.5628395 0.5811923 0.2706986 0.0000000 0.9630278 0.8730393 0.7510597 0.8560582 0.9767351 0.6681903 0.8170381 0.5778331 0.5729195 0.6618954 0.8021106 0.8171815 1.1565544 0.8596205 0.9674488 0.7655878 0.8889617 0.8930749 0.8883545 1.1326776 0.6647731 0.8466099 1.1523149 0.9241568 1.6679144 1.5371473 1.1682526 1.2829080 1.3027960 1.1481728 1.1944410 1.5127175 1.3003830 1.4336431 1.4293906 1.0714930 1.8872887 1.3142422 1.4754433 1.2610965 1.3001196 1.5326564 1.2865468 0.9912484 1.0525968 1.1261683 1.4605333 1.1841021 1.8741416 1.6380867 1.2167272 1.1483646 1.1662246 2.7830313 1.3020278 1.4166822 2.0807787 1.7885406 1.3487258 1.8539841 3.4550670 2.5647876 2.6868519 2.9672764 3.0352014 
Q9I956_SALSA_104_257 0.9367102 0.9198845 1.1445014 0.9630278 0.0000000 0.3902336 0.4286779 0.5309996 0.7510289 0.7305339 0.7002558 0.5807257 0.5854436 0.5476758 0.6862246 0.5520902 0.8546568 0.4179494 0.5371600 0.7233075 0.6824928 0.6831061 0.6859650 0.8035361 1.0936382 1.1299508 0.9823065 0.9118486 0.7965055 0.6108241 1.0963136 0.9976222 0.9826137 1.0527461 1.0047569 1.0324368 1.6278114 1.1567624 1.3410381 1.2494561 1.8859586 1.5566040 1.5535796 1.4366861 1.5458650 1.4238671 1.3536383 1.4166439 1.5387137 1.1680827 1.0515710 2.0436147 2.6232704 2.1723838 1.9421105 2.0695268 1.8516680 3.4172061 2.0764185 1.8620777 2.2872521 2.2407443 1.7986688 1.7046571 2.4774946 1.8646946 2.9043912 2.4325978 3.2463699 
Q10833_XENLA_113_268 0.8479167 1.0390334 1.1055961 0.8730393 0.3902336 0.0000000 0.1934152 0.2777771 0.6345202 0.6762956 0.4705668 0.6005149 0.4989043 0.4923858 0.6445770 0.5670794 0.8058867 0.4949207 0.4094101 0.7090516 0.6659031 0.6245279 0.7137521 0.9215246 1.0809026 0.9161034 0.8391136 0.9232297 0.9746949 0.9247419 0.8512439 0.8636727 0.9120520 0.9925995 1.0965905 0.8792901 1.1205879 1.2740407 1.0854448 1.0591936 1.6820946 1.4731473 1.4978900 1.3946817 1.7343513 1.2823404 1.2673696 1.4833249 1.5724395 1.0067074 1.1666462 1.7828340 2.0445047 1.6122554 2.0770253 2.2713381 1.8169116 2.8983119 1.9604686 2.3186457 2.1485066 1.8914697 1.7638344 1.4740458 2.4519012 1.7455847 2.3870150 2.3036869 3.3395202 
Q7T0K9_AMBME_32_187  0.7960336 0.9316563 1.0054369 0.7510597 0.4286779 0.1934152 0.0000000 0.2806420 0.6668227 0.6463139 0.4964645 0.5685146 0.4662751 0.3228777 0.6416047 0.5905765 0.8659956 0.4788050 0.3448099 0.7614372 0.7314076 0.5319956 0.6285217 0.6972319 1.0302619 0.8519892 0.8134672 0.9658884 1.0873667 0.9541089 0.7815256 0.8380160 0.9359706 0.9692146 0.8815356 1.0375225 1.1817658 1.2143331 1.2379113 0.8719039 1.9936915 1.3175025 1.3345318 1.4006948 1.4306603 1.2204835 1.2374802 1.3745949 1.4449823 1.0262769 1.2816388 1.8627762 2.0481158 1.4292448 1.9521214 2.0544519 1.6710663 2.6831766 1.8039936 2.3272486 1.9364179 1.8202834 2.1749857 1.2631678 2.2973587 1.6438790 2.1962573 2.4735366 2.9469870 
O93363_CHICK_19_174  0.8422982 0.9173898 0.9651028 0.8560582 0.5309996 0.2777771 0.2806420 0.0000000 0.4378584 0.6424252 0.4800695 0.4866029 0.5192992 0.4787181 0.6916436 0.7638457 1.0224530 0.5057309 0.4860465 0.8301171 0.8979046 0.6500987 0.7715299 0.7833514 0.7539953 0.8606375 0.7405660 0.9887781 1.0293017 1.0200528 0.9037965 0.8427771 0.9024841 0.8264880 0.7642121 0.8710095 1.1989336 1.2766698 1.2348135 0.7907050 1.8151063 1.1768950 1.2009436 0.9894720 1.4561502 1.0742118 1.1060717 1.3284766 1.1642436 1.0489559 1.0621693 1.7325770 1.8078679 1.5783705 1.9939806 2.4362480 1.8724444 2.9968132 1.7657149 2.3557679 1.8946685 1.7879989 2.2069400 1.4436238 2.7514272 1.7552071 2.2566538 3.2943402 2.8093630 
Q7SZM5_BRARE_118_446 0.8445938 0.9473364 1.0206843 0.9767351 0.7510289 0.6345202 0.6668227 0.4378584 0.0000000 0.8456644 0.7583221 0.7939785 0.6922435 0.7322106 1.0520570 0.8955067 1.0259435 0.8119631 0.8242455 0.9632439 0.9792559 0.8362422 0.9841041 1.0992432 0.6078176 0.6869811 1.1067996 1.4136321 1.1652671 1.1111143 0.6590327 0.6263995 0.9185579 0.7786992 0.7059499 1.5351135 1.0614079 1.0720611 1.3885343 1.0737676 1.4901715 1.6089213 1.6329467 1.5154274 1.4198121 1.2450858 1.1292523 1.5285583 1.5614969 1.2567163 1.0877583 2.3125200 1.7442046 1.9637921 1.7327533 2.3299836 2.0022921 2.6421767 2.2185455 2.2367632 1.8640475 1.9615903 1.8116267 1.2779051 3.1293098 2.0932057 2.7159887 3.6944928 3.2053946 
Q7SZT5_XENLA_99_254  0.6946068 0.8183412 0.8525666 0.6681903 0.7305339 0.6762956 0.6463139 0.6424252 0.8456644 0.0000000 0.2755909 0.5335739 0.6696414 0.5043681 0.5462548 0.4353995 0.6777010 0.6215605 0.7489378 0.6003345 0.5312691 0.6624612 0.7041898 1.0179254 0.7578636 0.6968951 0.8157950 0.6518510 1.1279751 0.9152489 1.2308902 1.2834452 1.0303352 1.0291269 1.1390128 1.1468040 1.1858665 1.1673630 1.3064194 0.8115491 2.3471147 1.3413329 1.6653246 1.3212462 1.3221828 1.2014155 1.2617471 1.2271080 1.5469618 1.1566887 1.3326531 1.4743091 2.0803713 1.6351873 1.6183808 1.9225340 1.6341321 2.9495265 1.5226308 1.6208974 2.8823993 2.7567240 2.0152991 1.6955351 2.2655029 2.3986363 3.3426252 3.5685682 3.5403021 
Q7SZS8_XENLA_101_256 0.8529467 0.9179327 0.8987408 0.8170381 0.7002558 0.4705668 0.4964645 0.4800695 0.7583221 0.2755909 0.0000000 0.4682264 0.4333623 0.4135510 0.5246342 0.4322246 0.5817957 0.6190343 0.6288632 0.5811155 0.6877719 0.7330661 0.7227654 1.0681650 0.8127218 0.8263842 0.8194509 1.0069954 1.2463932 0.9894752 1.0339936 1.0460593 0.9344104 1.0582194 1.2836123 1.3164425 0.9296293 0.9481690 1.2232072 0.9782025 2.0926147 1.8800593 1.9569230 1.6601084 1.3189379 1.2890252 1.2685958 1.5158990 1.6236821 1.0585325 1.2506535 2.0725863 1.7283331 1.4661639 1.9467063 2.1836039 1.6122208 3.2435684 1.6826170 1.8333771 2.3922504 2.2791641 2.2912271 1.6946281 2.6526198 2.1341634 2.8332496 3.3462252 3.9491440 
MMP18_XENLA_108_263  0.8006235 0.7284586 0.6701049 0.5778331 0.5807257 0.6005149 0.5685146 0.4866029 0.7939785 0.5335739 0.4682264 0.0000000 0.2892228 0.4063431 0.3732872 0.4427465 0.7053960 0.5058776 0.6421767 0.6048296 0.6016163 0.7653481 0.8711512 0.8671174 0.6509205 0.6855808 0.8111580 1.0518888 1.1297758 0.9399802 1.2370627 1.1946155 1.0479084 1.1162455 1.2463931 1.1084588 1.3570773 1.1224661 1.2135801 1.0663975 1.8399402 1.3164653 1.2659527 1.2340133 1.0749206 1.1751915 1.2597818 1.2747003 1.2052337 1.0832506 1.4101886 1.6519400 2.0691850 1.7300472 1.6427884 2.0958521 1.6702472 3.2201851 1.6812615 1.5902183 2.0658060 1.8038144 1.6434124 1.4678750 2.3739924 2.1072349 2.0193286 2.8268559 3.2095707 
Q98857_CYNPY_106_261 0.6361034 0.6396745 0.6525675 0.5729195 0.5854436 0.4989043 0.4662751 0.5192992 0.6922435 0.6696414 0.4333623 0.2892228 0.0000000 0.3657066 0.4524704 0.3652698 0.7600407 0.4042760 0.4950581 0.7083487 0.6303930 0.8007904 0.7273953 0.8650871 0.7697554 0.6462712 0.8616765 1.0507650 1.3029248 1.0344113 0.9159638 0.8906564 0.7993482 1.0850232 1.1444048 1.1361533 1.0995846 1.1298736 1.2973559 1.0458457 1.7939544 1.4410627 1.4312460 1.3717684 1.0052410 1.0864877 1.2015557 1.0405350 1.0366109 0.9008006 1.3705839 1.6291968 2.1360843 1.9245720 1.7444350 1.8541292 1.7758063 3.1773794 1.5817905 1.4970698 2.3540365 2.0940765 1.6391486 1.6231129 2.1742100 2.0226796 2.4657375 2.8026178 2.9352179 
Q7SYX1_XENLA_107_262 0.7494974 0.7431210 0.7690484 0.6618954 0.5476758 0.4923858 0.3228777 0.4787181 0.7322106 0.5043681 0.4135510 0.4063431 0.3657066 0.0000000 0.5227570 0.3827499 0.6583200 0.4506712 0.4422402 0.4670005 0.5354174 0.4596193 0.5491102 0.5919316 0.8740070 0.7275617 0.6760730 1.0392023 1.0470054 0.8129432 0.9684308 0.8060684 0.9206426 0.9298859 0.9654742 0.9500215 1.4418953 1.3535058 1.1807017 0.8853936 1.7710852 1.6255927 1.6491916 1.2360216 1.2409915 1.4598350 1.5194838 1.5216318 1.4821141 1.4070726 1.5551069 1.9586920 2.4025266 1.3149068 1.7731215 1.5977823 1.7999761 2.4593729 1.2873053 2.1842331 2.1129059 2.0651815 1.8839989 1.3404911 2.4709973 1.8609308 2.8380602 2.4105992 3.3977191 
MMP1_HUMAN_108_261   0.7921784 0.8846198 0.9404786 0.8021106 0.6862246 0.6445770 0.6416047 0.6916436 1.0520570 0.5462548 0.5246342 0.3732872 0.4524704 0.5227570 0.0000000 0.3969974 0.6961739 0.6382629 0.6591402 0.4772886 0.4958672 0.6746514 0.7096640 0.7295287 1.0424770 0.9642299 0.8716720 0.8649841 0.8612503 0.8507887 1.3733624 1.4249935 1.1245399 1.3726446 1.6421723 1.3716264 1.2432306 1.1703683 1.0170186 0.9615251 2.7434345 1.6417935 1.5796113 1.2906687 1.0251054 1.1322113 1.2437478 1.3664570 1.4094930 1.1234880 1.3613777 1.6090009 2.2423999 1.4372422 2.0198732 2.5279708 1.9721029 3.3315479 1.5135619 1.8549564 2.0395348 1.7980969 1.8976629 1.6628191 2.4095220 1.9999546 2.2931450 2.2727655 3.3158991 
Q9GKE1_TUPGB_105_261 0.6837512 0.7732529 0.8378643 0.8171815 0.5520902 0.5670794 0.5905765 0.7638457 0.8955067 0.4353995 0.4322246 0.4427465 0.3652698 0.3827499 0.3969974 0.0000000 0.4340032 0.5672587 0.5454646 0.6363353 0.5086340 0.4780114 0.6167178 0.6713765 0.9671625 0.7173760 0.8452237 1.0807690 1.1607468 1.0021572 1.1710450 1.0653202 0.9221851 1.2610844 1.2376104 1.1314991 1.5089238 1.3999307 1.2388519 0.8609059 1.9794066 1.8595179 1.9596924 1.5348990 1.3519657 1.3975540 1.5209200 1.3414889 1.6022409 1.3282559 1.2502505 1.8428030 2.4785161 1.6785289 1.9835723 2.3575756 1.9913744 3.1835231 1.8145848 1.8390582 2.9483252 2.5556345 1.8778489 2.1806985 2.2679011 2.5166712 2.7048799 2.2588757 2.9715210 
O93342_CHICK_111_267 0.9416507 1.3110275 1.0784565 1.1565544 0.8546568 0.8058867 0.8659956 1.0224530 1.0259435 0.6777010 0.5817957 0.7053960 0.7600407 0.6583200 0.6961739 0.4340032 0.0000000 1.0113441 0.9015710 0.8702772 0.7785061 0.6210983 0.7086039 1.0711757 1.3195817 1.2430932 1.0344469 1.3848003 1.2707249 1.3059413 1.3736445 1.3267708 1.3258268 1.6550738 1.5617989 1.7818921 1.1846525 1.3007625 1.1018493 0.9477916 2.8419289 1.8861750 1.9375095 1.6575604 1.4129832 1.5068700 1.6184693 1.6660909 1.6043165 1.4774327 1.5988891 1.9184351 1.9800410 1.8243778 2.0135561 3.0497925 2.1883344 2.4237275 2.1245750 2.3019913 2.5809802 2.2754793 1.9833165 1.7869642 2.5637867 2.4491389 2.7358269 2.6646797 3.4031014 
Q800I1_CYNPY_113_268 0.5293410 0.6448666 1.0573974 0.8596205 0.4179494 0.4949207 0.4788050 0.5057309 0.8119631 0.6215605 0.6190343 0.5058776 0.4042760 0.4506712 0.6382629 0.5672587 1.0113441 0.0000000 0.3429686 0.7991466 0.7863030 0.8852032 0.8398560 1.0489512 1.1781985 0.9158593 0.7179128 0.9192028 0.8976547 0.7544758 0.9523953 0.9739896 0.9143808 0.9870457 1.0327227 0.9165173 1.4108932 1.3357031 1.3463795 1.2702692 1.7152412 1.3836325 1.5924347 1.3157016 1.1850482 1.1195839 1.3413353 1.3618063 1.4029568 1.0008336 1.0304168 1.5409855 2.5854577 1.9905316 2.1298216 2.0410505 1.9361654 3.2248742 1.9644683 2.1963432 2.4609762 2.3385515 1.9399433 1.6000165 2.5004338 2.2814360 2.9825377 3.0496070 2.2346002 
MMP20_BOVIN_114_269  0.9556114 1.0683693 1.2001485 0.9674488 0.5371600 0.4094101 0.3448099 0.4860465 0.8242455 0.7489378 0.6288632 0.6421767 0.4950581 0.4422402 0.6591402 0.5454646 0.9015710 0.3429686 0.0000000 0.7725808 0.9110271 0.7483826 0.8526050 1.0631401 1.1846745 0.9714985 0.8591159 0.9562372 1.2539916 0.9503373 1.0555706 1.0652384 1.1027091 1.1628833 1.2382116 0.9707888 1.1601724 1.3780210 1.5564481 1.1501858 1.8374251 1.5862267 1.6308446 1.2423376 1.5241867 1.0826022 1.3629559 1.3962007 1.4097199 1.1205649 1.2753703 1.5656463 2.2485356 1.8758359 2.5272944 2.4050381 1.8503171 3.1419741 2.0380765 2.4252711 2.2714410 2.2545749 1.9094784 1.5652393 2.3126599 2.4332821 3.1048660 2.4859660 2.5832944 
MMP3_HORSE_108_264   0.8830303 0.9568160 0.8451194 0.7655878 0.7233075 0.7090516 0.7614372 0.8301171 0.9632439 0.6003345 0.5811155 0.6048296 0.7083487 0.4670005 0.4772886 0.6363353 0.8702772 0.7991466 0.7725808 0.0000000 0.2913391 0.7600981 0.8418530 0.8385260 1.0015749 1.0670561 1.0362448 0.8140130 0.7343066 0.6868685 1.3966520 1.5400573 1.6003347 1.2938727 1.4733353 1.2177648 1.1833440 1.1100014 1.5537267 0.9069727 1.9820082 1.4478440 1.6618860 1.5291185 1.3245436 1.2007994 1.0891555 1.4007026 1.5329999 1.1624427 1.1542241 1.6840870 2.2982792 1.4349162 1.5530852 2.3079493 1.8364171 3.0629596 1.4564097 2.1485868 2.4578801 2.3676667 1.3826997 1.7410752 2.4007465 1.9177870 3.2889858 2.8881424 4.3565466 
MMP10_MOUSE_108_264  0.7120404 0.8545675 0.8056065 0.8889617 0.6824928 0.6659031 0.7314076 0.8979046 0.9792559 0.5312691 0.6877719 0.6016163 0.6303930 0.5354174 0.4958672 0.5086340 0.7785061 0.7863030 0.9110271 0.2913391 0.0000000 0.7123292 0.8310748 0.7649778 0.9951519 0.8068811 0.8974243 0.8304563 0.8005520 0.8035714 1.4639940 1.4257506 1.4600390 1.4118029 1.5519816 1.2946185 1.3213807 1.2911459 1.6481660 0.9297870 2.0368818 1.2869303 1.4729707 1.5165329 1.3476868 1.3515455 1.2292268 1.4644310 1.6316924 1.1740042 1.2273604 1.8847046 2.7076736 1.5354011 1.6583149 2.1971293 1.6747719 2.5587559 1.7332350 1.8473521 2.4488573 2.2565356 1.5720028 1.4854265 2.4366842 2.1111179 2.9128925 3.0488335 4.6384657 
MMP12_RABIT_103_258  0.9629430 1.0076885 1.0906449 0.8930749 0.6831061 0.6245279 0.5319956 0.6500987 0.8362422 0.6624612 0.7330661 0.7653481 0.8007904 0.4596193 0.6746514 0.4780114 0.6210983 0.8852032 0.7483826 0.7600981 0.7123292 0.0000000 0.1868439 0.2707434 1.1704903 0.9916830 0.9910308 1.1162921 0.9336133 0.9888366 0.7461438 0.7419931 0.7916397 0.7509118 0.8835291 1.0707611 1.3453673 1.2740731 1.0196627 0.7666709 1.9969354 1.2284389 1.2696247 1.1550396 1.1238158 1.2136779 1.3231297 1.2801671 1.2996827 1.3228296 1.3403675 1.4207735 1.6170372 1.5762541 1.6417721 2.0932122 1.7674965 2.2816490 1.8672077 2.0586414 1.8004711 1.9325872 1.7234338 1.4331998 2.3388730 1.6548746 2.8878686 2.4839153 3.9999673 
MMP12_HUMAN_108_263  1.0247370 1.0724070 1.1989158 0.8883545 0.6859650 0.7137521 0.6285217 0.7715299 0.9841041 0.7041898 0.7227654 0.8711512 0.7273953 0.5491102 0.7096640 0.6167178 0.7086039 0.8398560 0.8526050 0.8418530 0.8310748 0.1868439 0.0000000 0.3801717 1.3405909 1.3102037 1.2352403 0.9564188 0.8290770 0.7563134 0.8190160 0.9696353 0.9123420 0.8705988 0.9949174 1.1617411 1.2384891 1.1712034 1.1449442 0.8757822 2.3171446 1.1273762 1.1642674 1.0608303 1.0581143 1.1626256 1.3379649 1.0534402 1.0345418 1.3111077 1.1890912 1.4746498 1.3642576 1.8258831 1.5600285 1.9960915 1.7189041 2.6186205 1.9431314 1.7581141 1.8568440 1.9572484 1.8006461 1.4447883 2.1282055 1.5003127 2.5799352 2.5712038 4.0428081 
MMP12_RAT_104_259    1.0611663 1.0630653 1.1827842 1.1326776 0.8035361 0.9215246 0.6972319 0.7833514 1.0992432 1.0179254 1.0681650 0.8671174 0.8650871 0.5919316 0.7295287 0.6713765 1.0711757 1.0489512 1.0631401 0.8385260 0.7649778 0.2707434 0.3801717 0.0000000 1.5229261 1.0567861 1.1950357 0.9368154 0.7724911 1.0649099 1.2451514 1.2221200 1.2916752 1.1583235 0.9670917 1.1402400 1.8494625 1.5529901 1.5175597 0.9292097 2.0768979 1.1600291 1.1977581 1.2490945 1.6025688 1.0902701 1.3420129 1.2429802 1.3762083 1.4579395 1.4721253 1.8318618 2.1617479 2.1415194 1.7047906 2.2844750 1.8299544 2.6251304 2.1906682 2.0565386 1.4845680 1.7009151 2.1351913 1.8865486 2.4483594 1.4571559 2.7947638 2.7918190 5.1128714 
Q98856_CYNPY_116_444 1.0394601 1.4091349 0.8319195 0.6647731 1.0936382 1.0809026 1.0302619 0.7539953 0.6078176 0.7578636 0.8127218 0.6509205 0.7697554 0.8740070 1.0424770 0.9671625 1.3195817 1.1781985 1.1846745 1.0015749 0.9951519 1.1704903 1.3405909 1.5229261 0.0000000 0.3932375 1.3149014 1.4084424 1.8660001 1.6298529 1.4152671 1.4320740 1.4096826 1.1439724 1.1418500 1.7061590 1.3562191 1.5980165 1.9591682 1.0301123 1.9772802 1.2537917 1.2262622 1.1057862 1.5392505 1.3895709 1.0632578 0.9464381 1.4314852 1.3281887 1.3301863 1.8169598 2.4909039 1.6257247 1.7979459 1.7162422 1.6213112 3.0745647 1.4140905 1.7118861 2.0280047 2.2480443 1.5904879 2.7363904 3.4645243 2.3755216 3.6115697 4.1874247 4.2657237 
Q7T317_BRARE_116_444 0.7954720 1.1439987 0.7445610 0.8466099 1.1299508 0.9161034 0.8519892 0.8606375 0.6869811 0.6968951 0.8263842 0.6855808 0.6462712 0.7275617 0.9642299 0.7173760 1.2430932 0.9158593 0.9714985 1.0670561 0.8068811 0.9916830 1.3102037 1.0567861 0.3932375 0.0000000 1.0840549 1.2012162 1.5982895 1.5438101 1.5227881 1.4093098 1.6209398 1.3221054 1.1575547 1.3823929 1.4017011 1.8959199 1.9612290 1.1641407 2.8204295 1.1309774 1.1647198 1.0307574 1.4133168 1.5098563 1.3432678 0.9709836 1.5899353 1.2002543 1.6838757 1.4923410 2.5723983 1.5277672 2.0068376 1.7912990 1.5609401 2.2449052 1.3863758 1.7875246 2.3006641 2.2007133 1.5383029 2.2871855 3.3904990 2.2403274 3.5327217 4.1297724 3.9420115 
Q86GD7_CRAGI_161_317 0.9845962 1.1506145 1.1300584 1.1523149 0.9823065 0.8391136 0.8134672 0.7405660 1.1067996 0.8157950 0.8194509 0.8111580 0.8616765 0.6760730 0.8716720 0.8452237 1.0344469 0.7179128 0.8591159 1.0362448 0.8974243 0.9910308 1.2352403 1.1950357 1.3149014 1.0840549 0.0000000 1.3248860 1.3376678 1.1839731 1.4781358 1.2657137 1.1893595 1.2996520 1.0417132 1.3269069 1.1681987 1.2715239 1.3904800 1.1549514 1.3197780 1.4760340 1.6684424 1.4456850 1.8461789 1.2134854 1.4123301 1.3142872 1.5353642 1.3231067 1.5952710 2.1722033 2.9163057 1.3393028 2.1873501 2.7776236 2.0583868 3.2416370 1.6252422 2.8414631 2.0045164 1.8310642 2.2524915 2.2718429 2.3152510 2.2932866 2.5677114 2.9658468 4.1642593 
MMP7_RAT_106_262     1.0705014 1.1802119 1.0933661 0.9241568 0.9118486 0.9232297 0.9658884 0.9887781 1.4136321 0.6518510 1.0069954 1.0518888 1.0507650 1.0392023 0.8649841 1.0807690 1.3848003 0.9192028 0.9562372 0.8140130 0.8304563 1.1162921 0.9564188 0.9368154 1.4084424 1.2012162 1.3248860 0.0000000 0.5432367 0.4678830 1.1558444 1.3122992 1.2833355 0.9691944 1.5870933 0.9213250 1.5594541 1.6617984 1.7800539 1.3203268 1.7958225 1.0702792 1.1232797 1.0409179 1.3225598 0.9823364 0.9140714 1.1872889 0.8224004 1.0631610 0.9382749 1.6236936 2.5112085 1.8905417 1.5673622 1.7068238 1.4621922 2.7890361 1.5982424 1.3456674 1.9144694 2.0074166 1.2636684 1.8947878 1.9318677 1.8176120 3.1383807 3.1590057 4.7078696 
MMP7_FELCA_98_254    1.1020835 1.4281520 1.7016818 1.6679144 0.7965055 0.9746949 1.0873667 1.0293017 1.1652671 1.1279751 1.2463932 1.1297758 1.3029248 1.0470054 0.8612503 1.1607468 1.2707249 0.8976547 1.2539916 0.7343066 0.8005520 0.9336133 0.8290770 0.7724911 1.8660001 1.5982895 1.3376678 0.5432367 0.0000000 0.3226049 1.3648196 1.6658458 1.5138933 1.3139847 1.2130920 1.0157813 1.8520155 1.6863241 1.5136047 1.4391928 1.7496896 1.6062389 1.7315069 1.5449818 1.4630269 1.3695416 1.2669826 1.6937421 1.5688949 1.3772039 1.2419895 1.8989597 2.4144991 2.2711580 1.8465752 2.1809332 2.4061400 2.6590327 2.0087654 1.9489850 2.1549451 2.1361915 1.7917514 1.8497481 1.9805616 1.6738585 3.1785460 2.7244854 5.1363984 
MMP7_HUMAN_103_259   1.0750831 1.4504345 1.5167869 1.5371473 0.6108241 0.9247419 0.9541089 1.0200528 1.1111143 0.9152489 0.9894752 0.9399802 1.0344113 0.8129432 0.8507887 1.0021572 1.3059413 0.7544758 0.9503373 0.6868685 0.8035714 0.9888366 0.7563134 1.0649099 1.6298529 1.5438101 1.1839731 0.4678830 0.3226049 0.0000000 1.2794373 1.1827545 1.0903850 1.1692464 1.3531132 0.8995885 1.6789774 1.6265667 1.4102257 1.4565566 2.0553430 1.4278498 1.5136183 1.1375839 1.0208089 1.1062191 1.2337024 1.3833983 1.1963710 1.3839672 1.2328361 1.6569260 2.3434801 2.1784541 1.8933888 1.9893332 2.3034868 3.1728125 1.8486085 1.5522190 2.5495404 2.7082418 1.5400617 2.0344313 1.8425332 2.0173756 3.1765848 3.2208765 4.2864493 
MMP14_HUMAN_118_284  1.0952035 1.2544576 1.5165579 1.1682526 1.0963136 0.8512439 0.7815256 0.9037965 0.6590327 1.2308902 1.0339936 1.2370627 0.9159638 0.9684308 1.3733624 1.1710450 1.3736445 0.9523953 1.0555706 1.3966520 1.4639940 0.7461438 0.8190160 1.2451514 1.4152671 1.5227881 1.4781358 1.1558444 1.3648196 1.2794373 0.0000000 0.1425580 0.3117699 0.2697314 0.8144557 1.0474830 1.2427817 1.2732788 1.1965526 1.5148817 1.4118247 1.8767141 1.9409296 1.6659830 1.3771529 1.7034724 1.3910437 1.7316389 1.7829315 1.2859275 1.1844792 1.8251275 1.9625419 1.6952818 1.7203842 1.8966839 2.0487124 2.6196551 1.7714553 1.8693728 1.7304094 1.9045117 2.3734543 1.4584242 2.8633201 1.8228927 2.5376837 3.6210838 3.3562176 
Q7T2J1_BRARE_111_277 1.2036376 1.2510237 1.6396118 1.2829080 0.9976222 0.8636727 0.8380160 0.8427771 0.6263995 1.2834452 1.0460593 1.1946155 0.8906564 0.8060684 1.4249935 1.0653202 1.3267708 0.9739896 1.0652384 1.5400573 1.4257506 0.7419931 0.9696353 1.2221200 1.4320740 1.4093098 1.2657137 1.3122992 1.6658458 1.1827545 0.1425580 0.0000000 0.3286339 0.4125711 0.8977080 1.1487856 1.3740016 1.5087159 1.2746820 1.3908124 1.5968088 1.9277900 1.9687358 1.7125746 1.5100139 1.9394735 1.5147542 1.9122849 1.8768282 1.6089682 1.3718582 1.8873341 2.1095579 1.5878967 1.8647605 2.2933074 2.5528722 2.8019461 2.0211167 2.1659044 1.6195214 1.9228063 2.1246686 1.3147451 3.2712157 2.1527924 2.3414971 3.7850384 3.1431651 
Q86VV6_HUMAN_143_308 1.1127714 1.2325010 1.4831411 1.3027960 0.9826137 0.9120520 0.9359706 0.9024841 0.9185579 1.0303352 0.9344104 1.0479084 0.7993482 0.9206426 1.1245399 0.9221851 1.3258268 0.9143808 1.1027091 1.6003347 1.4600390 0.7916397 0.9123420 1.2916752 1.4096826 1.6209398 1.1893595 1.2833355 1.5138933 1.0903850 0.3117699 0.3286339 0.0000000 0.4359717 0.9682853 1.1594161 1.2472256 1.2502858 0.8885783 1.4532909 1.6861675 1.7645473 1.7749006 1.5040743 1.2038211 1.6180614 1.4956766 1.3563949 1.4569828 1.2699371 1.3873168 1.5860088 2.0948580 1.4283425 1.9671689 1.7873177 2.3062259 2.5766962 1.9420554 1.6039328 1.8716052 2.0936649 2.3437934 1.4791286 2.2116494 2.0612000 2.0640158 2.8386591 3.1689559 
MMP15_HUMAN_138_304  1.3334315 1.2182875 1.5392488 1.1481728 1.0527461 0.9925995 0.9692146 0.8264880 0.7786992 1.0291269 1.0582194 1.1162455 1.0850232 0.9298859 1.3726446 1.2610844 1.6550738 0.9870457 1.1628833 1.2938727 1.4118029 0.7509118 0.8705988 1.1583235 1.1439724 1.3221054 1.2996520 0.9691944 1.3139847 1.1692464 0.2697314 0.4125711 0.4359717 0.0000000 0.9966970 1.0544245 1.0713605 1.3848185 1.1562209 1.4876280 1.5859999 1.7392524 1.8404045 1.4083128 1.3102018 1.5546711 1.4112752 1.3500611 1.5516792 1.3008801 1.2383519 1.3650424 2.0535275 1.6694126 1.4758617 1.6629901 1.6637560 2.2403971 1.6616336 1.6959197 1.6740739 1.8179652 1.9437552 1.5456797 3.1280028 2.0888605 2.6260290 3.6936300 3.6690459 
Q8QGW9_ORYLA_122_276 1.3327850 1.2294353 1.4411755 1.1944410 1.0047569 1.0965905 0.8815356 0.7642121 0.7059499 1.1390128 1.2836123 1.2463931 1.1444048 0.9654742 1.6421723 1.2376104 1.5617989 1.0327227 1.2382116 1.4733353 1.5519816 0.8835291 0.9949174 0.9670917 1.1418500 1.1575547 1.0417132 1.5870933 1.2130920 1.3531132 0.8144557 0.8977080 0.9682853 0.9966970 0.0000000 1.1247023 1.4971079 1.3652728 1.2427744 1.4762250 1.9543847 1.1619083 1.4302065 1.2251863 1.7952997 1.1708693 1.3009778 1.1791047 1.3226273 1.3338859 1.4977891 2.0288174 1.8924729 1.6143419 2.0468891 2.2943160 2.8296318 2.3952774 1.9609993 2.2757304 1.3994312 1.3737394 2.5778199 2.1418167 1.7454534 1.4838228 2.6204401 2.6366329 3.2631721 
Q8MPP3_DROME_143_301 1.3847058 1.6106921 1.7182552 1.5127175 1.0324368 0.8792901 1.0375225 0.8710095 1.5351135 1.1468040 1.3164425 1.1084588 1.1361533 0.9500215 1.3716264 1.1314991 1.7818921 0.9165173 0.9707888 1.2177648 1.2946185 1.0707611 1.1617411 1.1402400 1.7061590 1.3823929 1.3269069 0.9213250 1.0157813 0.8995885 1.0474830 1.1487856 1.1594161 1.0544245 1.1247023 0.0000000 2.2543163 1.8564069 1.9674001 1.2045307 1.6150728 1.4953839 1.7249969 1.1372355 1.9025909 1.4542263 1.6805042 1.4861363 1.7717090 1.5724641 1.6486544 1.5091230 2.4331567 2.0256843 1.9409732 1.9940182 2.0249943 2.0337693 1.7624224 1.7030583 2.4344402 2.5950589 1.4452225 1.8235527 1.8749100 2.0219511 2.4366224 2.6248862 4.3467440 
MMP19_HUMAN_103_256  1.3630386 1.2261803 1.2378337 1.3003830 1.6278114 1.1205879 1.1817658 1.1989336 1.0614079 1.1858665 0.9296293 1.3570773 1.0995846 1.4418953 1.2432306 1.5089238 1.1846525 1.4108932 1.1601724 1.1833440 1.3213807 1.3453673 1.2384891 1.8494625 1.3562191 1.4017011 1.1681987 1.5594541 1.8520155 1.6789774 1.2427817 1.3740016 1.2472256 1.0713605 1.4971079 2.2543163 0.0000000 0.9319933 1.2756409 1.5820068 2.5455823 1.8003729 1.9570580 1.8498753 1.5117625 0.9663134 1.2691527 1.1336443 1.4320005 0.8767801 1.3115250 1.4282786 2.1973757 1.8382900 2.3450009 2.8620231 2.3944090 2.8227543 2.0415294 2.2843280 2.0996798 1.9317209 1.8888413 1.8950576 3.2456488 2.8794419 2.7269069 3.4743681 4.5399934 
Q8BG29_MOUSE_129_284 1.2824510 1.3783913 1.2507083 1.4336431 1.1567624 1.2740407 1.2143331 1.2766698 1.0720611 1.1673630 0.9481690 1.1224661 1.1298736 1.3535058 1.1703683 1.3999307 1.3007625 1.3357031 1.3780210 1.1100014 1.2911459 1.2740731 1.1712034 1.5529901 1.5980165 1.8959199 1.2715239 1.6617984 1.6863241 1.6265667 1.2732788 1.5087159 1.2502858 1.3848185 1.3652728 1.8564069 0.9319933 0.0000000 1.2601144 1.4570333 2.1697382 2.0333708 1.9393070 1.9952949 1.7436164 0.9353855 1.2848123 1.3560978 1.6899553 0.9174539 1.1998416 2.2984725 2.1575974 1.6117423 1.7470478 2.8632421 1.9318853 2.9257118 2.4221499 2.2488274 1.9261303 1.8979389 2.7080782 1.7796411 2.3755806 2.6574267 1.9713613 3.1868921 4.2349423 
O16901_CAEEL_139_304 1.1827248 1.3683027 1.7652035 1.4293906 1.3410381 1.0854448 1.2379113 1.2348135 1.3885343 1.3064194 1.2232072 1.2135801 1.2973559 1.1807017 1.0170186 1.2388519 1.1018493 1.3463795 1.5564481 1.5537267 1.6481660 1.0196627 1.1449442 1.5175597 1.9591682 1.9612290 1.3904800 1.7800539 1.5136047 1.4102257 1.1965526 1.2746820 0.8885783 1.1562209 1.2427744 1.9674001 1.2756409 1.2601144 0.0000000 1.3318815 2.7043219 1.4587975 1.6573168 1.2757973 1.5032125 1.6804749 1.4927404 1.4234748 1.5390453 1.5014154 1.4829551 1.3435223 2.2377566 2.0496547 2.6498712 2.8480502 2.7775576 2.7153809 2.1927462 2.5167660 1.8083481 1.9745297 1.7867579 1.8414220 1.9377605 2.0582494 2.0548733 2.3008222 3.6078834 
Q9U9P0_HYDAT_109_271 1.0745476 1.3224354 1.0811124 1.0714930 1.2494561 1.0591936 0.8719039 0.7907050 1.0737676 0.8115491 0.9782025 1.0663975 1.0458457 0.8853936 0.9615251 0.8609059 0.9477916 1.2702692 1.1501858 0.9069727 0.9297870 0.7666709 0.8757822 0.9292097 1.0301123 1.1641407 1.1549514 1.3203268 1.4391928 1.4565566 1.5148817 1.3908124 1.4532909 1.4876280 1.4762250 1.2045307 1.5820068 1.4570333 1.3318815 0.0000000 2.4992236 0.9539765 1.1726344 0.9997803 1.4752319 1.3480550 1.2827857 0.9003124 1.0643309 1.2090740 1.2467333 1.3390126 1.5592415 1.7772382 2.0189597 2.4679020 1.6387378 3.2495637 1.7598618 1.9140026 1.9034041 2.1536019 1.8024032 1.4652880 2.5053322 1.9615091 1.9400156 2.5307181 4.7001112 
Q80UM9_MOUSE_131_294 1.9995849 1.8082195 2.2316836 1.8872887 1.8859586 1.6820946 1.9936915 1.8151063 1.4901715 2.3471147 2.0926147 1.8399402 1.7939544 1.7710852 2.7434345 1.9794066 2.8419289 1.7152412 1.8374251 1.9820082 2.0368818 1.9969354 2.3171446 2.0768979 1.9772802 2.8204295 1.3197780 1.7958225 1.7496896 2.0553430 1.4118247 1.5968088 1.6861675 1.5859999 1.9543847 1.6150728 2.5455823 2.1697382 2.7043219 2.4992236 0.0000000 2.7046159 2.5942366 2.7151184 2.5762372 2.0606710 1.9481090 2.4589437 2.4800420 2.1974618 1.6176686 4.4232593 3.9498148 3.0546546 2.5476251 2.8601233 2.6581092 3.8135179 2.6036480 2.8056979 1.8448489 2.0555829 2.9318080 2.3301024 3.9619903 3.3541933 2.6619014 3.5855638 6.9475207 
O04529_ARATH_163_324 1.5801673 1.9129636 1.5858876 1.3142422 1.5566040 1.4731473 1.3175025 1.1768950 1.6089213 1.3413329 1.8800593 1.3164653 1.4410627 1.6255927 1.6417935 1.8595179 1.8861750 1.3836325 1.5862267 1.4478440 1.2869303 1.2284389 1.1273762 1.1600291 1.2537917 1.1309774 1.4760340 1.0702792 1.6062389 1.4278498 1.8767141 1.9277900 1.7645473 1.7392524 1.1619083 1.4953839 1.8003729 2.0333708 1.4587975 0.9539765 2.7046159 0.0000000 0.1106660 0.2562780 0.7318188 0.7398179 0.7233388 0.6753254 0.5649188 0.9218007 0.7869735 1.0878740 1.6775995 2.2057595 1.7167943 1.8302430 1.6539337 2.3030299 1.8802683 1.5700766 1.5270323 1.6209655 1.6897140 2.0085773 2.0755858 0.9493778 2.4720052 3.3024556 3.6241630 
O48680_ARATH_160_322 1.7629883 1.9997228 1.5911970 1.4754433 1.5535796 1.4978900 1.3345318 1.2009436 1.6329467 1.6653246 1.9569230 1.2659527 1.4312460 1.6491916 1.5796113 1.9596924 1.9375095 1.5924347 1.6308446 1.6618860 1.4729707 1.2696247 1.1642674 1.1977581 1.2262622 1.1647198 1.6684424 1.1232797 1.7315069 1.5136183 1.9409296 1.9687358 1.7749006 1.8404045 1.4302065 1.7249969 1.9570580 1.9393070 1.6573168 1.1726344 2.5942366 0.1106660 0.0000000 0.2429491 0.7472150 0.6802458 0.7228061 0.7209140 0.5007827 0.8784086 0.7862259 1.2820809 2.0012318 2.0288995 1.9255664 1.9910325 1.7714016 2.4047949 1.7846332 1.6380807 1.4986911 1.5691101 1.7982530 1.9920971 2.3078594 0.9153179 2.6442144 3.3074902 4.7689045 
Q9ZUJ5_ARATH_151_314 1.4887243 1.7953122 1.4109775 1.2610965 1.4366861 1.3946817 1.4006948 0.9894720 1.5154274 1.3212462 1.6601084 1.2340133 1.3717684 1.2360216 1.2906687 1.5348990 1.6575604 1.3157016 1.2423376 1.5291185 1.5165329 1.1550396 1.0608303 1.2490945 1.1057862 1.0307574 1.4456850 1.0409179 1.5449818 1.1375839 1.6659830 1.7125746 1.5040743 1.4083128 1.2251863 1.1372355 1.8498753 1.9952949 1.2757973 0.9997803 2.7151184 0.2562780 0.2429491 0.0000000 0.6202127 0.8802970 0.8735718 0.7375425 0.6752978 1.1375777 0.9387267 0.9581011 1.8313134 1.9047565 1.9812163 1.7557024 1.7091885 2.6119925 1.4455354 1.6068306 1.4355610 1.5600346 1.4085991 2.2433327 2.0336089 0.9127379 3.0102006 2.8989059 3.6110624 
MEP1_SOYBN_142_302   1.6368587 1.8272106 1.5223696 1.3001196 1.5458650 1.7343513 1.4306603 1.4561502 1.4198121 1.3221828 1.3189379 1.0749206 1.0052410 1.2409915 1.0251054 1.3519657 1.4129832 1.1850482 1.5241867 1.3245436 1.3476868 1.1238158 1.0581143 1.6025688 1.5392505 1.4133168 1.8461789 1.3225598 1.4630269 1.0208089 1.3771529 1.5100139 1.2038211 1.3102018 1.7952997 1.9025909 1.5117625 1.7436164 1.5032125 1.4752319 2.5762372 0.7318188 0.7472150 0.6202127 0.0000000 1.0439216 1.2136598 1.2227755 0.8448358 1.0639571 1.2550436 1.2335833 1.4623846 2.6567559 1.7619602 1.9889212 2.0130936 2.6365968 1.8313289 1.3677978 1.9611897 2.3281191 1.7484347 1.9313831 2.2092519 1.5499238 2.3006674 2.7268565 3.5519652 
Q94LQ4_ORYSA_149_313 1.5510544 1.5475366 1.4207582 1.5326564 1.4238671 1.2823404 1.2204835 1.0742118 1.2450858 1.2014155 1.2890252 1.1751915 1.0864877 1.4598350 1.1322113 1.3975540 1.5068700 1.1195839 1.0826022 1.2007994 1.3515455 1.2136779 1.1626256 1.0902701 1.3895709 1.5098563 1.2134854 0.9823364 1.3695416 1.1062191 1.7034724 1.9394735 1.6180614 1.5546711 1.1708693 1.4542263 0.9663134 0.9353855 1.6804749 1.3480550 2.0606710 0.7398179 0.6802458 0.8802970 1.0439216 0.0000000 0.3448369 0.5585631 0.5134238 0.4352578 0.5615790 1.4124448 1.8702747 1.8784166 1.8608067 2.3636077 2.1726814 3.3637748 2.1912829 1.6097507 1.7097583 1.6665341 1.6703606 2.1311332 2.3634038 1.3057955 2.6045134 3.0280567 4.1927333 
Q94LQ0_ORYSA_56_226  1.5501107 1.6482163 1.3524814 1.2865468 1.3536383 1.2673696 1.2374802 1.1060717 1.1292523 1.2617471 1.2685958 1.2597818 1.2015557 1.5194838 1.2437478 1.5209200 1.6184693 1.3413353 1.3629559 1.0891555 1.2292268 1.3231297 1.3379649 1.3420129 1.0632578 1.3432678 1.4123301 0.9140714 1.2669826 1.2337024 1.3910437 1.5147542 1.4956766 1.4112752 1.3009778 1.6805042 1.2691527 1.2848123 1.4927404 1.2827857 1.9481090 0.7233388 0.7228061 0.8735718 1.2136598 0.3448369 0.0000000 0.9047078 0.5209780 0.3454639 0.3334598 1.5944783 2.3851146 2.0359289 1.5182130 1.8513687 1.9298980 2.2539722 1.6898168 1.4915406 1.3666436 1.5778550 2.0775287 1.5877981 2.6008577 0.9135785 2.7971199 2.9038880 4.3401616 
O65340_ARATH_133_295 1.2912878 1.5483018 0.9508316 0.9912484 1.4166439 1.4833249 1.3745949 1.3284766 1.5285583 1.2271080 1.5158990 1.2747003 1.0405350 1.5216318 1.3664570 1.3414889 1.6660909 1.3618063 1.3962007 1.4007026 1.4644310 1.2801671 1.0534402 1.2429802 0.9464381 0.9709836 1.3142872 1.1872889 1.6937421 1.3833983 1.7316389 1.9122849 1.3563949 1.3500611 1.1791047 1.4861363 1.1336443 1.3560978 1.4234748 0.9003124 2.4589437 0.6753254 0.7209140 0.7375425 1.2227755 0.5585631 0.9047078 0.0000000 0.5531385 0.7463004 0.9025669 1.0686260 1.5326093 1.6082928 1.9271007 1.5090160 1.4767248 3.1927551 1.6554153 1.1824390 1.3575787 1.3661805 1.5407192 2.0431648 1.9266746 1.7043931 2.5293374 2.6697430 3.8650330 
O23507_ARATH_158_319 1.7030451 1.3031157 1.1677183 1.0525968 1.5387137 1.5724395 1.4449823 1.1642436 1.5614969 1.5469618 1.6236821 1.2052337 1.0366109 1.4821141 1.4094930 1.6022409 1.6043165 1.4029568 1.4097199 1.5329999 1.6316924 1.2996827 1.0345418 1.3762083 1.4314852 1.5899353 1.5353642 0.8224004 1.5688949 1.1963710 1.7829315 1.8768282 1.4569828 1.5516792 1.3226273 1.7717090 1.4320005 1.6899553 1.5390453 1.0643309 2.4800420 0.5649188 0.5007827 0.6752978 0.8448358 0.5134238 0.5209780 0.5531385 0.0000000 0.7927920 0.7532047 1.2203279 1.9998044 1.6947650 1.7974265 2.0291793 1.9903641 2.9202687 1.9286640 1.5317173 1.6177512 1.6039554 1.8430822 1.9034872 2.4998972 1.0754503 2.5968893 2.6227824 4.4193137 
Q94LQ1_ORYSA_53_228  1.2125936 1.5230078 1.1087993 1.1261683 1.1680827 1.0067074 1.0262769 1.0489559 1.2567163 1.1566887 1.0585325 1.0832506 0.9008006 1.4070726 1.1234880 1.3282559 1.4774327 1.0008336 1.1205649 1.1624427 1.1740042 1.3228296 1.3111077 1.4579395 1.3281887 1.2002543 1.3231067 1.0631610 1.3772039 1.3839672 1.2859275 1.6089682 1.2699371 1.3008801 1.3338859 1.5724641 0.8767801 0.9174539 1.5014154 1.2090740 2.1974618 0.9218007 0.8784086 1.1375777 1.0639571 0.4352578 0.3454639 0.7463004 0.7927920 0.0000000 0.3850594 1.5013237 2.0390941 2.0269819 1.5504891 1.5907304 1.5327513 2.5950497 1.4156074 1.3070734 1.6639817 1.5283418 2.1711139 1.6284799 2.1602986 1.1821215 1.8267379 2.5514252 3.4573790 
Q94LQ2_ORYSA_38_207  1.5774349 1.8683215 1.5640670 1.4605333 1.0515710 1.1666462 1.2816388 1.0621693 1.0877583 1.3326531 1.2506535 1.4101886 1.3705839 1.5551069 1.3613777 1.2502505 1.5988891 1.0304168 1.2753703 1.1542241 1.2273604 1.3403675 1.1890912 1.4721253 1.3301863 1.6838757 1.5952710 0.9382749 1.2419895 1.2328361 1.1844792 1.3718582 1.3873168 1.2383519 1.4977891 1.6486544 1.3115250 1.1998416 1.4829551 1.2467333 1.6176686 0.7869735 0.7862259 0.9387267 1.2550436 0.5615790 0.3334598 0.9025669 0.7532047 0.3850594 0.0000000 1.9347486 2.1514562 2.3611148 1.3452232 1.7542089 1.5524946 2.8349328 1.5579158 1.6130733 1.5546251 1.8791348 1.8862867 1.8912419 2.2007732 1.3330599 2.7219555 2.6301242 3.9411572 
Q9LEL9_CUCSA_168_319 1.6111930 1.7453308 1.4579457 1.1841021 2.0436147 1.7828340 1.8627762 1.7325770 2.3125200 1.4743091 2.0725863 1.6519400 1.6291968 1.9586920 1.6090009 1.8428030 1.9184351 1.5409855 1.5656463 1.6840870 1.8847046 1.4207735 1.4746498 1.8318618 1.8169598 1.4923410 2.1722033 1.6236936 1.8989597 1.6569260 1.8251275 1.8873341 1.5860088 1.3650424 2.0288174 1.5091230 1.4282786 2.2984725 1.3435223 1.3390126 4.4232593 1.0878740 1.2820809 0.9581011 1.2335833 1.4124448 1.5944783 1.0686260 1.2203279 1.5013237 1.9347486 0.0000000 1.8973655 2.0468515 1.8317731 2.2327053 2.1395452 2.4073495 1.7484070 1.8663933 2.6129264 2.8088427 1.5174499 2.6061103 4.3425092 2.3062991 3.1201190 3.6804003 4.1215743 
Q22650_CAEEL_48_206  2.7486544 2.6025949 2.3232253 1.8741416 2.6232704 2.0445047 2.0481158 1.8078679 1.7442046 2.0803713 1.7283331 2.0691850 2.1360843 2.4025266 2.2423999 2.4785161 1.9800410 2.5854577 2.2485356 2.2982792 2.7076736 1.6170372 1.3642576 2.1617479 2.4909039 2.5723983 2.9163057 2.5112085 2.4144991 2.3434801 1.9625419 2.1095579 2.0948580 2.0535275 1.8924729 2.4331567 2.1973757 2.1575974 2.2377566 1.5592415 3.9498148 1.6775995 2.0012318 1.8313134 1.4623846 1.8702747 2.3851146 1.5326093 1.9998044 2.0390941 2.1514562 1.8973655 0.0000000 2.8732996 2.3409341 3.2596868 2.4669187 3.3110419 3.5491536 2.3994064 2.7616711 2.7516182 2.1914713 2.6726878 4.2225548 2.2099332 2.8679876 2.8436266 5.4245024 
O44836_CAEEL_134_321 1.6455734 1.5936672 1.7096744 1.6380867 2.1723838 1.6122554 1.4292448 1.5783705 1.9637921 1.6351873 1.4661639 1.7300472 1.9245720 1.3149068 1.4372422 1.6785289 1.8243778 1.9905316 1.8758359 1.4349162 1.5354011 1.5762541 1.8258831 2.1415194 1.6257247 1.5277672 1.3393028 1.8905417 2.2711580 2.1784541 1.6952818 1.5878967 1.4283425 1.6694126 1.6143419 2.0256843 1.8382900 1.6117423 2.0496547 1.7772382 3.0546546 2.2057595 2.0288995 1.9047565 2.6567559 1.8784166 2.0359289 1.6082928 1.6947650 2.0269819 2.3611148 2.0468515 2.8732996 0.0000000 2.0045782 2.2871933 2.2638085 2.8360642 1.8597280 2.9955888 2.2055267 1.9157803 2.3479859 2.0161394 3.3484106 2.5474668 2.7624073 2.6202032 4.9121703 
Q8JS18_9BACU_76_232  2.2759871 2.5546656 1.5125784 1.2167272 1.9421105 2.0770253 1.9521214 1.9939806 1.7327533 1.6183808 1.9467063 1.6427884 1.7444350 1.7731215 2.0198732 1.9835723 2.0135561 2.1298216 2.5272944 1.5530852 1.6583149 1.6417721 1.5600285 1.7047906 1.7979459 2.0068376 2.1873501 1.5673622 1.8465752 1.8933888 1.7203842 1.8647605 1.9671689 1.4758617 2.0468891 1.9409732 2.3450009 1.7470478 2.6498712 2.0189597 2.5476251 1.7167943 1.9255664 1.9812163 1.7619602 1.8608067 1.5182130 1.9271007 1.7974265 1.5504891 1.3452232 1.8317731 2.3409341 2.0045782 0.0000000 0.9459694 0.8356942 1.1694858 1.2879939 1.1417847 2.6641822 2.7508481 2.2365952 2.6696494 3.1958358 1.9147475 1.9628799 3.9138972 5.1779065 
Q91F09_GVCP_128_302  1.5841741 2.3493824 1.2295396 1.1483646 2.0695268 2.2713381 2.0544519 2.4362480 2.3299836 1.9225340 2.1836039 2.0958521 1.8541292 1.5977823 2.5279708 2.3575756 3.0497925 2.0410505 2.4050381 2.3079493 2.1971293 2.0932122 1.9960915 2.2844750 1.7162422 1.7912990 2.7776236 1.7068238 2.1809332 1.9893332 1.8966839 2.2933074 1.7873177 1.6629901 2.2943160 1.9940182 2.8620231 2.8632421 2.8480502 2.4679020 2.8601233 1.8302430 1.9910325 1.7557024 1.9889212 2.3636077 1.8513687 1.5090160 2.0291793 1.5907304 1.7542089 2.2327053 3.2596868 2.2871933 0.9459694 0.0000000 0.4382641 1.7433683 1.0764588 1.0871128 2.7642363 2.6808692 2.4504685 2.8870624 2.5405936 2.0351588 3.4135501 3.4018548 4.6618719 
