9
Q9JR88_NEIMA_6_159 0.0000000 0.8917351 0.9218878 3.3770697 2.5079624 2.9404503 3.3709257 3.3057597 3.9479655 
Q9JUG9_NEIMA_7_134 0.8917351 0.0000000 1.0881330 3.6374526 2.4888831 3.3029731 3.0223329 3.7826586 3.1518646 
VPG2_HAEIN_7_134   0.9218878 1.0881330 0.0000000 2.2945536 1.6022559 2.9378866 2.6632208 2.8306405 3.2218884 
VPG1_HAEIN_7_141   3.3770697 3.6374526 2.2945536 0.0000000 1.8238178 2.2801816 2.3372300 3.4057677 3.8010644 
VPG_BPMU_9_151     2.5079624 2.4888831 1.6022559 1.8238178 0.0000000 2.4945908 1.7799084 2.1272463 3.1494990 
VPS_BPP2_2_149     2.9404503 3.3029731 2.9378866 2.2801816 2.4945908 0.0000000 0.5282324 0.9286117 1.0487589 
O80313_BP186_2_148 3.3709257 3.0223329 2.6632208 2.3372300 1.7799084 0.5282324 0.0000000 0.9964506 1.0186035 
Q9ZXL2_9CAUD_3_151 3.3057597 3.7826586 2.8306405 3.4057677 2.1272463 0.9286117 0.9964506 0.0000000 1.0889822 
Q48287_HAESO_2_149 3.9479655 3.1518646 3.2218884 3.8010644 3.1494990 1.0487589 1.0186035 1.0889822 0.0000000 
