18
PEPX_STRGN_1_143   0.0000000 0.4265807 0.5943032 0.7474808 0.8856142 0.8905886 0.9790553 0.6075632 1.1673010 1.4590952 1.4675412 0.9356448 1.2164607 1.0912242 1.3234415 1.4648832 1.2178114 1.9048631 
PEPX_STRR6_1_143   0.4265807 0.0000000 0.6493764 0.8283031 1.1013914 1.0436793 1.1761639 0.7956444 1.5142173 1.4822597 1.4792294 0.9527840 1.2979213 1.0838929 1.2748667 1.4579731 1.4153426 1.5500780 
Q303J5_STRSU_1_143 0.5943032 0.6493764 0.0000000 0.4728319 0.8160709 0.8953359 0.7992936 0.8048479 1.1694651 1.4243274 1.5324199 1.1832275 1.5188175 1.3382082 1.5227740 1.5327478 1.6871533 1.8895368 
Q5LYA9_STRT1_1_143 0.7474808 0.8283031 0.4728319 0.0000000 0.7926619 0.7544574 0.4985542 0.9660268 1.3076628 1.2694560 1.6266895 1.0735100 1.6329188 1.3087784 1.5999781 1.2695157 1.7259207 1.6928824 
PEPX_STRMC_1_145   0.8856142 1.1013914 0.8160709 0.7926619 0.0000000 0.9322631 0.6224579 0.9678522 0.8802230 1.5972937 1.5806492 1.4006325 1.5333913 1.0911902 1.5664270 1.4796871 1.5495598 1.4514430 
PEPX_STRA5_1_143   0.8905886 1.0436793 0.8953359 0.7544574 0.9322631 0.0000000 0.9097533 1.0767762 1.3767531 1.9942291 2.0624876 1.5530450 1.4104927 1.8229948 1.8817594 2.1047007 1.9949358 2.1103716 
PEPX_STRP3_1_145   0.9790553 1.1761639 0.7992936 0.4985542 0.6224579 0.9097533 0.0000000 0.8558785 1.1044084 1.4206429 1.6405437 1.3209622 1.6566862 1.6581940 1.5059878 1.5301107 1.9640272 1.8061530 
Q9ZAS9_STRMU_1_145 0.6075632 0.7956444 0.8048479 0.9660268 0.9678522 1.0767762 0.8558785 0.0000000 1.0377907 1.3621434 1.4214700 1.1182705 1.2068683 1.1696311 1.1606929 1.4204487 1.2645256 1.5524304 
PEPX_LACLA_1_143   1.1673010 1.5142173 1.1694651 1.3076628 0.8802230 1.3767531 1.1044084 1.0377907 0.0000000 1.6816327 1.8510132 1.4397212 1.5595819 1.4552249 1.7782807 1.4351887 2.1080165 1.9647582 
Q8RQV6_LACHE_1_155 1.4590952 1.4822597 1.4243274 1.2694560 1.5972937 1.9942291 1.4206429 1.3621434 1.6816327 0.0000000 0.5605584 0.6462589 1.3194029 1.0360014 1.1634909 1.3605050 1.1229483 1.2791906 
Q1WRZ1_LACS1_1_154 1.4675412 1.4792294 1.5324199 1.6266895 1.5806492 2.0624876 1.6405437 1.4214700 1.8510132 0.5605584 0.0000000 1.0743395 0.9778553 0.9934864 1.1264462 1.1200803 0.8861162 1.2213141 
Q1U8Y9_LACRE_1_157 0.9356448 0.9527840 1.1832275 1.0735100 1.4006325 1.5530450 1.3209622 1.1182705 1.4397212 0.6462589 1.0743395 0.0000000 0.9411211 1.0544655 0.8651427 1.1637508 1.2879665 1.3500324 
PEPX_LACPL_1_157   1.2164607 1.2979213 1.5188175 1.6329188 1.5333913 1.4104927 1.6566862 1.2068683 1.5595819 1.3194029 0.9778553 0.9411211 0.0000000 1.1176481 0.8625093 1.0893125 1.1937380 1.2848219 
Q5FJC6_LACAC_1_156 1.0912242 1.0838929 1.3382082 1.3087784 1.0911902 1.8229948 1.6581940 1.1696311 1.4552249 1.0360014 0.9934864 1.0544655 1.1176481 0.0000000 0.4201270 0.3901444 0.8923789 0.9358007 
Q74II3_LACJO_1_157 1.3234415 1.2748667 1.5227740 1.5999781 1.5664270 1.8817594 1.5059878 1.1606929 1.7782807 1.1634909 1.1264462 0.8651427 0.8625093 0.4201270 0.0000000 0.4792042 0.9890948 1.0978026 
PEPX_LACDL_1_156   1.4648832 1.4579731 1.5327478 1.2695157 1.4796871 2.1047007 1.5301107 1.4204487 1.4351887 1.3605050 1.1200803 1.1637508 1.0893125 0.3901444 0.4792042 0.0000000 1.4036612 1.3731535 
PEPX_LACRH_1_155   1.2178114 1.4153426 1.6871533 1.7259207 1.5495598 1.9949358 1.9640272 1.2645256 2.1080165 1.1229483 0.8861162 1.2879665 1.1937380 0.8923789 0.9890948 1.4036612 0.0000000 0.8829149 
Q38XY2_LACSS_1_157 1.9048631 1.5500780 1.8895368 1.6928824 1.4514430 2.1103716 1.8061530 1.5524304 1.9647582 1.2791906 1.2213141 1.3500324 1.2848219 0.9358007 1.0978026 1.3731535 0.8829149 0.0000000 
