15
O05435_MYCTU_48_524  0.0000000 1.8403082 2.2078565 2.9288791 2.6982935 2.5179854 2.5113657 3.0888715 2.7999339 2.2310361 1.8667090 2.1641888 2.2933079 3.5408521 3.4287857 
Q9X8T0_STRCO_300_780 1.8403082 0.0000000 2.4855796 2.1516516 2.6547910 2.7959347 2.5012716 2.8220817 2.6794502 1.9383306 1.9289208 1.9372151 1.7679573 3.0806775 3.1058160 
Q9RX17_DEIRA_83_524  2.2078565 2.4855796 0.0000000 2.8391192 2.2919030 2.1099074 2.5801571 2.6779376 2.4780308 2.1273792 2.2532797 1.9522290 2.1976790 3.0907673 3.1527291 
MVIN_SYNY3_36_497    2.9288791 2.1516516 2.8391192 0.0000000 2.8133356 2.9955766 2.3710520 3.7634919 2.8226203 2.4622223 2.5634462 1.9988410 2.2455335 3.1056254 2.9724581 
MVIN_BORBU_35_481    2.6982935 2.6547910 2.2919030 2.8133356 0.0000000 1.9902515 1.8944635 1.9413262 2.0270399 1.7099979 1.6820288 1.9029989 1.6793111 3.4461729 3.8962674 
MVIN_TREPA_32_491    2.5179854 2.7959347 2.1099074 2.9955766 1.9902515 0.0000000 1.8112444 2.2231286 1.9347614 1.7386221 1.7021986 1.4770313 1.4381868 2.7236235 3.1315058 
MVIN_THEMA_28_452    2.5113657 2.5012716 2.5801571 2.3710520 1.8944635 1.8112444 0.0000000 1.9028569 1.8740671 1.7013437 1.5296550 1.6793007 1.7683380 2.6671726 2.7911519 
MVIN_HELPJ_1_460     3.0888715 2.8220817 2.6779376 3.7634919 1.9413262 2.2231286 1.9028569 0.0000000 1.6418624 1.4692120 1.3728275 1.4529037 1.4122791 2.6135237 2.6821337 
MVIN_AQUAE_29_468    2.7999339 2.6794502 2.4780308 2.8226203 2.0270399 1.9347614 1.8740671 1.6418624 0.0000000 1.5713955 1.8131899 1.7445586 1.6123846 2.6431423 2.6705104 
MVIN_HAEIN_16_481    2.2310361 1.9383306 2.1273792 2.4622223 1.7099979 1.7386221 1.7013437 1.4692120 1.5713955 0.0000000 0.9800793 1.2271218 1.2996107 2.2339040 2.2112767 
MVIN_ECOLI_28_481    1.8667090 1.9289208 2.2532797 2.5634462 1.6820288 1.7021986 1.5296550 1.3728275 1.8131899 0.9800793 0.0000000 1.1131964 1.2124496 2.5127858 2.5124441 
MVIN_RHITR_28_486    2.1641888 1.9372151 1.9522290 1.9988410 1.9029989 1.4770313 1.6793007 1.4529037 1.7445586 1.2271218 1.1131964 0.0000000 1.0676168 2.4952503 2.6473311 
MVIN_RICPR_28_479    2.2933079 1.7679573 2.1976790 2.2455335 1.6793111 1.4381868 1.7683380 1.4122791 1.6123846 1.2996107 1.2124496 1.0676168 0.0000000 2.3055756 2.6341603 
MVIN_CHLTR_34_484    3.5408521 3.0806775 3.0907673 3.1056254 3.4461729 2.7236235 2.6671726 2.6135237 2.6431423 2.2339040 2.5127858 2.4952503 2.3055756 0.0000000 0.2804765 
MVIN_CHLPN_35_486    3.4287857 3.1058160 3.1527291 2.9724581 3.8962674 3.1315058 2.7911519 2.6821337 2.6705104 2.2112767 2.5124441 2.6473311 2.6341603 0.2804765 0.0000000 
