9
MBEB_ECOLI_1_52   0.0000000 0.4535016 1.2686803 1.4892159 1.4993555 1.7795126 2.0345570 2.5320048 3.9505001 
O52994_ECOLI_1_52 0.4535016 0.0000000 0.9636472 1.3036197 1.3313200 1.5297214 1.8398605 2.3776758 3.2853425 
Q51607_9ZZZZ_1_52 1.2686803 0.9636472 0.0000000 0.2865541 0.9668078 1.3635350 1.9201654 1.7692076 2.1652549 
O52170_SALBE_1_52 1.4892159 1.3036197 0.2865541 0.0000000 0.9955663 1.4301235 1.6194226 1.8053677 1.9008333 
Q9K590_HALEL_1_52 1.4993555 1.3313200 0.9668078 0.9955663 0.0000000 1.1080775 1.5462673 1.6659811 1.6060276 
Q9RLF0_PLESH_1_52 1.7795126 1.5297214 1.3635350 1.4301235 1.1080775 0.0000000 1.5129242 1.4738871 1.6339336 
CPPB_NEIGO_1_52   2.0345570 1.8398605 1.9201654 1.6194226 1.5462673 1.5129242 0.0000000 1.3871696 1.8753503 
Q51928_PASMU_1_52 2.5320048 2.3776758 1.7692076 1.8053677 1.6659811 1.4738871 1.3871696 0.0000000 0.9287533 
Q9EXK1_PROVU_1_52 3.9505001 3.2853425 2.1652549 1.9008333 1.6060276 1.6339336 1.8753503 0.9287533 0.0000000 
