7
MCAT_BACSU_1_273   0.0000000 0.4352697 0.3673224 1.7094917 1.5235575 1.8478817 1.8093106 
YJQC_BACSU_1_278   0.4352697 0.0000000 0.3145183 1.9043072 1.5886179 1.9615361 1.4583289 
Q9KAU6_BACHD_1_281 0.3673224 0.3145183 0.0000000 1.8422103 1.5749116 1.9197303 1.6631367 
COTJC_BACSU_1_189  1.7094917 1.9043072 1.8422103 0.0000000 1.2170418 2.9430208 2.9180427 
Q9I1T0_PSEAE_1_294 1.5235575 1.5886179 1.5749116 1.2170418 0.0000000 3.0611101 2.6739049 
Q9KDZ2_BACHD_1_298 1.8478817 1.9615361 1.9197303 2.9430208 3.0611101 0.0000000 1.1591485 
YDHU_BACSU_1_151   1.8093106 1.4583289 1.6631367 2.9180427 2.6739049 1.1591485 0.0000000 
