7
P70941_SALTY_1_233 0.0000000 0.0954682 1.1286331 1.6636704 1.0235852 1.0686134 1.9852370 
O48421_BPH19_2_299 0.0954682 0.0000000 1.0706189 1.5319462 1.1071158 1.1884913 1.9666948 
O84892_SALTY_2_318 1.1286331 1.0706189 0.0000000 1.0782436 1.4890704 2.0005792 1.8176153 
VG15_BPPH8_2_289   1.6636704 1.5319462 1.0782436 0.0000000 1.3401218 1.8084746 2.2913562 
Q9MCP8_BPHK7_1_267 1.0235852 1.1071158 1.4890704 1.3401218 0.0000000 0.9262118 1.7091641 
VG18_BPP22_2_271   1.0686134 1.1884913 2.0005792 1.8084746 0.9262118 0.0000000 2.3035616 
Q9MC55_BPD3_2_298  1.9852370 1.9666948 1.8176153 2.2913562 1.7091641 2.3035616 0.0000000 
