10
YAAO_BACSU_3_380     0.0000000 1.4483148 2.5662799 2.4818678 2.5197148 2.6487791 2.3614523 2.4165057 2.4084143 2.2604279 
SPEA_BACSU_6_388     1.4483148 0.0000000 2.2781786 2.1056223 2.2556345 2.2552328 2.1335915 2.3602027 2.3309630 2.3204710 
DCOR_HAEIN_108_567   2.5662799 2.2781786 0.0000000 0.2527876 0.2643113 0.3515782 1.2600794 1.1292448 1.2640884 1.1495879 
DCOR_ECOLI_101_560   2.4818678 2.1056223 0.2527876 0.0000000 0.2693551 0.4140521 1.2703336 1.1959143 1.2840622 1.1848075 
DCOS_ECOLI_109_568   2.5197148 2.2556345 0.2643113 0.2693551 0.0000000 0.4250265 1.3354436 1.2460379 1.3374403 1.2623516 
DCOR_LACS3_108_568   2.6487791 2.2552328 0.3515782 0.4140521 0.4250265 0.0000000 1.3865538 1.2166812 1.3029749 1.2195143 
ADIA_ECOLI_140_607   2.3614523 2.1335915 1.2600794 1.2703336 1.3354436 1.3865538 0.0000000 0.9751879 1.0653161 1.0133742 
Q9Z4R7_EIKCO_128_560 2.4165057 2.3602027 1.1292448 1.1959143 1.2460379 1.2166812 0.9751879 0.0000000 0.3267349 0.2359482 
DCLZ_ECOLI_130_562   2.4084143 2.3309630 1.2640884 1.2840622 1.3374403 1.3029749 1.0653161 0.3267349 0.0000000 0.2384731 
LDCI_ECOLI_130_562   2.2604279 2.3204710 1.1495879 1.1848075 1.2623516 1.2195143 1.0133742 0.2359482 0.2384731 0.0000000 
