16
YZVL_CAEEL_269_417   0.0000000 0.2486975 0.3753496 0.8301062 0.5064123 0.6531746 0.6249282 0.6924215 1.2237805 1.0221617 1.1685671 1.2119930 1.4032235 2.5058326 2.0069650 2.1440884 
NOP56_HUMAN_263_411  0.2486975 0.0000000 0.3113275 0.7810654 0.5077101 0.6280752 0.6086774 0.6559815 1.1664616 1.1389417 1.1653519 1.3279055 1.4625387 2.4629585 2.0095256 2.1299596 
SIK1_YEAST_270_418   0.3753496 0.3113275 0.0000000 0.7353950 0.4999238 0.5897958 0.5559027 0.6521241 1.1466599 1.1179859 1.3764376 1.3489644 1.4934469 2.5548110 2.2079661 2.4108436 
Y5714_ARATH_208_356  0.8301062 0.7810654 0.7353950 0.0000000 0.3228446 0.4978721 0.5632048 0.5945157 1.0612099 1.1234668 1.1922283 1.3232815 1.3387547 2.8439839 2.2273041 2.4098746 
Y5712_ARATH_251_399  0.5064123 0.5077101 0.4999238 0.3228446 0.0000000 0.2927179 0.4179929 0.4181611 1.0552294 1.0533188 1.1961930 1.2323155 1.6227103 2.6768117 1.9301964 2.3645214 
O70396_MOUSE_190_338 0.6531746 0.6280752 0.5897958 0.4978721 0.2927179 0.0000000 0.4249413 0.4371250 1.0585265 1.2080203 1.2862586 1.3051980 1.7033594 2.6401175 2.1955562 2.3202452 
O45012_CAEEL_251_400 0.6249282 0.6086774 0.5559027 0.5632048 0.4179929 0.4249413 0.0000000 0.4610953 1.0067467 1.0703243 1.1423788 0.9891099 1.5250387 2.3737261 1.9155156 2.1220676 
NOP58_YEAST_254_404  0.6924215 0.6559815 0.6521241 0.5945157 0.4181611 0.4371250 0.4610953 0.0000000 1.1527096 1.2081844 1.2182042 1.3717946 1.6310583 2.7355778 2.4030216 2.7239672 
Y694_METJA_217_361   1.2237805 1.1664616 1.1466599 1.0612099 1.0552294 1.0585265 1.0067467 1.1527096 0.0000000 0.4834842 0.7950641 0.6469042 1.0651440 2.5557581 1.9859711 2.4327171 
O57810_PYRHO_226_371 1.0221617 1.1389417 1.1179859 1.1234668 1.0533188 1.2080203 1.0703243 1.2081844 0.4834842 0.0000000 0.4339392 0.5594728 0.9843332 2.0816079 2.0367302 2.4045811 
O27282_METTH_210_354 1.1685671 1.1653519 1.3764376 1.1922283 1.1961930 1.2862586 1.1423788 1.2182042 0.7950641 0.4339392 0.0000000 0.7163228 0.9405747 1.9429918 1.9116904 2.5937489 
O53135_METMA_3_147   1.2119930 1.3279055 1.3489644 1.3232815 1.2323155 1.3051980 0.9891099 1.3717946 0.6469042 0.5594728 0.7163228 0.0000000 0.9856771 1.8528851 2.2731840 2.0694360 
O28191_ARCFU_112_261 1.4032235 1.4625387 1.4934469 1.3387547 1.6227103 1.7033594 1.5250387 1.6310583 1.0651440 0.9843332 0.9405747 0.9856771 0.0000000 2.1264278 2.1921869 2.7341704 
PRP31_YEAST_196_347  2.5058326 2.4629585 2.5548110 2.8439839 2.6768117 2.6401175 2.3737261 2.7355778 2.5557581 2.0816079 1.9429918 1.8528851 2.1264278 0.0000000 2.1265369 1.4633213 
O80740_ARATH_213_361 2.0069650 2.0095256 2.2079661 2.2273041 1.9301964 2.1955562 1.9155156 2.4030216 1.9859711 2.0367302 1.9116904 2.2731840 2.1921869 2.1265369 0.0000000 1.1250347 
PRP31_SCHPO_210_358  2.1440884 2.1299596 2.4108436 2.4098746 2.3645214 2.3202452 2.1220676 2.7239672 2.4327171 2.4045811 2.5937489 2.0694360 2.7341704 1.4633213 1.1250347 0.0000000 
