16
Q9VK57_DROME_30_332 0.0000000 1.3427832 1.3688715 1.3823114 1.3823114 1.2395708 1.4435172 1.9826815 2.2859314 2.1264801 2.5899731 2.2875688 1.9539159 2.1051175 2.1051175 2.2594758 
Q9BVL0_HUMAN_28_285 1.3427832 0.0000000 0.0108148 0.0785436 0.0785436 0.7887731 0.6946316 1.8245751 2.0581060 1.9453315 2.2679496 1.7643729 1.7412002 1.7121670 1.7121670 1.7160504 
Q9NWS0_HUMAN_28_285 1.3688715 0.0108148 0.0000000 0.0672194 0.0672194 0.8074263 0.7126312 1.7974246 2.0283830 1.9151367 2.2351927 1.7960509 1.7722807 1.7429540 1.7429540 1.7469064 
Q9CQJ2_MOUSE_28_285 1.3823114 0.0785436 0.0672194 0.0000000 0.0000010 0.7932559 0.7162127 1.7925272 2.0157866 1.9238539 2.4043045 1.7101522 1.6616980 1.7888440 1.7888440 1.7641075 
Q6NV90_MOUSE_28_285 1.3823114 0.0785436 0.0672194 0.0000010 0.0000000 0.7932559 0.7162127 1.7925272 2.0157866 1.9238539 2.4043045 1.7101522 1.6616980 1.7888440 1.7888440 1.7641075 
Q7ZWY2_XENLA_25_294 1.2395708 0.7887731 0.8074263 0.7932559 0.7932559 0.0000000 0.4582261 1.4314968 1.5915822 1.4085769 2.0458609 1.8312579 1.7848475 1.4790375 1.4790375 1.7061527 
Q5XJL7_BRARE_16_274 1.4435172 0.6946316 0.7126312 0.7162127 0.7162127 0.4582261 0.0000000 1.6686468 1.9116237 1.5796699 1.9230894 1.8677439 1.6919488 1.7434953 1.7434953 1.5034601 
Q8WWB5_HUMAN_19_314 1.9826815 1.8245751 1.7974246 1.7925272 1.7925272 1.4314968 1.6686468 0.0000000 0.2510293 0.6527202 0.9577430 2.0465590 1.9195389 2.0519623 2.0519623 1.9661157 
Q8CHR9_MOUSE_19_314 2.2859314 2.0581060 2.0283830 2.0157866 2.0157866 1.5915822 1.9116237 0.2510293 0.0000000 0.8080168 0.9630797 2.1069423 2.0046547 1.8969559 1.8969559 2.0442817 
Q5XGG3_XENTR_21_320 2.1264801 1.9453315 1.9151367 1.9238539 1.9238539 1.4085769 1.5796699 0.6527202 0.8080168 0.0000000 0.8350083 1.8571393 1.7720353 1.7705657 1.7705657 1.7540852 
Q5PRB3_BRARE_22_321 2.5899731 2.2679496 2.2351927 2.4043045 2.4043045 2.0458609 1.9230894 0.9577430 0.9630797 0.8350083 0.0000000 2.0317028 2.0936318 1.8892915 1.8892915 1.9934209 
Q6P5G9_MOUSE_43_352 2.2875688 1.7643729 1.7960509 1.7101522 1.7101522 1.8312579 1.8677439 2.0465590 2.1069423 1.8571393 2.0317028 0.0000000 0.2092535 1.2350283 1.2350283 1.1660981 
Q86TR1_HUMAN_70_375 1.9539159 1.7412002 1.7722807 1.6616980 1.6616980 1.7848475 1.6919488 1.9195389 2.0046547 1.7720353 2.0936318 0.2092535 0.0000000 1.1446419 1.1446419 1.1317607 
Q9V320_DROME_49_355 2.1051175 1.7121670 1.7429540 1.7888440 1.7888440 1.4790375 1.7434953 2.0519623 1.8969559 1.7705657 1.8892915 1.2350283 1.1446419 0.0000000 0.0000010 0.7804442 
Q8T8Q3_DROME_49_355 2.1051175 1.7121670 1.7429540 1.7888440 1.7888440 1.4790375 1.7434953 2.0519623 1.8969559 1.7705657 1.8892915 1.2350283 1.1446419 0.0000010 0.0000000 0.7804442 
Q7Q9F6_ANOGA_47_351 2.2594758 1.7160504 1.7469064 1.7641075 1.7641075 1.7061527 1.5034601 1.9661157 2.0442817 1.7540852 1.9934209 1.1660981 1.1317607 0.7804442 0.7804442 0.0000000 
