134
Q8UAS7_AGRT5_12_258  0.0000000 0.3049289 0.4254080 0.4434378 0.5389513 0.4858883 0.5466394 0.5798064 0.5051481 0.7133783 0.7383593 0.6873152 0.8853903 0.4135719 0.4012501 0.4115858 0.5124394 0.4339660 0.7340565 0.6447299 0.7267507 0.7884415 0.6511558 0.5785507 0.6075308 0.5059692 0.6536271 0.9949765 0.9505049 0.6149340 0.6966437 0.7941640 0.6458032 0.5796815 0.7505060 0.6298884 0.8002477 0.6500550 0.7615138 0.7198731 0.7382055 0.6854364 0.9590992 0.7962137 0.7773372 0.7437951 0.8092608 1.0608985 0.7609525 0.9748683 1.0882672 0.9745910 0.9739604 0.8895842 0.7703464 0.7596356 0.7380105 0.7252201 0.7838117 0.7285105 0.7500201 0.6819697 0.7765706 0.7826320 0.9610830 0.9163376 0.7312445 0.9722540 0.7950605 0.7814877 0.8874914 0.9735796 0.9103081 0.9242290 0.9983751 1.0361167 1.0327312 0.7837371 0.9611880 0.9545337 1.0801928 0.8558184 0.8378619 0.8820799 0.8631876 0.9694366 1.0543511 0.9853453 0.8537377 0.7336152 0.8935882 1.2663609 1.1037745 1.1873281 1.0905844 1.0821938 1.0666627 1.1183737 0.9754010 1.0302698 1.2955474 1.2388531 1.2887649 1.1104000 1.0192749 1.1824454 1.3659312 0.9929304 1.0570530 1.1807080 1.1127068 1.1896897 1.2207856 1.6672477 1.0320234 1.2403467 1.3863362 1.2596867 1.1661502 1.0323144 1.7199424 1.3439368 1.2225596 2.9319332 1.5180791 2.0629810 1.7308110 1.8449323 1.7629202 2.0679530 2.0757063 2.1887698 3.2114364 2.9114849 
THID_RHIME_12_258    0.3049289 0.0000000 0.2997142 0.4114362 0.4002341 0.4251051 0.6757100 0.5977746 0.4837609 0.7342837 0.7611784 0.7813415 0.8929311 0.5100717 0.4140390 0.5147680 0.6493131 0.5021959 0.8648819 0.7919909 0.8457241 0.7446472 0.7456984 0.6287766 0.6537137 0.4209383 0.8108226 0.8676935 0.9273035 0.5983295 0.5606954 0.7008254 0.6354108 0.4493810 0.7951558 0.6197118 0.6947670 0.5440867 0.6294040 0.6806423 0.5312041 0.5540472 0.9563180 0.8297235 0.7112994 0.7266827 0.7203595 0.7991480 0.7287096 1.0059337 0.9827930 0.7513466 0.8584489 0.8934448 0.7421696 0.8872994 0.7775151 0.8499296 0.8849001 0.8360567 0.8818326 0.8213035 0.7906540 0.7408319 0.9244311 0.8681956 0.8443492 0.7968345 0.7349322 0.7244290 0.7918275 0.9366093 0.8832689 0.7883190 0.8312768 1.0784459 0.9834312 0.6623948 0.9024496 1.0746667 1.0321943 0.7991762 1.0265061 0.9903981 0.9768854 1.1525806 1.1796036 1.0172356 0.9793596 0.8710976 0.8179344 1.3477894 1.0995127 0.8683615 0.9234341 0.8589057 0.7912041 0.9605808 0.7864991 0.9448307 1.1205163 0.9736781 1.2824923 1.1183236 1.0929190 1.1650039 1.2982569 1.2919659 1.2462907 1.3593587 1.4331403 1.5960660 1.4726432 1.4371809 1.1279417 1.3459695 1.4873439 1.3097130 1.2544483 1.1681331 1.4665681 1.2548223 1.4933327 2.9735079 1.1470528 1.8419388 1.5723989 2.0216017 1.8074804 2.2687572 2.4434729 2.2740397 3.5687249 2.9721633 
Q89HT4_BRAJA_13_260  0.4254080 0.2997142 0.0000000 0.3262214 0.3904884 0.4042840 0.5816578 0.6853169 0.5599992 0.6361777 0.6739411 0.7949321 0.8075266 0.6154777 0.4595114 0.5517632 0.6510936 0.5318087 0.7486516 0.6748054 0.7002868 0.6838971 0.5886080 0.6450576 0.5839704 0.5665432 0.6875395 1.0104993 0.7940132 0.6768213 0.5516439 0.8121803 0.7442548 0.5223399 0.8110065 0.6138517 0.7792630 0.5077224 0.6721203 0.5355145 0.5977201 0.5536023 0.9003923 0.8549049 0.5827765 0.6196869 0.7377221 0.8346075 0.7547387 1.0455663 1.0200964 0.8394520 0.8243072 0.8204988 0.6540518 0.7299422 0.6762215 0.7400354 0.8632609 0.9615726 0.9338381 1.0169382 0.7325170 0.7904890 1.0010725 1.0078824 0.7844600 0.8301768 0.6249035 0.5850296 0.8403305 0.8335102 0.8574924 0.9044476 0.7057954 0.9612046 0.9171038 0.7474514 0.8645750 1.1309027 1.0073468 0.9077111 0.9522057 1.1046452 0.9073394 0.8959505 1.0596328 0.7913545 0.9153155 0.8052280 0.7371015 1.2200884 0.9802759 0.8745040 0.9512262 0.8920571 0.8555841 0.9038484 0.7328258 0.8530028 1.1076520 1.0615085 1.2239576 0.9983984 1.0630037 1.1772233 1.4912025 1.0726038 1.1369264 1.4534758 1.3938724 1.3861079 1.2524380 1.2979978 1.0095124 1.2906105 1.4626051 1.2390612 1.2068116 1.2534266 1.4728789 1.3800388 1.2188737 2.7277243 1.2187509 1.3702128 1.6860981 2.1321271 1.8449907 2.2260549 2.2596609 2.2823965 3.1919823 3.1318976 
Q6N2S7_RHOPA_13_260  0.4434378 0.4114362 0.3262214 0.0000000 0.4865518 0.5060653 0.5848432 0.7711820 0.6586719 0.7344792 0.8859618 0.7892363 0.8849788 0.6239147 0.5658269 0.5684262 0.6620080 0.5885410 1.0116885 0.8303779 0.8678879 0.7688266 0.7016086 0.6231047 0.5546186 0.6638564 0.7710661 0.9264891 0.9499801 0.7190530 0.8808903 0.9471554 0.9138530 0.7262748 0.9641270 0.6424507 0.8282331 0.6025370 0.7295844 0.7832293 0.7364766 0.6975706 1.0166461 1.0677277 0.7585302 0.7789874 0.8458615 1.0203973 0.7447195 1.0613358 1.1891517 0.8969039 0.8847519 0.9688470 0.6390088 0.8128503 0.8454594 0.7911657 0.8676707 0.8589816 0.8634731 0.9205121 0.6623703 0.7586520 0.9079331 1.0771573 0.8634735 1.0061078 0.6879394 0.7031124 0.8703122 1.0029425 0.8949706 0.9751428 1.0098804 1.2672301 1.1386853 0.9058452 1.0550720 0.9936038 1.0050733 0.9350621 1.0348377 1.0667528 1.0190479 0.9873414 1.1813390 0.9429139 0.8996087 1.0640302 0.6910598 1.4732163 1.2179427 1.0647812 1.1159007 1.1649065 1.0945696 1.1875478 0.9958054 0.9880725 1.4088505 1.2202489 1.4741531 1.3148920 1.2430327 1.2745893 1.3373175 1.2709130 1.2195323 1.4528088 1.5411674 1.3050451 1.6240294 1.6080824 0.9989998 1.2089936 1.3492832 1.3046414 1.2413592 1.2158174 1.6855939 1.6474231 1.4090538 3.2601160 1.3358367 1.7782512 1.6296461 2.0521376 2.1240909 2.8955194 2.1542125 2.3290428 4.0240251 3.2132422 
Q5LWJ4_SILPO_12_259  0.5389513 0.4002341 0.3904884 0.4865518 0.0000000 0.3606767 0.6287454 0.6880838 0.5141536 0.8639648 0.7799339 0.8421858 0.7778761 0.7489886 0.6805228 0.6689260 0.7562649 0.5960286 0.7668897 0.8014879 0.7123621 0.7822714 0.7354481 0.6784740 0.6078217 0.6358941 0.8473880 0.9197867 1.0143922 0.8531884 0.6620989 0.7332129 0.5043209 0.6954309 0.6183506 0.6802669 0.8406835 0.5721156 0.7887854 0.7706642 0.6658873 0.7298563 1.0285720 0.9282229 0.7838585 0.7054031 0.6985516 0.9933480 0.8029279 0.8507104 0.9640441 0.6820943 0.8890301 1.1749481 0.8816358 0.9673028 0.7942432 0.8372649 0.8748685 0.9723264 0.9367899 0.8532133 0.9039092 0.9963081 1.0374203 1.0987634 0.8118437 0.9070864 0.8623021 0.8654489 0.9993891 1.0280167 0.9688709 1.0041076 0.8637753 1.0763842 0.9005178 0.7066619 0.8148887 1.1825932 1.2212537 1.0484637 0.8767494 1.0650889 1.1909600 1.1973682 1.1968843 0.8643641 0.8850175 0.8824083 0.8775480 1.4058482 1.2648751 1.1994758 1.1636513 1.0869184 0.9915319 1.1954493 1.0318770 1.0630228 1.2887785 1.4572879 1.4280418 1.2937750 1.0351286 1.1618620 1.6111794 1.2460394 1.1409660 1.2591103 1.3414902 1.2441364 1.4731147 1.1098869 1.1548597 1.3423372 1.5487683 1.3877516 1.2871719 1.2608266 1.3474836 1.2348138 1.2698171 2.9162062 1.2560422 1.9714799 1.8733427 2.2367670 1.9461352 2.1651262 2.2835383 1.8760656 3.2784880 2.5595065 
Q57FG2_BRUAB_30_277  0.4858883 0.4251051 0.4042840 0.5060653 0.3606767 0.0000000 0.5518675 0.6803915 0.6135216 0.7259468 0.7307691 0.8181243 0.7452707 0.8194194 0.6982429 0.6896575 0.7678197 0.6847523 0.6641849 0.8297452 0.8820533 0.8835900 0.7952851 0.6390966 0.6036066 0.7364975 0.8554766 1.1165808 1.1368679 0.8376644 0.8651952 0.8558993 0.6146367 0.7471632 0.7451010 0.7057760 0.8394256 0.7175476 0.8782371 0.8286975 0.7752924 0.8693029 1.1873961 1.0152121 0.9339959 0.8556939 0.8869584 1.2298983 0.9806273 1.0031717 1.0948001 1.0113051 1.0415756 1.0916407 0.6806739 0.9214884 0.9728285 0.8362261 0.8910965 0.9176328 0.9357101 0.9166751 0.9927304 0.9694312 1.0918204 1.1117458 1.0921522 1.0406789 0.9650241 0.8730161 1.1768470 1.1988200 1.0693011 1.0252552 0.9214327 1.4051094 1.0990040 0.9187480 1.0548515 1.1166117 1.2653749 0.9953597 1.0633840 0.9649634 1.1491456 1.1444972 1.3118451 1.0700323 1.0364550 1.0176524 0.9419471 1.2762594 1.1584786 1.3522069 1.3833430 1.3696693 1.1706312 1.4619514 1.1371136 1.1473050 1.5506038 1.3660715 1.5019203 1.3149341 1.2580866 1.3947931 1.9512234 1.2578924 1.3389110 1.4220608 1.3950020 1.3307672 1.5150103 1.6798270 1.1910339 1.6088677 1.7930671 1.3609507 1.3403166 1.2676598 1.6521293 1.3956446 1.4400982 2.6171078 1.3538751 2.4802669 2.0394731 2.4718109 2.0873899 2.4813147 2.4277510 2.3108104 3.5133246 2.7693081 
Q63LA4_BURPS_12_259  0.5466394 0.6757100 0.5816578 0.5848432 0.6287454 0.5518675 0.0000000 0.3658457 0.6188872 0.5482347 0.5598203 0.5809046 0.6822697 0.8618546 0.6899882 0.8612653 0.9207525 0.7790375 0.5740268 0.9436500 0.9367898 0.8534262 0.7978394 0.7763674 0.6178633 0.7775788 0.7945234 1.1700691 1.2282615 0.9610935 1.0480408 0.8768943 0.8249581 0.8399804 1.0288864 0.7779182 0.8834236 0.7241796 1.0195520 0.8270568 0.8708650 0.7709787 1.1716383 1.1163241 1.0945315 0.9263707 1.0217872 0.9227732 0.8838498 1.1269451 1.5564847 1.1500361 1.1952216 1.3830730 0.8613591 0.9979072 1.0703807 1.0200849 0.9650604 0.9574886 0.8926656 1.0572125 0.9079211 0.8792379 1.2109977 1.2384496 0.7693914 0.8787838 0.6227975 0.7901551 0.8775330 0.8805212 0.7643501 1.4676700 1.1254660 1.3264600 1.0856409 0.8723649 0.9687807 1.4916258 1.5150680 1.3232487 1.0147316 1.1135608 0.7542619 0.8895178 0.9825428 0.8861469 1.1281668 1.0340615 0.8984897 1.5446833 0.8762444 1.0335874 1.0894907 1.1019721 0.9455722 1.0954208 0.9387991 1.1453614 1.2056595 1.3777804 1.3550812 1.1297368 1.4783500 1.3999206 1.4770376 1.3892231 1.4927900 1.2631900 1.5934960 1.5343882 1.5472805 1.4643615 1.1241513 1.4276362 1.7576808 1.5964441 1.4158413 1.3573314 2.0971430 1.9125040 1.6225245 3.6074061 1.6186643 2.2833416 1.9596725 1.8746344 2.1170961 2.4200744 2.7615978 2.2604628 3.3990374 3.1492178 
Q6G112_BARQU_22_278  0.5798064 0.5977746 0.6853169 0.7711820 0.6880838 0.6803915 0.3658457 0.0000000 0.5962718 0.6323733 0.5535648 0.5827113 0.6677197 0.9424017 0.7378457 0.8228051 0.9442875 0.7589468 0.6618258 0.8540389 1.0239411 0.8718739 0.7516649 0.7496142 0.7258189 0.6587138 0.8186066 0.9974118 1.2612549 0.9144795 1.0722318 0.9519756 0.8997332 0.8787214 1.2397936 0.6921405 0.9752450 0.9179257 1.0526540 1.0323411 0.9149841 0.8124210 1.1224669 1.1316988 0.9507335 0.9408839 1.1532409 1.0458135 0.8479882 1.1633431 1.3474193 1.0700783 0.9798870 1.1909750 0.9661839 0.9908253 1.1567151 1.0381040 1.0473674 0.9425476 0.9611823 0.9778741 1.0046417 0.9126668 1.2762747 1.2439835 0.8507108 0.9186762 0.7178919 0.7599357 0.8782591 0.9850230 0.9478350 1.2008918 1.2963650 1.6670866 1.3872778 0.9503984 0.9393434 1.4288175 1.4093111 1.2943941 1.1485234 1.1678222 0.8987468 1.0592220 1.0338353 0.9271139 1.2415050 1.0369339 1.0152012 1.3965347 0.9202647 1.1546130 1.1288288 1.1615360 1.1397005 1.1834352 1.0053095 1.2874293 1.2470229 1.6293370 1.4777276 1.0287615 1.5138803 1.1560092 1.4101319 1.1148621 1.1640083 1.3479497 1.4249400 1.7009894 1.6333117 1.4294773 1.5490944 1.5443226 1.8719247 1.5471933 1.4745790 1.5266956 1.7992055 1.5597340 1.6791950 3.2832900 1.4225452 2.1644488 1.8252289 2.2467673 2.2885632 2.6353710 2.3791307 2.1009296 3.5661699 3.3134789 
Q62JA2_BURMA_15_263  0.5051481 0.4837609 0.5599992 0.6586719 0.5141536 0.6135216 0.6188872 0.5962718 0.0000000 0.5168520 0.5007345 0.4730148 0.5644075 0.5719812 0.6297221 0.7424875 0.7887076 0.4921293 0.7173040 0.8138469 0.9183708 0.8816163 0.7217101 0.7139860 0.6773299 0.6147192 0.7782893 1.0532506 1.0332672 0.5959289 0.8936129 0.7973137 0.7787154 0.5950072 0.9043551 0.7625154 0.9149322 0.7859842 0.8809041 0.8872890 0.8532183 0.7192341 1.1166040 1.0675424 0.8595002 0.8375583 0.9468439 0.9929425 0.8942557 1.0730518 1.2415772 0.9764208 0.9155501 1.0429854 0.8836952 1.0686477 1.0809651 1.0845880 0.8707296 0.8810400 0.8771608 0.7817845 1.0361308 0.8706935 1.3623225 1.0637339 0.9872528 1.0199120 0.8921413 0.9561823 0.9992347 1.0908458 1.0829579 1.0310650 1.2862009 1.3387819 1.1557262 0.8808580 0.7805449 1.2601975 1.2330037 1.1463791 1.0447528 0.9496822 1.0629670 1.1735319 1.0950437 0.9945269 1.0379716 0.9586622 0.9755312 1.1908001 0.9084296 1.1043597 1.2659199 1.2011287 1.0474007 1.1130375 1.0281580 1.2448595 1.4206622 1.5057852 1.5202825 1.3835362 1.2043245 1.3802663 1.5800183 1.5738967 1.5953432 1.7644334 1.5640190 1.7074102 1.7677094 1.6273019 1.2779858 1.5296881 1.6251884 1.3387397 1.2642068 1.3506538 2.0157865 1.7650401 1.3085961 3.2875171 1.6997762 1.9638458 1.8907455 2.0684517 1.9993291 2.2253418 2.8834857 2.1678879 3.1285962 3.4178993 
THID_SALTY_13_260    0.7133783 0.7342837 0.6361777 0.7344792 0.8639648 0.7259468 0.5482347 0.6323733 0.5168520 0.0000000 0.1567730 0.2154527 0.2965524 0.9964919 0.8819732 0.9784948 1.0135643 0.8709456 0.7342182 1.0707450 1.2792368 1.1894264 1.1106445 0.9334387 0.9999112 0.9441612 0.9492535 1.3614016 1.3697641 0.9500752 1.1234376 1.0171535 1.0720854 0.8437018 1.2381287 1.0121899 1.2533916 0.9999417 1.2135960 1.0098420 1.0238707 0.8931374 1.3980006 1.3912821 1.0282405 0.9754061 1.1308698 1.3113843 1.2757409 1.5113208 1.4163483 1.3449246 1.3719978 1.3706186 1.2662636 1.2406541 1.4620651 1.3287650 1.3379989 1.3435008 1.1342950 1.2302061 1.4318391 1.2688739 1.7444063 1.3601914 1.0372509 1.1171711 1.0541261 0.8573751 1.0186761 1.1423574 1.0467164 1.3218088 1.4946148 1.6066323 1.3221654 1.2415678 0.9646293 1.6308729 1.4803271 1.2280927 1.0908030 1.2699473 0.8533091 0.9576840 1.1835955 1.0856950 1.4775284 1.3313027 1.2717248 1.3769122 0.7097663 1.3179692 1.3582388 1.2977630 1.1769609 1.4810547 1.1959066 1.3173980 1.3901323 1.6542421 1.6781078 1.4693790 1.6406578 1.9171316 2.1365235 1.8588740 1.7943130 1.7399438 1.6565056 1.8371350 2.0385526 1.9800886 1.7615719 1.7678977 2.2133723 1.7611977 1.2992676 1.5114603 1.9908151 2.2506254 1.5102797 2.8038758 2.1034089 2.2435755 2.1744248 2.6875488 2.5057010 2.8796570 2.6399344 2.7254095 4.2165850 3.7186041 
Q6D2A0_ERWCT_13_261  0.7383593 0.7611784 0.6739411 0.8859618 0.7799339 0.7307691 0.5598203 0.5535648 0.5007345 0.1567730 0.0000000 0.1282188 0.1704386 0.9764698 0.8662296 0.9662173 1.0158612 0.7717830 0.7014219 1.0646510 1.1675083 1.2198195 1.1036736 0.9058798 1.0150129 0.9028674 0.9760277 1.4361613 1.3394081 0.9963170 1.1408980 0.9133119 0.9175121 0.7195452 1.2397364 0.9277407 1.1564735 1.0151136 1.2143301 1.0175878 0.9934994 0.8388159 1.1949482 1.1707330 0.9139844 1.0355590 1.1861963 1.3025394 1.1233639 1.4244110 1.2422032 1.2543929 1.1748507 1.3252693 1.2761771 1.2795248 1.3897638 1.4081421 1.1906618 1.2694435 1.0304932 1.0778311 1.3417306 1.3022124 1.5910189 1.4567149 1.0057452 1.1489310 1.0970664 0.9395760 1.1314974 1.1725923 1.1367301 1.3478558 1.1867472 1.5271668 1.4172611 1.2502849 0.9022270 1.5872626 1.3478871 1.1770753 1.0843101 1.3743898 0.8924027 1.0453914 1.0771386 1.1957627 1.4388501 1.2577542 1.2221085 1.3478417 0.7588656 1.4392176 1.3158678 1.3121058 1.2753530 1.4988274 1.2452834 1.4504663 1.5215161 1.7941397 1.7767648 1.3877314 1.6556630 1.5614989 1.7020161 1.4735213 1.5438981 1.8097410 1.6199386 1.6764061 1.9340192 1.7078731 1.7776067 1.6474509 2.0474718 1.7175184 1.3552768 1.6401567 1.9874746 1.8671854 1.4243514 3.0408275 1.8629488 2.0285031 2.0612047 3.0255470 2.7050584 2.6427127 2.7493361 2.5633829 4.0381330 3.8156619 
Q668B6_YERPS_13_260  0.6873152 0.7813415 0.7949321 0.7892363 0.8421858 0.8181243 0.5809046 0.5827113 0.4730148 0.2154527 0.1282188 0.0000000 0.2015041 1.0000624 0.9362036 1.0134337 1.0917584 0.8650953 0.7882475 1.0896009 1.3150935 1.2321215 1.1501149 0.8334992 1.0782025 0.9797482 1.0462287 1.4605103 1.3937749 0.9806080 1.3102040 0.9250364 1.0582699 0.7669175 1.1719555 0.9344712 1.2146093 1.0260609 1.1895667 1.1256429 0.9600717 0.9808359 1.3271633 1.4060697 1.0201459 1.0222300 1.2382930 1.2745010 1.2006419 1.4858804 1.3347219 1.3394580 1.0923409 1.2732042 1.2257638 1.2596141 1.3166617 1.4223592 1.0690492 1.0992619 1.0446147 1.0361973 1.2373844 1.2697197 1.4694920 1.3505065 0.9582793 1.2827191 1.0405713 1.0399140 1.2242085 1.3906305 1.3522206 1.3671095 1.4525481 1.6660821 1.5023724 1.2605178 0.9627526 1.5071962 1.3508244 1.1402841 1.1688654 1.3473775 0.9012297 1.1449921 1.0744778 1.2171613 1.4348898 1.4630107 1.4062322 1.5257454 0.8358644 1.4254699 1.3463167 1.4368629 1.2514845 1.5003579 1.2987920 1.3938681 1.5623532 1.9879724 1.8010154 1.4684382 1.6835866 1.7653611 1.9199266 1.7572904 1.6763093 1.8896678 1.6569025 1.9501128 2.1634079 2.1220720 1.8577952 1.5742822 2.0082707 1.7314402 1.2714790 1.6897464 2.0348517 2.0664928 1.6305883 3.0917095 1.7857797 2.2475605 2.1075555 2.8695399 2.8469434 2.9928391 2.5734351 2.5710474 4.1053074 4.1432906 
Q7N3D5_PHOLL_12_259  0.8853903 0.8929311 0.8075266 0.8849788 0.7778761 0.7452707 0.6822697 0.6677197 0.5644075 0.2965524 0.1704386 0.2015041 0.0000000 1.1682046 1.1052626 1.0305039 1.1708944 0.9205072 0.8397365 1.2171254 1.4036040 1.3378002 1.2827000 0.8706276 1.0745943 1.0089222 1.1677033 1.5209524 1.5293417 1.0954220 1.1885499 1.0746830 1.0637954 0.8413871 1.2124655 1.0707917 1.2457663 1.0890018 1.2058171 1.1476003 1.0009362 1.0010800 1.3460703 1.1764588 0.9708738 1.0386331 1.1839461 1.3612210 1.3364687 1.3985348 1.3437980 1.4173165 1.1651674 1.3414193 1.4974364 1.4559229 1.4887189 1.5929989 1.2158739 1.2870935 1.2109157 1.3229049 1.4024315 1.4116974 1.7402680 1.6543817 1.1497826 1.3177802 1.0966759 1.0636110 1.3896346 1.5794140 1.5054787 1.4314481 1.3718636 1.6476064 1.5032642 1.3451299 1.0574797 1.5467254 1.3709857 1.3042421 1.1166850 1.3853601 0.9604936 1.0800478 1.2087539 1.1316007 1.4806476 1.4490703 1.3338551 1.5144201 0.8108356 1.5681846 1.3448965 1.3504224 1.1868575 1.4397174 1.2170296 1.4614001 1.5299782 2.0436983 1.7423593 1.5311414 1.8284552 1.6453389 2.0777525 1.8512719 1.8003863 1.8925976 1.9975135 1.8789147 2.0839808 1.9604710 1.9512516 1.7926459 2.4071611 1.9240726 1.4210659 1.8319003 1.8411566 1.9339870 1.6810709 2.8471343 1.8638931 2.3750020 2.4429592 3.3494462 2.5943889 3.0769390 2.4716143 3.0932093 4.5860754 3.9827890 
Q7MFQ3_VIBVY_21_269  0.4135719 0.5100717 0.6154777 0.6239147 0.7489886 0.8194194 0.8618546 0.9424017 0.5719812 0.9964919 0.9764698 1.0000624 1.1682046 0.0000000 0.3083380 0.3052275 0.2755512 0.2955695 0.9675979 0.6997334 0.6707061 0.9274780 0.7363004 0.7625278 0.7810857 0.6535872 0.8116311 1.0413433 0.8113750 0.6168116 0.8853871 1.1586618 0.9178222 0.6409285 1.0281082 0.9242905 1.0477531 0.8222073 0.9630929 0.8146932 0.9526463 0.8092497 1.1926954 1.0514247 0.8353714 0.8464941 0.9021232 1.2492404 0.8091471 1.2204804 1.1223397 1.0903596 1.0813303 1.1593577 0.8198874 0.8795712 0.9936455 1.0601024 0.9460297 0.9344876 0.9637491 0.7721583 0.9112468 1.1352232 1.1768720 0.9981254 0.9315719 1.2087333 0.8894733 0.9294218 0.9494119 1.1020848 0.9641812 1.1719671 1.0932886 1.1509626 1.1320854 0.9826802 0.9817133 1.2197868 1.2366386 1.1102026 0.9267212 0.8607388 0.8419997 0.9903390 1.1342117 1.0606677 0.8426788 0.8409699 0.9998527 1.3788997 1.3218719 1.4956527 1.4719354 1.5019168 1.4072369 1.4602550 1.3817431 1.3786001 1.6608022 1.4622105 1.6787274 1.4822891 0.9499564 1.4235074 1.5705558 1.4077317 1.3434088 1.3235433 1.3362165 1.2568240 1.4643436 1.5292023 1.1331335 1.0835624 1.1963953 1.1379524 1.1226908 1.1513907 2.2773765 1.7398219 1.2330221 2.7319142 1.6137790 2.1257589 2.1415181 1.8698700 1.7525472 2.4182521 2.2390782 2.4639922 3.1427753 2.9211206 
Q6LJG9_PHOPR_17_265  0.4012501 0.4140390 0.4595114 0.5658269 0.6805228 0.6982429 0.6899882 0.7378457 0.6297221 0.8819732 0.8662296 0.9362036 1.1052626 0.3083380 0.0000000 0.2128724 0.2847389 0.3010857 0.7541168 0.7162001 0.6295867 0.8958254 0.7280051 0.7250451 0.7730322 0.6587903 0.6901173 1.0295835 0.9277514 0.5923807 0.8459022 0.8631621 1.0086646 0.6933396 0.8537192 0.7705965 0.9948764 0.8071767 0.8725689 0.7438641 0.7891628 0.7244080 1.2143282 1.1907220 0.7836343 0.8568600 0.9006922 1.1477833 0.8508748 1.1118175 1.2005307 1.0471318 1.0519811 1.0377531 0.7816296 0.9753795 0.8440930 0.9620452 0.9333039 1.0023641 1.0099705 0.7337000 0.8960020 0.9304058 1.0960677 0.9387952 0.8177955 1.0966549 0.9025661 0.8680951 0.9050790 0.9892129 0.9365617 1.0941995 0.9940616 1.0940378 1.0744986 0.9676446 1.0116125 1.1160323 1.2383997 1.0572395 0.8347575 0.9083626 0.8886736 1.0887280 1.0555252 0.9029083 0.7220194 0.9067768 0.8663401 1.3851255 1.3324886 1.2924428 1.3352024 1.4119976 1.2192459 1.3954091 1.2829017 1.1945932 1.5308868 1.2873821 1.7440541 1.3529235 1.1376477 1.4295434 1.4792511 1.0876878 1.1687455 1.4371897 1.5265014 1.2247473 1.2013806 1.5902201 1.2262940 1.0479496 1.1284092 1.0366774 1.1448189 1.1388563 2.1901292 1.8020670 1.2838783 2.7571704 1.4098213 1.9372283 1.8321583 2.1373718 1.8617943 2.3941872 2.4104409 2.9598324 3.1196025 2.8159180 
Q5E0R0_VIBF1_31_279  0.4115858 0.5147680 0.5517632 0.5684262 0.6689260 0.6896575 0.8612653 0.8228051 0.7424875 0.9784948 0.9662173 1.0134337 1.0305039 0.3052275 0.2128724 0.0000000 0.2476928 0.2762882 0.8028566 0.8292828 0.7468850 0.9015062 0.7763918 0.6787033 0.8206704 0.6759480 0.7964097 1.1943176 0.8943761 0.5639385 0.8830493 1.0268490 0.9812248 0.6753092 0.8861599 0.7731169 1.0753519 0.8623704 0.9292213 0.9375395 0.9328480 0.7773660 1.2497294 1.0380669 0.8188849 0.8967686 0.9235380 1.2651530 0.9016294 1.1622400 1.1389843 1.0979996 0.9207706 1.0206731 0.8924181 0.9094500 0.8083138 0.9354138 1.0018561 1.0124551 1.0362959 0.8091329 0.9451069 1.0820519 1.0738178 1.0299193 1.0151322 1.2286619 0.9381699 0.8476803 1.0377252 1.0946875 1.0577081 1.1558219 1.0673054 1.0971766 0.9883928 0.9209493 1.1175601 1.1578911 1.2665644 0.9777412 0.9949661 0.9453718 0.8959660 0.9122940 1.0533174 1.0044199 0.8277499 0.9728148 0.9911272 1.4949947 1.4489647 1.4479591 1.3447027 1.3757131 1.3545695 1.3620650 1.2748100 1.3551189 1.5619191 1.3452530 1.6843223 1.3789040 1.2982200 1.3669859 1.5958635 1.1634947 1.2554566 1.5979956 1.7079692 1.2006521 1.3790369 1.8347107 1.2894904 1.2116037 1.3556100 1.1151213 1.2887848 1.2103376 2.1559214 1.7151520 1.3268540 2.4773514 1.5157915 2.0398896 2.0896252 2.1489702 2.1536154 2.8274293 2.1259438 2.7991993 3.6926204 2.9710513 
Q87JW2_VIBPA_27_275  0.5124394 0.6493131 0.6510936 0.6620080 0.7562649 0.7678197 0.9207525 0.9442875 0.7887076 1.0135643 1.0158612 1.0917584 1.1708944 0.2755512 0.2847389 0.2476928 0.0000000 0.3824491 0.7604234 0.8231649 0.8205810 0.9222969 0.7849689 0.6971492 0.8107335 0.7170326 0.8348343 1.0669312 0.9571709 0.6943537 1.0395000 1.1691046 1.0429540 0.7785508 1.0246603 0.8837607 1.1804338 0.8929933 0.9830504 0.8898656 1.0151659 0.8360403 1.2412887 1.0838330 0.9204013 0.8427902 0.9143799 1.3616345 0.8165998 1.1173546 1.1317751 1.1844423 1.0474425 1.1415955 0.9163326 0.9269762 0.9620516 0.9489507 1.0200170 1.0179719 1.0234187 0.8437764 0.9668849 1.2464392 1.1868465 1.0098137 0.9782335 1.2354214 1.0189830 0.8908399 0.9538987 1.0544920 1.0229943 1.2958509 1.1145718 1.1199856 1.0146546 1.0862596 1.1960296 1.2531185 1.3467800 1.0256639 1.1197681 0.9819271 0.9358969 1.0988896 1.1802428 1.1460940 0.8856707 1.0417638 1.1380622 1.5285247 1.3499572 1.4995375 1.5271318 1.5613055 1.5360688 1.5520721 1.3985201 1.4714179 1.6905046 1.4701128 1.6640189 1.3576118 1.2852814 1.5431123 1.5957101 1.3275098 1.3162446 1.6486352 1.5475289 1.2915611 1.3577299 1.8954092 1.2794691 1.1883745 1.3180134 1.1682575 1.2988879 1.1368963 2.3904788 1.7488894 1.1794226 2.7252836 1.6766882 2.2877570 2.0932717 2.1351855 2.0152380 2.9071066 2.4630136 3.1170734 3.6360408 3.2076644 
Q9KSG0_VIBCH_19_267  0.4339660 0.5021959 0.5318087 0.5885410 0.5960286 0.6847523 0.7790375 0.7589468 0.4921293 0.8709456 0.7717830 0.8650953 0.9205072 0.2955695 0.3010857 0.2762882 0.3824491 0.0000000 0.7480472 0.6360196 0.6594311 0.8614438 0.7362719 0.6645807 0.5872701 0.6645232 0.7079890 1.0367662 0.7989946 0.5596437 0.6726614 0.9464641 0.8600830 0.6497711 0.7728794 0.7317534 1.0336738 0.8551612 0.9013924 0.8833885 0.8946047 0.7176561 1.2420817 1.1243291 0.9231150 0.8826789 1.0124784 1.1413855 0.8580386 1.1015695 1.1057518 1.1165227 0.9838371 1.0393729 0.8432601 1.0286337 0.8792543 1.0106853 0.9516019 1.0747604 1.0472726 0.7244096 0.9606598 1.0476873 1.1310253 0.9643972 0.9022577 1.1844081 0.9082940 0.7743563 0.9215207 1.0876906 1.0542220 0.9842815 1.0398992 1.1546746 0.9887666 0.9524090 0.7976704 1.3050644 1.2530543 1.0737575 0.8560007 0.8241740 0.9141340 0.9721948 1.0651671 0.9832680 0.7469920 0.8277272 0.8827938 1.2165731 1.2880323 1.4257960 1.3729410 1.4728978 1.4237574 1.2504260 1.3126909 1.2778580 1.7142652 1.4902862 1.7157813 1.2391227 0.9836234 1.3441326 1.6204048 1.1247168 1.2955671 1.3032154 1.2302835 1.0504217 1.4740141 1.5895712 0.9709316 1.3152591 1.4319678 1.1630984 1.0096753 1.0686617 2.1459123 1.8277922 1.2883893 2.8653202 1.5548944 1.7432027 1.8982506 1.9037288 1.8621794 2.2626819 2.2626629 2.0555522 3.0618666 2.8078790 
Q7VTE4_BORPE_26_277  0.7340565 0.8648819 0.7486516 1.0116885 0.7668897 0.6641849 0.5740268 0.6618258 0.7173040 0.7342182 0.7014219 0.7882475 0.8397365 0.9675979 0.7541168 0.8028566 0.7604234 0.7480472 0.0000000 1.0544005 1.1552581 1.0275518 0.9554617 1.0937948 0.8438474 0.8928114 0.9420516 1.5581720 1.2982957 0.8358356 1.0151203 1.0872569 1.0821256 0.9547231 1.1956164 1.1756862 1.2769967 1.1205399 1.2342790 1.1353711 1.1747610 0.9755080 1.4704172 1.2293692 1.1933204 1.0010216 1.0710123 1.3885201 1.2011103 1.1567688 1.2345389 1.0965360 1.2510492 1.2151578 0.9573499 1.0796142 1.3257506 1.3259898 1.1113285 1.3103556 1.1731798 1.1580984 1.4310270 1.2765788 1.3302960 1.3120105 1.0374755 1.1977049 1.0274616 0.8965941 1.2174256 1.1923574 1.2096505 1.3671415 1.2293477 1.4330209 1.2187621 1.0718508 1.2067172 1.6367012 1.7526326 1.0671592 1.1790811 1.3249876 1.0433151 1.1674225 1.2372691 1.0856089 1.3672054 1.1888088 1.4317966 1.4742580 1.0516837 1.4820086 1.2560226 1.5109618 1.2856981 1.4787688 1.3415802 1.3882563 1.6788971 1.8272491 1.6226766 1.3596382 1.5071955 1.6241401 1.9656290 1.4394112 1.4432615 1.8529119 1.5938691 1.6394428 1.6364111 1.6926793 1.6364719 1.7117245 2.1181772 1.7827796 1.5470850 1.4345768 2.0695789 1.7497243 1.6140988 3.0875077 1.8039250 2.5526650 2.1384376 2.6473802 2.6128250 2.1379101 2.5660813 2.3501223 3.3590085 3.4617880 
Q64U23_BACFR_14_260  0.6447299 0.7919909 0.6748054 0.8303779 0.8014879 0.8297452 0.9436500 0.8540389 0.8138469 1.0707450 1.0646510 1.0896009 1.2171254 0.6997334 0.7162001 0.8292828 0.8231649 0.6360196 1.0544005 0.0000000 0.3484007 0.9406825 0.8766361 0.9325045 0.8758786 0.8291125 0.7483181 1.1400727 1.2725013 0.8733525 0.8706588 1.0349795 1.2162825 0.9582178 0.8041194 0.8480794 1.0843151 1.0102654 1.0521847 1.0155753 0.9952423 1.0149227 1.1279175 1.1286511 1.1677487 0.9873128 1.0982520 1.3529563 1.1984056 1.2394096 1.4483234 1.2886202 1.4285821 1.2901526 1.1222478 1.2756974 1.1016925 1.3114353 1.1607141 1.1504792 1.0839626 1.0147422 0.9630949 0.9848268 1.1446304 1.2587888 0.8915278 1.1450394 0.9628232 1.0536220 1.2200900 1.4165985 1.3053167 1.3750412 1.1202133 1.1887098 1.0860031 0.8911338 0.7271046 1.2802624 1.2570209 1.0647896 0.8895607 0.8177029 1.2439359 1.3887762 1.3431684 1.1645403 1.0339569 0.7337348 0.9838052 1.4960528 1.3329908 1.5407329 1.5259703 1.4704865 1.4037653 1.7397281 1.3382631 1.4098819 1.5226612 1.9465616 1.7278183 1.6005304 1.1770103 1.8211482 2.0641139 1.4676620 1.4852214 1.4559002 1.1524335 1.2357625 1.5587217 1.7591543 1.0728224 1.2620358 1.4409525 1.0794074 1.1426771 1.4352545 2.2421732 1.9402496 1.1078240 2.5953549 1.5971619 2.4706602 2.1311480 2.0612911 1.8265690 1.9869592 2.0066074 2.2269061 2.8034834 2.4850064 
Q8A9M5_BACTN_14_261  0.7267507 0.8457241 0.7002868 0.8678879 0.7123621 0.8820533 0.9367898 1.0239411 0.9183708 1.2792368 1.1675083 1.3150935 1.4036040 0.6707061 0.6295867 0.7468850 0.8205810 0.6594311 1.1552581 0.3484007 0.0000000 0.9540779 0.6445615 0.8697027 0.7756274 0.8287734 0.5480367 1.1368251 1.1517342 0.8874376 0.8555548 1.0928166 1.2634191 0.9267484 0.8877551 0.8927593 0.9941024 0.8595943 1.0417275 0.9007311 1.0434611 1.0425697 1.1118623 1.0288513 1.0463806 1.0747655 1.2036488 1.4184346 0.8674065 1.4325638 1.4273218 1.3326886 1.3578067 1.2768162 1.0390169 1.3202446 1.0525754 1.1308598 1.0855453 0.9701207 0.9721446 1.1092791 0.9408894 1.0481793 1.2330534 1.1216865 0.7410610 1.1093147 1.0187660 1.2108733 1.3232269 1.2988997 1.1369897 1.3618595 1.1393205 1.0973692 1.1190443 1.0381671 1.0372473 1.2176693 1.3266452 1.0236509 0.7608925 0.6693388 1.4080844 1.4610891 1.4942301 1.2481461 0.9639277 0.7540825 0.9265309 1.3701896 1.4098797 1.6284960 1.6838520 1.2754533 1.3067115 1.4243753 1.1826396 1.4253655 1.3962365 1.7130685 1.7737310 1.5655575 1.1906722 1.8475151 2.1449740 1.3690613 1.4394043 1.2987533 1.2374208 1.3476672 1.5247829 1.9702705 1.0167354 1.1519119 1.2983538 0.9936575 1.1395641 1.3201372 1.8815997 1.8275208 1.2050166 2.9622103 1.6391645 2.3497248 2.3018432 1.8456516 1.7729542 1.7090757 2.6223192 2.4056159 3.2782509 2.6264054 
Q564C3_BIFAN_266_510 0.7884415 0.7446472 0.6838971 0.7688266 0.7822714 0.8835900 0.8534262 0.8718739 0.8816163 1.1894264 1.2198195 1.2321215 1.3378002 0.9274780 0.8958254 0.9015062 0.9222969 0.8614438 1.0275518 0.9406825 0.9540779 0.0000000 0.4770150 0.7493731 0.8058876 0.8586703 0.7375011 0.9106613 1.0287252 0.9962525 1.0329963 1.0729364 0.9403025 1.0391497 1.2386252 0.8882593 1.0903367 1.0753809 1.0143274 0.9269997 0.8935321 0.8037978 1.1612082 1.0611014 1.1084749 1.0718897 1.1507456 1.2834494 1.0134818 1.3293567 1.2811091 0.9670747 1.2455142 1.1579379 1.0524186 1.0929086 1.0523619 1.2211793 0.8658619 1.1252833 1.0502406 1.2141148 1.0233653 1.0587016 1.2608715 1.2070692 1.1071120 1.0224206 0.8468789 0.8909544 0.9358176 1.1065736 0.9070125 1.3410808 1.3588083 1.5529807 1.4837474 0.9501046 1.0999694 1.2145958 1.1387440 1.1763665 1.2235874 1.1853401 1.2764697 1.3994081 1.1810509 1.0213596 1.1105095 1.1382636 0.9798476 1.8160223 1.5633726 1.4961637 1.4782127 1.5918356 1.4622441 1.4294423 1.2264734 1.7569662 1.4441463 1.9043054 1.7722938 1.5998694 1.4500433 1.5212611 1.7327114 1.4167823 1.4593299 1.7786830 1.7207754 1.7277876 1.5581169 1.6745160 1.4336570 1.2476666 1.5416278 1.2316785 1.3870291 1.5655999 2.0475383 1.6795599 1.5707146 2.9989713 1.3812008 1.8420072 2.2163528 2.2197926 1.9497520 2.4666932 2.0860965 2.4001010 4.1349845 3.5706842 
Q8G7X2_BIFLO_83_327  0.6511558 0.7456984 0.5886080 0.7016086 0.7354481 0.7952851 0.7978394 0.7516649 0.7217101 1.1106445 1.1036736 1.1501149 1.2827000 0.7363004 0.7280051 0.7763918 0.7849689 0.7362719 0.9554617 0.8766361 0.6445615 0.4770150 0.0000000 0.5476366 0.7353010 0.5922190 0.5084285 1.0355184 0.9543810 0.6597714 0.9153396 0.9656401 0.8687777 0.8258055 1.1190571 0.8056554 0.9099018 0.8902005 0.8619453 0.7763783 0.8569999 0.8071143 0.9429294 1.0087023 0.9073118 0.8819046 0.9809447 1.1168807 0.9128036 1.2468159 1.2852748 0.9986098 1.1202877 1.2545151 0.8632417 0.8632412 0.8518800 1.0294525 0.7901534 0.8729758 0.8440606 0.8552253 0.7851056 0.7213795 1.0272452 1.0932394 0.8445757 1.0298931 0.8285933 0.8003699 0.9840017 0.9534970 0.9303899 1.2001429 1.1699282 1.1668415 1.2310008 0.9111135 1.1404760 0.9831061 1.1432276 1.0634338 1.0701381 1.0501871 0.9513711 1.1145276 1.1342075 0.8255016 1.0373555 0.8024517 0.9130733 1.3120638 1.4214168 1.2962146 1.3694178 1.3032478 1.2365062 1.3053153 1.0445693 1.2365603 1.3102074 1.4089719 1.4162984 1.2421747 1.2833660 1.3405778 1.7148971 1.2713072 1.1467990 1.5738340 1.4167649 1.2960433 1.2818391 1.5893563 1.1349284 1.2228456 1.4342150 1.2756465 1.0533554 1.4241002 1.8761241 1.6351805 1.3962585 2.8898650 1.1999289 1.9348174 2.0958834 2.4441088 2.1906752 2.1825073 2.5077391 2.0661872 3.4130125 3.1319235 
Q6APS9_DESPS_14_261  0.5785507 0.6287766 0.6450576 0.6231047 0.6784740 0.6390966 0.7763674 0.7496142 0.7139860 0.9334387 0.9058798 0.8334992 0.8706276 0.7625278 0.7250451 0.6787033 0.6971492 0.6645807 1.0937948 0.9325045 0.8697027 0.7493731 0.5476366 0.0000000 0.9035031 0.6396489 0.8450689 0.9737368 0.9836480 0.7758204 1.0458228 0.9162363 0.7518057 0.7084295 0.7693797 0.6037872 0.8491244 0.8030120 0.7093106 0.9426080 0.6949589 0.9293573 1.1090545 1.0615001 0.7660279 0.7674990 0.8266455 1.1638864 0.9232709 0.9762189 1.3651021 1.2157740 0.9640089 1.5172111 0.8940925 0.9298427 0.7588146 0.8814912 0.9020900 0.9087229 0.9608290 0.8770242 0.7314897 0.8583498 1.1157937 1.2243237 0.9722299 1.0728185 0.9952014 1.0369292 1.2475353 1.2336198 1.1000914 1.1448910 0.9497195 1.3094483 1.1967050 1.0393141 0.9347523 1.3764978 1.2158904 1.1335241 0.7242445 0.8836583 0.8984136 0.9005953 1.2098988 0.8198378 0.8167781 0.9219574 1.1375076 1.5468169 1.4279645 1.3377253 1.3525149 1.2770032 1.1767532 1.2182559 1.1665888 1.2917285 1.4473672 1.6548019 1.5940624 1.3863739 1.4512839 1.5441176 1.8762642 1.2572922 1.3761555 1.5588227 1.3084285 1.4162059 1.3295435 1.5502292 1.3236147 1.2998099 1.5215526 1.2585950 1.1053036 1.2057568 1.4357499 1.5275056 1.3004648 2.3916556 1.2087277 1.8775905 2.0190578 2.2840776 2.1366509 2.6610923 2.7037544 2.3582982 3.4730516 3.5113840 
Q8XKQ6_CLOPE_14_258  0.6075308 0.6537137 0.5839704 0.5546186 0.6078217 0.6036066 0.6178633 0.7258189 0.6773299 0.9999112 1.0150129 1.0782025 1.0745943 0.7810857 0.7730322 0.8206704 0.8107335 0.5872701 0.8438474 0.8758786 0.7756274 0.8058876 0.7353010 0.9035031 0.0000000 0.6590899 0.6010412 0.9886014 0.9421408 1.0026282 0.7668924 1.1842701 0.8535279 0.8045411 1.1389344 0.8289356 0.7297509 0.8435473 0.8755238 0.7975948 0.8346238 0.6677138 1.1519795 1.0041416 0.8856055 0.7764041 0.7898006 0.8844340 0.7124000 1.0597293 1.2261298 1.0261790 1.0509865 1.1417301 0.8242118 0.8351367 1.2060805 0.9845136 0.8840368 0.8226731 0.7691136 1.1061145 0.8955711 0.9497425 1.2084134 0.9827232 0.8948028 1.0437884 0.7949310 0.8956984 0.9113175 0.9214111 0.8776495 1.0371395 1.2092640 1.3310246 1.2376315 0.8636677 0.9808517 1.2671195 1.2097152 1.2101849 1.0552694 0.9022588 1.3366807 1.3615186 1.4321759 1.1231276 1.1230871 0.8878267 0.6798985 1.0516316 1.1548370 1.0860656 1.0141730 1.0483403 1.0550344 0.9569027 0.9330633 1.0999025 1.3535957 1.3675712 1.2790727 1.0723436 1.2694326 1.0635628 1.2840308 1.3499507 1.6182209 1.3981574 1.4466559 1.7156860 2.1009394 1.7529031 1.0788139 1.3331802 1.4617204 1.4001759 1.3115154 1.1976285 1.7722869 1.4509722 1.6532231 3.5579454 1.4474884 1.7753181 1.8383030 1.4815607 1.9503842 2.2281454 2.7229233 2.3221595 3.8632365 2.7962567 
Q8R804_THETN_11_254  0.5059692 0.4209383 0.5665432 0.6638564 0.6358941 0.7364975 0.7775788 0.6587138 0.6147192 0.9441612 0.9028674 0.9797482 1.0089222 0.6535872 0.6587903 0.6759480 0.7170326 0.6645232 0.8928114 0.8291125 0.8287734 0.8586703 0.5922190 0.6396489 0.6590899 0.0000000 0.7064515 0.7486845 1.0333610 0.7603100 0.9346447 0.8139584 0.6500058 0.4730904 0.9612411 0.8866926 0.6540584 0.6219663 0.7052296 0.5496527 0.6071433 0.6705531 0.8661787 0.7903725 0.6968910 0.6952756 0.6426668 0.7901177 0.6497636 0.9575175 1.2365811 0.9323461 0.8968068 1.0025028 0.8698771 0.9182468 0.9055220 1.0469608 0.8963906 0.8947160 0.8429014 0.9051171 0.8083495 0.7169916 0.8781162 0.9837738 0.8011188 0.6962811 0.7728136 0.7649310 0.7849930 0.8163281 0.8344581 0.9442970 0.9336695 1.1367611 1.1597544 0.8478038 0.9477287 0.8616616 0.9241854 1.0964200 1.1929605 1.2920166 1.1071133 1.1761894 1.4476675 1.1050136 1.2205516 0.8136075 0.7254828 1.1903219 1.0564316 0.9434621 0.7175599 0.8778384 0.9257683 1.0015324 0.8348967 1.0021904 1.1821794 0.9041547 1.3223001 0.8929564 1.1130362 1.2334921 1.4261228 1.3872372 1.5767911 1.4221947 1.4491994 1.4641115 1.7068718 1.6555321 1.2046524 1.4264030 1.5169887 1.3444880 1.3137795 1.1704425 1.5545405 1.5122770 1.2675835 2.6309328 1.1541599 1.9208949 1.3759969 2.1863702 1.6883719 2.4167765 2.3531124 2.4684701 3.5528560 3.3080222 
Q97EL5_CLOAB_14_257  0.6536271 0.8108226 0.6875395 0.7710661 0.8473880 0.8554766 0.7945234 0.8186066 0.7782893 0.9492535 0.9760277 1.0462287 1.1677033 0.8116311 0.6901173 0.7964097 0.8348343 0.7079890 0.9420516 0.7483181 0.5480367 0.7375011 0.5084285 0.8450689 0.6010412 0.7064515 0.0000000 0.9705127 0.7748105 0.7817439 0.8334073 1.0788508 0.9735597 0.8110850 0.9523235 0.8473681 0.9521247 0.8867175 1.0085870 0.8066465 0.9182088 0.7000746 1.0461470 1.1311079 0.9860578 0.9824844 1.1648738 1.2025599 0.7184509 1.4179388 1.2623624 1.1199860 1.1479072 1.2295554 0.8204062 0.7930334 1.1698406 1.1670132 0.8209993 1.0811935 0.8673912 1.0770544 0.9373661 0.7473675 1.0377501 1.0636109 0.8657875 0.9763311 0.8382698 0.8224339 1.1805826 1.0511426 1.0288386 1.4487412 1.2537982 1.2109822 1.1506101 1.0121131 0.8507138 1.5177978 1.4742116 1.3238421 0.8157826 0.7474880 1.0818892 1.1077985 1.1855332 0.9798128 0.8321076 0.8487555 0.8994491 1.2541530 1.4809542 1.3251177 1.2065760 1.2020002 1.1480421 1.1088843 1.0674358 1.2203363 1.3390908 1.5519664 1.5486088 1.1963550 1.2875047 1.7215523 1.9217838 1.2594078 1.5440669 1.5075812 1.5981143 1.5365348 1.6837237 1.8155120 1.1578542 0.8795065 1.0233964 0.7887549 0.9226397 1.0039121 2.2417951 1.7620110 1.5117414 3.0542328 1.3404468 2.2982837 1.8489199 1.7292603 2.3166668 2.3909208 2.6884663 2.8710424 3.8779109 2.6971967 
Q5HU22_CAMJR_18_261  0.9949765 0.8676935 1.0104993 0.9264891 0.9197867 1.1165808 1.1700691 0.9974118 1.0532506 1.3614016 1.4361613 1.4605103 1.5209524 1.0413433 1.0295835 1.1943176 1.0669312 1.0367662 1.5581720 1.1400727 1.1368251 0.9106613 1.0355184 0.9737368 0.9886014 0.7486845 0.9705127 0.0000000 0.9091470 1.2111306 1.3391719 1.2497151 1.0921102 0.9362206 1.2740022 1.2104277 1.1045381 1.2061780 1.1439892 1.0949809 0.9571810 0.9792967 1.2423529 1.2020475 1.1021688 1.0726420 1.0636198 1.2717317 0.9570818 1.2703882 1.6865786 1.3005379 1.2898078 1.4927325 1.3938040 1.4570206 1.4604288 1.5073769 1.0267761 1.2589954 1.2308607 1.3639569 0.8982660 1.2508121 1.2697178 1.5451272 1.0343069 0.9200847 0.8666725 0.8897120 0.8861851 0.9820851 0.9123636 1.2735371 1.4556638 1.9570087 1.8388189 1.2440669 1.1684597 1.4675433 1.2357147 1.5518338 1.4223962 1.4739272 1.5785251 1.5404488 1.7006451 1.5212951 1.4035083 1.4550123 0.9146999 1.3400853 1.6053402 1.4126373 1.3730103 1.4632587 1.4329789 1.3768400 1.3094270 1.4127248 1.5934255 1.5570098 1.8489026 1.5517330 1.4942081 1.6458673 1.4960008 2.0883014 2.0482918 1.8241006 1.7925915 2.3041226 2.4999401 2.2771648 1.9383919 1.2413349 1.2583369 1.4545798 1.7408609 1.4632278 2.0569635 1.7686312 1.4937232 3.4533580 1.2947932 2.1144836 1.8540449 2.5520438 2.2433400 3.0395127 2.9905637 2.9771521 4.6747500 2.8353557 
Q6C731_YARLI_16_281  0.9505049 0.9273035 0.7940132 0.9499801 1.0143922 1.1368679 1.2282615 1.2612549 1.0332672 1.3697641 1.3394081 1.3937749 1.5293417 0.8113750 0.9277514 0.8943761 0.9571709 0.7989946 1.2982957 1.2725013 1.1517342 1.0287252 0.9543810 0.9836480 0.9421408 1.0333610 0.7748105 0.9091470 0.0000000 0.8088957 0.8427179 1.4916533 0.9698793 0.8572345 1.2088341 0.9078648 1.0718836 0.9206184 1.0917839 1.0284972 1.0318250 0.9091477 1.3764092 1.3018354 1.3160763 1.1581835 1.4436929 1.4508687 1.0639092 2.0726913 1.7347055 1.4205192 1.1577151 1.2721633 1.2080458 1.0971252 1.0916606 1.2892320 0.9757048 1.1777181 1.1888641 1.1714933 0.9985277 1.1026562 1.2546688 1.4575577 1.1403818 1.2844442 1.0912300 1.0158068 1.2630213 1.2855801 1.1616788 1.4403816 1.3897183 1.3103940 1.3717959 1.1148696 0.9582064 1.5772883 1.4681788 1.3047359 1.0514378 1.1223036 1.2292906 1.1510190 1.2787025 1.1098812 1.0320566 1.0986232 1.1113348 1.5491317 1.4091985 1.4463841 1.2912987 1.3015211 1.2445531 1.2453985 1.3030660 1.3602544 1.6777582 1.5837573 1.5356308 1.4535790 1.5540691 1.7601085 1.8772202 1.5508359 1.6252072 1.5485214 1.7556408 1.7334677 1.8787343 1.8062479 1.4854378 0.7427072 0.7947894 0.7611963 0.9639916 0.8222955 2.0521516 1.8789410 1.7696226 2.8278848 1.2357724 2.0524800 1.7818314 2.1485174 1.9241050 2.9803981 2.9363430 2.8082790 4.0811088 2.7079360 
