7
NDUB3_MOUSE_47_103 0.0000000 0.3129487 0.8890267 0.8336726 1.6458318 1.3324952 2.2009228 
NDUB3_HUMAN_40_96  0.3129487 0.0000000 0.7551296 0.6202807 1.8915107 1.6150678 2.2796971 
Q6P119_BRARE_39_94 0.8890267 0.7551296 0.0000000 0.5321673 1.7416176 1.5277669 2.8666577 
Q6GQ45_XENLA_28_84 0.8336726 0.6202807 0.5321673 0.0000000 1.7006061 1.5753795 3.2798609 
Q9W2E8_DROME_37_95 1.6458318 1.8915107 1.7416176 1.7006061 0.0000000 0.4852234 3.3683369 
Q7PV97_ANOGA_39_95 1.3324952 1.6150678 1.5277669 1.5753795 0.4852234 0.0000000 2.8417056 
Q6BUH9_DEBHA_1_57  2.2009228 2.2796971 2.8666577 3.2798609 3.3683369 2.8417056 0.0000000 
