11
Q8U9G5_AGRT5_14_166 0.0000000 0.2202030 0.4119032 0.4814343 0.4007853 1.4183400 1.4993476 1.4509906 1.6435351 1.5533326 1.7789274 
Q92JX1_RHIME_6_158  0.2202030 0.0000000 0.3074147 0.3586674 0.4224507 1.3070955 1.2773598 1.2994687 1.5966048 1.3639219 1.8847549 
Q98H74_RHILO_14_166 0.4119032 0.3074147 0.0000000 0.2538884 0.3722258 1.2975656 1.3034784 1.2310875 1.5013152 1.2907137 1.6063703 
Q989B8_RHILO_15_167 0.4814343 0.3586674 0.2538884 0.0000000 0.4141601 1.4192223 1.1790140 1.3568853 1.7069982 1.4003889 1.5269382 
Q8YE08_BRUME_24_176 0.4007853 0.4224507 0.3722258 0.4141601 0.0000000 1.3347870 1.2827838 1.3147724 1.6428247 1.3952313 1.5122121 
Q8EF76_SHEON_32_182 1.4183400 1.3070955 1.2975656 1.4192223 1.3347870 0.0000000 0.9895556 0.9332734 1.3189981 1.1947762 1.5176990 
Q9KSI7_VIBCH_29_179 1.4993476 1.2773598 1.3034784 1.1790140 1.2827838 0.9895556 0.0000000 0.5039830 0.7707298 1.1899179 1.1521768 
Q8D8K9_VIBVU_19_169 1.4509906 1.2994687 1.2310875 1.3568853 1.3147724 0.9332734 0.5039830 0.0000000 0.8259315 1.0616032 1.3000513 
Q8ZG97_YERPE_32_182 1.6435351 1.5966048 1.5013152 1.7069982 1.6428247 1.3189981 0.7707298 0.8259315 0.0000000 1.3159609 1.0311405 
Q9A852_CAUCR_63_213 1.5533326 1.3639219 1.2907137 1.4003889 1.3952313 1.1947762 1.1899179 1.0616032 1.3159609 0.0000000 1.7864172 
Q9CNZ9_PASMU_32_183 1.7789274 1.8847549 1.6063703 1.5269382 1.5122121 1.5176990 1.1521768 1.3000513 1.0311405 1.7864172 0.0000000 
