7
PEX19_YEAST_67_350  0.0000000 1.2244977 1.9783383 1.9968515 3.7077751 1.3870806 1.8214145 
Q9Y8C5_PICPA_40_300 1.2244977 0.0000000 1.2444655 1.7291768 1.9819596 1.3613200 1.6834045 
PEX19_HUMAN_55_299  1.9783383 1.2444655 0.0000000 0.8457307 1.3434432 1.2015622 1.9385910 
PEX19_CAEEL_25_282  1.9968515 1.7291768 0.8457307 0.0000000 1.1413360 1.2760593 1.5005778 
Q9VKB5_DROME_46_292 3.7077751 1.9819596 1.3434432 1.1413360 0.0000000 1.5147188 2.5188119 
Q9LF69_ARATH_47_274 1.3870806 1.3613200 1.2015622 1.2760593 1.5147188 0.0000000 1.3087334 
YDFE_SCHPO_24_232   1.8214145 1.6834045 1.9385910 1.5005778 2.5188119 1.3087334 0.0000000 
