23
O23234_ARATH_39_370 0.0000000 0.6013076 0.8032891 0.6581071 0.6055022 0.7109771 0.7827523 0.9949392 0.7770075 0.7570582 0.8059323 0.8902023 0.9520040 1.1340772 1.4918435 1.4211048 1.3766023 1.6951057 1.8524204 1.1931005 1.1431410 1.1940770 1.2032872 
Q9SPV4_CLABR_36_357 0.6013076 0.0000000 0.5541366 0.4129227 0.6065182 0.6891588 0.8019608 0.7822514 0.8016716 0.6975333 0.7591378 0.6754532 0.9859694 1.0256809 1.3250351 1.3125821 1.2947263 1.6110590 1.6370927 1.1212289 1.1372523 1.0799322 1.0886693 
Q9AVG9_ATRBE_36_356 0.8032891 0.5541366 0.0000000 0.4361187 0.6605043 0.7882048 0.7301829 0.8661299 0.7884978 0.8050675 0.7598987 0.8594861 1.1506394 1.0516159 1.4310072 1.4225840 1.3746296 1.6096822 1.6436997 1.4841888 1.4697508 1.2200595 1.2840548 
Q9AVR1_9GENT_36_365 0.6581071 0.4129227 0.4361187 0.0000000 0.5018258 0.7422236 0.7450056 0.7678398 0.7240663 0.6625630 0.6268219 0.7395526 0.8346145 1.0974972 1.4275648 1.1422728 1.1713312 1.3413009 1.4112530 1.1353198 1.0642653 1.0382642 1.2141632 
JMT_ARATH_36_388    0.6055022 0.6065182 0.6605043 0.5018258 0.0000000 0.6559695 0.7123040 0.9573960 0.7798708 0.7284451 0.8452255 0.7440023 0.7484794 1.0340349 1.2868975 1.2235657 1.2507901 1.5213296 1.5137586 1.0992111 1.0446810 1.2205350 1.1486333 
Q9CAX9_ARATH_6_327  0.7109771 0.6891588 0.7882048 0.7422236 0.6559695 0.0000000 0.3032125 0.4649043 0.4137813 0.7889441 0.7354891 0.7275418 1.0204520 1.0692253 1.6150699 1.4894363 1.3672140 1.6147883 1.6614114 1.2027293 1.2135596 1.3113874 1.2684377 
Q9FJZ6_ARATH_28_354 0.7827523 0.8019608 0.7301829 0.7450056 0.7123040 0.3032125 0.0000000 0.4504645 0.4894954 0.7494738 0.8210442 0.7871196 0.8713799 1.1291940 1.5285094 1.4072621 1.3858958 1.4873162 1.4706451 1.3620982 1.4276614 1.1978090 1.3578857 
Q9ZPT3_ARATH_28_359 0.9949392 0.7822514 0.8661299 0.7678398 0.9573960 0.4649043 0.4504645 0.0000000 0.4412023 0.8450089 0.9501246 0.9313151 0.9645963 1.3941907 1.7818786 1.6414574 1.5542815 1.8129307 1.8003997 1.5281159 1.4236020 1.3498514 1.5251149 
Q9LRL5_ARATH_33_368 0.7770075 0.8016716 0.7884978 0.7240663 0.7798708 0.4137813 0.4894954 0.4412023 0.0000000 0.7540533 0.8015568 0.9989270 1.1161157 1.2112977 1.8058951 1.5375899 1.4644507 1.5837594 1.7499981 1.2435227 1.2116442 1.5524453 1.4276604 
BAMT_ANTMA_38_364   0.7570582 0.6975333 0.8050675 0.6625630 0.7284451 0.7889441 0.7494738 0.8450089 0.7540533 0.0000000 0.9768718 0.8238946 1.0763163 1.2318351 1.4195754 1.2359049 1.2516556 1.5679925 1.6385445 1.1743377 1.0379729 1.2133482 1.1591490 
Q9AVK0_COFAR_36_366 0.8059323 0.7591378 0.7598987 0.6268219 0.8452255 0.7354891 0.8210442 0.9501246 0.8015568 0.9768718 0.0000000 0.8683544 1.2073254 1.4042667 1.7540921 1.3549265 1.4011363 1.3942601 1.4635904 1.4120257 1.4441011 1.4716862 1.3454893 
Q9FZN8_CAMSI_42_367 0.8902023 0.6754532 0.8594861 0.7395526 0.7440023 0.7275418 0.7871196 0.9313151 0.9989270 0.8238946 0.8683544 0.0000000 1.1102068 1.2111440 1.3862933 1.1117792 1.1107112 1.2896484 1.3953493 1.2043366 1.0958277 1.1301206 1.0845042 
Q9FW31_ORYSA_57_373 0.9520040 0.9859694 1.1506394 0.8346145 0.7484794 1.0204520 0.8713799 0.9645963 1.1161157 1.0763163 1.2073254 1.1102068 0.0000000 1.3021201 1.3575278 1.3895063 1.2670249 1.6054769 1.4013078 1.5066811 1.4317446 1.2533142 1.3794993 
Q9FLN8_ARATH_48_386 1.1340772 1.0256809 1.0516159 1.0974972 1.0340349 1.0692253 1.1291940 1.3941907 1.2112977 1.2318351 1.4042667 1.2111440 1.3021201 0.0000000 1.1254626 1.5624096 1.4777909 1.8831733 1.8632828 1.3600455 1.3592119 1.4445224 1.5644934 
Q9FMA2_ARATH_44_380 1.4918435 1.3250351 1.4310072 1.4275648 1.2868975 1.6150699 1.5285094 1.7818786 1.8058951 1.4195754 1.7540921 1.3862933 1.3575278 1.1254626 0.0000000 1.4797854 1.7214101 1.8257997 1.8678465 1.5661309 1.5249275 1.1753418 1.5883574 
Q9FYC6_ARATH_34_348 1.4211048 1.3125821 1.4225840 1.1422728 1.2235657 1.4894363 1.4072621 1.6414574 1.5375899 1.2359049 1.3549265 1.1117792 1.3895063 1.5624096 1.4797854 0.0000000 0.2433641 0.7680932 0.7672810 0.9066819 0.9056141 0.9335037 1.1936112 
Q9FYC3_ARATH_34_345 1.3766023 1.2947263 1.3746296 1.1713312 1.2507901 1.3672140 1.3858958 1.5542815 1.4644507 1.2516556 1.4011363 1.1107112 1.2670249 1.4777909 1.7214101 0.2433641 0.0000000 0.7595046 0.7328743 0.9829300 0.9675765 1.0861667 1.2201590 
Q9C9M4_ARATH_36_352 1.6951057 1.6110590 1.6096822 1.3413009 1.5213296 1.6147883 1.4873162 1.8129307 1.5837594 1.5679925 1.3942601 1.2896484 1.6054769 1.8831733 1.8257997 0.7680932 0.7595046 0.0000000 0.3109124 1.0325356 1.0606570 1.1699860 1.4443509 
Q9FT13_BRANA_1_318  1.8524204 1.6370927 1.6436997 1.4112530 1.5137586 1.6614114 1.4706451 1.8003997 1.7499981 1.6385445 1.4635904 1.3953493 1.4013078 1.8632828 1.8678465 0.7672810 0.7328743 0.3109124 0.0000000 1.0441668 1.1762354 1.2104359 1.4436292 
Q9FKC8_ARATH_49_374 1.1931005 1.1212289 1.4841888 1.1353198 1.0992111 1.2027293 1.3620982 1.5281159 1.2435227 1.1743377 1.4120257 1.2043366 1.5066811 1.3600455 1.5661309 0.9066819 0.9829300 1.0325356 1.0441668 0.0000000 0.3700575 1.0391606 1.2040262 
Q9FKR0_ARATH_37_361 1.1431410 1.1372523 1.4697508 1.0642653 1.0446810 1.2135596 1.4276614 1.4236020 1.2116442 1.0379729 1.4441011 1.0958277 1.4317446 1.3592119 1.5249275 0.9056141 0.9675765 1.0606570 1.1762354 0.3700575 0.0000000 0.9726256 1.2188706 
Q9C9W8_ARATH_40_363 1.1940770 1.0799322 1.2200595 1.0382642 1.2205350 1.3113874 1.1978090 1.3498514 1.5524453 1.2133482 1.4716862 1.1301206 1.2533142 1.4445224 1.1753418 0.9335037 1.0861667 1.1699860 1.2104359 1.0391606 0.9726256 0.0000000 1.2386168 
Q9XI57_ARATH_28_348 1.2032872 1.0886693 1.2840548 1.2141632 1.1486333 1.2684377 1.3578857 1.5251149 1.4276604 1.1591490 1.3454893 1.0845042 1.3794993 1.5644934 1.5883574 1.1936112 1.2201590 1.4443509 1.4436292 1.2040262 1.2188706 1.2386168 0.0000000 
