7
Q9AQ22_BRASW_2_202 0.0000000 0.5456118 0.4289041 0.5372742 0.4541405 0.6352879 2.0089953 
Q8KJI3_RHILO_2_202 0.5456118 0.0000000 0.3651669 0.3678677 0.4019511 0.6512376 2.0617278 
NODS_RHITR_38_238  0.4289041 0.3651669 0.0000000 0.3385483 0.3695323 0.6301128 2.0269354 
Q8KLG2_RHIEC_5_205 0.5372742 0.3678677 0.3385483 0.0000000 0.3875132 0.6932843 2.0100201 
NODS_RHISN_18_216  0.4541405 0.4019511 0.3695323 0.3875132 0.0000000 0.6248908 2.0620774 
NODS_BRAJA_2_202   0.6352879 0.6512376 0.6301128 0.6932843 0.6248908 0.0000000 2.1708158 
NODS_AZOCA_12_207  2.0089953 2.0617278 2.0269354 2.0100201 2.0620774 2.1708158 0.0000000 
