14
Q7XPW8_ORYSA_126_420 0.0000000 0.2341140 0.9172794 0.9776036 0.7391516 1.0177911 1.0042037 0.8003073 1.1364748 1.2735640 1.3457196 0.9926824 1.6854978 1.5816876 
O80583_ARATH_132_407 0.2341140 0.0000000 1.0043170 1.1793509 0.8557151 1.2759998 1.2200891 1.0304225 1.1156673 1.3969204 1.6198860 0.9735138 1.6794435 1.4191766 
Q86CR5_DICDI_224_618 0.9172794 1.0043170 0.0000000 0.9050502 0.8280541 1.0241099 1.0191876 0.9257640 1.3272357 1.3036457 1.8233894 1.3027936 1.6821823 2.0092651 
ATG4C_MOUSE_73_402   0.9776036 1.1793509 0.9050502 0.0000000 0.6000494 1.2849144 1.3692862 1.0952199 1.5032905 1.2478151 1.4766134 1.2446570 1.4884696 1.8490582 
Q9VF80_DROME_260_567 0.7391516 0.8557151 0.8280541 0.6000494 0.0000000 1.0917333 1.1745837 0.8242189 1.2380809 0.9425512 1.3341506 1.1102748 1.6806288 1.9297637 
Q9VPW2_DROME_60_333  1.0177911 1.2759998 1.0241099 1.2849144 1.0917333 0.0000000 0.3161473 0.7093811 0.8781201 1.0520636 1.6014116 1.3340212 1.4288360 1.8463182 
Q7Q4N4_ANOGA_22_299  1.0042037 1.2200891 1.0191876 1.3692862 1.1745837 0.3161473 0.0000000 0.6899561 0.7646278 1.0197752 1.5243977 1.3295351 1.3838945 1.9288189 
ATG4A_MOUSE_39_335   0.8003073 1.0304225 0.9257640 1.0952199 0.8242189 0.7093811 0.6899561 0.0000000 0.8048734 1.2332934 1.4652760 1.0611310 1.3984156 1.8714639 
Q9NA30_CAEEL_47_416  1.1364748 1.1156673 1.3272357 1.5032905 1.2380809 0.8781201 0.7646278 0.8048734 0.0000000 1.3844798 1.8656219 1.3497855 1.5456777 1.8633848 
Q9U1N6_CAEEL_165_465 1.2735640 1.3969204 1.3036457 1.2478151 0.9425512 1.0520636 1.0197752 1.2332934 1.3844798 0.0000000 1.9003914 1.3645388 1.9238342 1.8289230 
ATG4_PICPA_59_405    1.3457196 1.6198860 1.8233894 1.4766134 1.3341506 1.6014116 1.5243977 1.4652760 1.8656219 1.9003914 0.0000000 0.9497440 1.0766437 1.5050287 
ATG4_NEUCR_165_461   0.9926824 0.9735138 1.3027936 1.2446570 1.1102748 1.3340212 1.3295351 1.0611310 1.3497855 1.3645388 0.9497440 0.0000000 0.8336777 0.9779478 
ATG4_YEAST_80_375    1.6854978 1.6794435 1.6821823 1.4884696 1.6806288 1.4288360 1.3838945 1.3984156 1.5456777 1.9238342 1.0766437 0.8336777 0.0000000 1.3565174 
ATG4_SCHPO_38_288    1.5816876 1.4191766 2.0092651 1.8490582 1.9297637 1.8463182 1.9288189 1.8714639 1.8633848 1.8289230 1.5050287 0.9779478 1.3565174 0.0000000 
