9
Q7Y3Z0_9CAUD_1_134 0.0000000 1.7165366 1.9903619 1.7483778 1.4136543 1.4542455 1.9376361 2.5941173 3.5023827 
Q7UDA0_SHIFL_1_134 1.7165366 0.0000000 0.8635597 1.2969493 1.2611521 1.3215413 1.4607700 2.6883054 3.4176555 
Q7UAD4_SHIFL_1_134 1.9903619 0.8635597 0.0000000 1.6042206 1.5906170 1.6796582 1.9142013 3.6436239 4.0824498 
Q57Q69_SALCH_1_134 1.7483778 1.2969493 1.6042206 0.0000000 0.3184087 0.3523984 1.0821235 2.6013649 3.1597886 
Q8X5D0_ECO57_1_134 1.4136543 1.2611521 1.5906170 0.3184087 0.0000000 0.2338256 0.9707538 2.8728480 3.1963225 
STF_LAMBD_1_134    1.4542455 1.3215413 1.6796582 0.3523984 0.2338256 0.0000000 1.0354039 2.6391184 3.3144629 
Q9LA62_9CAUD_1_134 1.9376361 1.4607700 1.9142013 1.0821235 0.9707538 1.0354039 0.0000000 3.5152853 3.7699713 
Q66BF2_YERPS_1_134 2.5941173 2.6883054 3.6436239 2.6013649 2.8728480 2.6391184 3.5152853 0.0000000 1.8317099 
Q776P1_BPVT2_1_134 3.5023827 3.4176555 4.0824498 3.1597886 3.1963225 3.3144629 3.7699713 1.8317099 0.0000000 
