7
CATC2_ACILW_1_91  0.0000000 0.4533268 0.8536871 0.6515607 0.6947271 0.6968420 1.9387697 
CATC_PSEPU_1_91   0.4533268 0.0000000 1.0331357 0.7242720 0.8183883 0.9636451 2.3909979 
CATC_RHOOP_1_91   0.8536871 1.0331357 0.0000000 0.5961815 0.5010015 0.8404223 2.1807952 
CATC_ACIAD_1_91   0.6515607 0.7242720 0.5961815 0.0000000 0.4376568 0.6850323 1.4992968 
CATC1_ACILW_1_91  0.6947271 0.8183883 0.5010015 0.4376568 0.0000000 0.6040753 1.4244168 
O51800_RALEU_1_91 0.6968420 0.9636451 0.8404223 0.6850323 0.6040753 0.0000000 1.3861469 
O07243_MYCTU_1_94 1.9387697 2.3909979 2.1807952 1.4992968 1.4244168 1.3861469 0.0000000 
