7
COATB_BPIKE_30_81 0.0000000 0.0648110 0.2924605 1.1926086 1.1435987 1.1498469 1.3917248 
Q9T0Q8_BPIKE_1_52 0.0648110 0.0000000 0.4005597 1.2078032 1.1680088 1.1646149 1.1387098 
COATB_BPI22_32_83 0.2924605 0.4005597 0.0000000 1.3676444 1.4369920 1.4453452 1.3342535 
COATB_BPM13_24_72 1.1926086 1.2078032 1.3676444 0.0000000 0.0420461 0.0207204 0.4513009 
COATB_BPZJ2_1_49  1.1435987 1.1680088 1.4369920 0.0420461 0.0000000 0.0210108 0.4206176 
Q9T0Q9_BPFD_1_49  1.1498469 1.1646149 1.4453452 0.0207204 0.0210108 0.0000000 0.4212564 
COATB_BPIF1_22_73 1.3917248 1.1387098 1.3342535 0.4513009 0.4206176 0.4212564 0.0000000 
