14
Q8XTZ6_RALSO_23_398 0.0000000 0.9479303 1.1586594 1.0225607 1.1741241 0.9565061 1.1247282 1.0967289 1.2296600 1.2695417 1.1892909 1.4539573 1.8571538 2.2987697 
Q92Z28_RHIME_21_400 0.9479303 0.0000000 0.3484946 0.3537671 0.7274590 0.7249079 0.9188070 1.1558449 1.0381638 1.2872076 1.0905440 1.5698248 1.6576025 2.2472674 
Q8U7R6_AGRT5_41_420 1.1586594 0.3484946 0.0000000 0.3756282 0.8807016 0.8119206 1.0692924 1.1708178 0.9918241 1.3573873 1.2415940 1.7816173 1.5028768 2.2031951 
Q8YBD6_BRUME_30_409 1.0225607 0.3537671 0.3756282 0.0000000 0.7396046 0.7409667 0.9685416 0.9511792 0.8213129 1.4168940 1.1336476 1.4097363 1.8082730 2.1135759 
Q93SI1_BRAJA_11_390 1.1741241 0.7274590 0.8807016 0.7396046 0.0000000 0.8399752 1.1287605 1.3589705 1.2783047 1.4577137 1.1944805 1.6002791 1.8258289 2.4509725 
Q936J2_RHOSH_11_390 0.9565061 0.7249079 0.8119206 0.7409667 0.8399752 0.0000000 1.1046515 1.0105278 1.0184851 1.2249343 1.1357191 1.3620764 1.8479461 2.1619755 
Q8EDE7_SHEON_13_385 1.1247282 0.9188070 1.0692924 0.9685416 1.1287605 1.1046515 0.0000000 0.7558854 0.6986415 0.9558092 0.9252093 1.3609602 1.9971080 2.9461780 
P95556_PSEST_12_391 1.0967289 1.1558449 1.1708178 0.9511792 1.3589705 1.0105278 0.7558854 0.0000000 0.3770620 0.9364219 0.7571753 1.3131528 2.1865232 2.8457646 
Q9I0H6_PSEAE_12_392 1.2296600 1.0381638 0.9918241 0.8213129 1.2783047 1.0184851 0.6986415 0.3770620 0.0000000 0.9278354 0.8626132 1.3110541 1.9702947 2.7636583 
Q8DBN2_VIBVU_5_376  1.2695417 1.2872076 1.3573873 1.4168940 1.4577137 1.2249343 0.9558092 0.9364219 0.9278354 0.0000000 0.2896171 1.7964084 2.2569762 3.5266873 
Q9KPN6_VIBCH_33_409 1.1892909 1.0905440 1.2415940 1.1336476 1.1944805 1.1357191 0.9252093 0.7571753 0.8626132 0.2896171 0.0000000 1.6423428 2.1873758 3.0796419 
Q9JT11_NEIMA_21_395 1.4539573 1.5698248 1.7816173 1.4097363 1.6002791 1.3620764 1.3609602 1.3131528 1.3110541 1.7964084 1.6423428 0.0000000 2.7402974 2.5349976 
Q92Z46_RHIME_1_365  1.8571538 1.6576025 1.5028768 1.8082730 1.8258289 1.8479461 1.9971080 2.1865232 1.9702947 2.2569762 2.1873758 2.7402974 0.0000000 3.1086346 
Q8U7P5_AGRT5_3_388  2.2987697 2.2472674 2.2031951 2.1135759 2.4509725 2.1619755 2.9461780 2.8457646 2.7636583 3.5266873 3.0796419 2.5349976 3.1086346 0.0000000 
