8
Q9PDV4_XYLFA_23_154 0.0000000 0.8258366 1.5396842 1.5258134 1.5648527 1.3309290 1.6855181 1.3960721 
Q8PAA2_XANCP_15_146 0.8258366 0.0000000 1.2571272 1.2356935 1.2334850 1.2964636 1.3565649 1.3910471 
Q8L3N9_9PSED_4_138  1.5396842 1.2571272 0.0000000 0.1288084 0.1439286 0.8712837 0.8670726 0.8020040 
Q9HUC3_PSEAE_4_137  1.5258134 1.2356935 0.1288084 0.0000000 0.2153794 0.8740368 0.7950095 0.7564569 
Q9Z437_PSEPU_4_135  1.5648527 1.2334850 0.1439286 0.2153794 0.0000000 0.9113865 0.9266999 0.9456151 
Q9Z438_PSEPU_7_139  1.3309290 1.2964636 0.8712837 0.8740368 0.9113865 0.0000000 0.3439589 0.3980422 
Q8L3P0_9PSED_7_140  1.6855181 1.3565649 0.8670726 0.7950095 0.9266999 0.3439589 0.0000000 0.3471754 
Q9HUC2_PSEAE_7_138  1.3960721 1.3910471 0.8020040 0.7564569 0.9456151 0.3980422 0.3471754 0.0000000 
