17
Q8GX58_ARATH_469_556 0.0000000 2.0258257 1.6508520 2.9590545 2.3019469 2.2593291 2.9596687 3.4061421 2.2750038 2.3332198 2.2278635 2.5809007 2.9520099 2.6236483 2.3395843 1.8520939 2.1540721 
Q5VQD9_ORYSA_460_546 2.0258257 0.0000000 0.8963736 2.4608868 2.4172091 1.8875601 2.9804548 3.2263785 2.5856946 2.6882189 2.7542865 3.6100460 3.2911385 2.9543067 3.1251875 2.8385552 4.4518282 
Q8L403_ARATH_133_219 1.6508520 0.8963736 0.0000000 2.1477075 1.8495521 1.6216842 2.5337459 4.0803842 2.2291971 2.4688498 2.7296874 2.9831678 3.1711439 3.0767838 2.6426307 2.2761486 3.3143120 
Q6AX75_XENLA_485_571 2.9590545 2.4608868 2.1477075 0.0000000 0.2866971 0.6406364 1.9744284 2.2786486 1.6194833 2.2180555 1.9369017 1.7243642 1.9766508 1.7709916 1.9092900 1.7048726 1.9797954 
Q5ZMH2_CHICK_492_578 2.3019469 2.4172091 1.8495521 0.2866971 0.0000000 0.5650163 2.1497614 1.9199373 1.8619218 2.4363079 1.9249141 1.7444910 1.9257567 1.8180289 1.7237456 1.4308161 1.9559521 
Q8JHG6_BRARE_473_559 2.2593291 1.8875601 1.6216842 0.6406364 0.5650163 0.0000000 2.2479473 1.6761779 1.9214363 1.9108826 1.6847108 1.6744423 1.9351507 1.6770213 2.1318931 1.8188129 1.5516972 
Q8SXT6_DROME_455_543 2.9596687 2.9804548 2.5337459 1.9744284 2.1497614 2.2479473 0.0000000 3.0005795 2.6881632 2.4119970 3.4248704 3.6090713 3.3335909 3.6491374 2.2867006 3.1810066 2.2141526 
O76407_CAEEL_111_198 3.4061421 3.2263785 4.0803842 2.2786486 1.9199373 1.6761779 3.0005795 0.0000000 2.7716812 2.2820809 2.1944304 2.3886921 1.9965945 2.4113572 2.7264918 2.4569950 2.7701516 
Q7SBY7_NEUCR_198_284 2.2750038 2.5856946 2.2291971 1.6194833 1.8619218 1.9214363 2.6881632 2.7716812 0.0000000 0.9745269 1.2487689 1.3562511 1.3299609 1.3097067 1.2602894 1.2319774 2.0642909 
YK91_SCHPO_489_575   2.3332198 2.6882189 2.4688498 2.2180555 2.4363079 1.9108826 2.4119970 2.2820809 0.9745269 0.0000000 1.0654344 1.1662944 1.1478532 1.3016517 0.9635182 1.2343556 1.6850976 
UTP5_YEAST_465_551   2.2278635 2.7542865 2.7296874 1.9369017 1.9249141 1.6847108 3.4248704 2.1944304 1.2487689 1.0654344 0.0000000 0.2950908 0.3765153 0.4881353 0.7928697 0.7560850 2.0283489 
Q6FUL4_CANGA_462_548 2.5809007 3.6100460 2.9831678 1.7243642 1.7444910 1.6744423 3.6090713 2.3886921 1.3562511 1.1662944 0.2950908 0.0000000 0.3897175 0.5684927 0.9299461 0.9519780 2.0237768 
Q6CU96_KLULA_442_528 2.9520099 3.2911385 3.1711439 1.9766508 1.9257567 1.9351507 3.3335909 1.9965945 1.3299609 1.1478532 0.3765153 0.3897175 0.0000000 0.5857631 0.8291210 0.9060717 2.0861361 
Q753Q8_ASHGO_429_515 2.6236483 2.9543067 3.0767838 1.7709916 1.8180289 1.6770213 3.6491374 2.4113572 1.3097067 1.3016517 0.4881353 0.5684927 0.5857631 0.0000000 1.0156241 0.9245128 1.9094551 
Q6BJ97_DEBHA_472_558 2.3395843 3.1251875 2.6426307 1.9092900 1.7237456 2.1318931 2.2867006 2.7264918 1.2602894 0.9635182 0.7928697 0.9299461 0.8291210 1.0156241 0.0000000 0.8361237 1.5056731 
Q6C5P8_YARLI_459_545 1.8520939 2.8385552 2.2761486 1.7048726 1.4308161 1.8188129 3.1810066 2.4569950 1.2319774 1.2343556 0.7560850 0.9519780 0.9060717 0.9245128 0.8361237 0.0000000 1.7228427 
Q8T2Q3_DICDI_408_494 2.1540721 4.4518282 3.3143120 1.9797954 1.9559521 1.5516972 2.2141526 2.7701516 2.0642909 1.6850976 2.0283489 2.0237768 2.0861361 1.9094551 1.5056731 1.7228427 0.0000000 
