31
Q6C9H6_YARLI_328_442 0.0000000 0.6120787 0.5529719 0.8254403 0.5970916 0.8041330 0.6769555 0.7592650 0.8238595 0.6556735 1.1183770 0.9546302 1.0484744 1.0463855 0.8631518 1.2034766 1.0567825 1.1255105 1.1631685 1.3032194 1.3529931 1.2379857 0.8060532 1.3075576 1.2212166 1.2104838 1.2446491 1.4480326 1.5202152 2.0369146 1.8836096 
Q55M66_CRYNE_361_474 0.6120787 0.0000000 0.5456706 0.5794142 0.7713617 0.6937862 0.8485179 0.8643105 0.7717845 0.6377710 0.9963755 0.9558156 0.8474942 0.7777117 0.7543615 1.0182276 1.0484178 1.0253247 0.7936747 0.8546009 1.0551688 0.9603566 1.0624425 1.1025162 1.1728638 1.6206236 1.6930223 2.0409299 1.6139311 2.1536907 2.0205974 
Q4P9A4_USTMA_370_483 0.5529719 0.5456706 0.0000000 0.7226106 0.6064320 0.6637615 0.8136019 0.7439220 0.6190320 0.6446762 1.2031590 0.6517085 0.7149776 0.7228782 0.6997742 1.1245427 1.0501514 0.9677167 0.8804289 0.9715393 1.0164425 1.0028321 0.6739139 0.9856758 0.9292729 1.4293650 1.8100017 2.1941226 1.4267729 1.9095041 1.7640048 
LUB1_SCHPO_326_439   0.8254403 0.5794142 0.7226106 0.0000000 0.7009637 0.6711544 1.0323945 1.0414479 0.7591500 0.7854782 1.1501579 0.9793858 0.8862357 0.7857876 0.9430426 1.3128650 1.2234589 1.2618638 1.1697394 1.0686668 1.3188627 1.1730319 1.2148997 1.0045099 1.0214362 1.4745556 1.7359742 1.9516673 1.9187844 2.0388949 2.2547287 
Q6BWE0_DEBHA_351_464 0.5970916 0.7713617 0.6064320 0.7009637 0.0000000 0.2709283 0.8158824 0.8346118 0.5684054 0.6505963 1.0681849 0.9219690 0.8571547 0.9182263 0.9938035 1.2253953 1.3006837 1.1368856 1.0336349 1.1250063 1.2319092 1.2040036 1.3041790 1.1250064 1.2312772 1.3762432 1.4850143 1.8282456 1.8232444 2.1855637 1.9810577 
Q5APD6_CANAL_330_443 0.8041330 0.6937862 0.6637615 0.6711544 0.2709283 0.0000000 0.6212309 0.6976029 0.5585653 0.5420606 1.2824397 0.8501819 0.8525177 0.8294240 0.9552931 1.1939316 1.0899184 1.1612472 1.0569390 0.9091831 1.1073718 1.1183826 1.1994385 0.9434019 1.0573803 1.6126620 1.6055283 1.7765071 1.7979295 2.1182286 2.0270974 
Q6CV67_KLULA_329_441 0.6769555 0.8485179 0.8136019 1.0323945 0.8158824 0.6212309 0.0000000 0.3721155 0.3674518 0.3549101 1.2443472 1.0866564 1.0475949 0.8066290 1.0304391 1.2456470 1.1738213 1.4117127 1.2853127 1.1525135 1.3408741 1.3472446 1.3399448 1.0883102 1.0076563 1.7958453 1.9154161 2.2190847 1.7728744 2.0505169 2.0281119 
Q6FNF8_CANGA_329_443 0.7592650 0.8643105 0.7439220 1.0414479 0.8346118 0.6976029 0.3721155 0.0000000 0.4787452 0.4342264 1.5898848 1.1416573 1.1267601 0.9427030 1.0743789 1.4457869 1.3342179 1.6214388 1.1234385 1.0160794 1.1359463 1.0919783 1.0061250 1.1137756 1.0454601 1.7115876 1.7976996 1.9263201 1.6636750 2.0321979 2.1185630 
Q755S0_ASHGO_336_448 0.8238595 0.7717845 0.6190320 0.7591500 0.5684054 0.5585653 0.3674518 0.4787452 0.0000000 0.3983423 1.1663327 0.9783858 0.9238571 0.8087292 0.9814823 1.2051614 1.2327014 1.2180429 1.2042599 1.1637006 1.3303848 1.3293810 1.2341633 0.9457874 0.8588826 1.5983984 1.5357448 2.1673572 1.7193319 2.1649643 2.2528748 
DOA1_YEAST_331_445   0.6556735 0.6377710 0.6446762 0.7854782 0.6505963 0.5420606 0.3549101 0.4342264 0.3983423 0.0000000 1.1689692 0.8736431 0.7661976 0.7191165 0.8460964 1.2515029 1.0150481 1.2939927 1.0426048 1.0256246 1.1331325 1.1970986 1.1300424 0.9671101 0.9339597 1.7058052 1.6533720 2.2527173 1.6307309 2.1270664 2.1022879 
Q2KH45_MAGGR_359_474 1.1183770 0.9963755 1.2031590 1.1501579 1.0681849 1.2824397 1.2443472 1.5898848 1.1663327 1.1689692 0.0000000 0.8683288 0.9231545 0.9774622 0.8581368 1.3539086 1.4581465 1.3148512 1.4023302 1.4914767 1.7721886 1.5834791 1.5681435 1.4908440 1.3908690 2.1373516 2.4008909 2.5332307 2.0174427 2.4870547 2.6374825 
Q4IIZ7_GIBZE_354_469 0.9546302 0.9558156 0.6517085 0.9793858 0.9219690 0.8501819 1.0866564 1.1416573 0.9783858 0.8736431 0.8683288 0.0000000 0.2771838 0.5362569 0.4033804 1.2832891 0.9596587 1.0341285 1.0784522 1.0322943 1.1867112 1.1136923 1.2299726 1.1595749 1.0148194 1.6588200 1.6332769 1.8995967 1.9682028 2.2208457 2.3338310 
Q7SFF1_NEUCR_359_474 1.0484744 0.8474942 0.7149776 0.8862357 0.8571547 0.8525177 1.0475949 1.1267601 0.9238571 0.7661976 0.9231545 0.2771838 0.0000000 0.3376364 0.4332842 1.1317828 0.9738592 1.0057336 1.1468665 1.0682260 1.1876231 1.0588238 1.2154938 1.1822946 0.9069404 1.4946575 1.4850255 2.0925069 2.0573455 1.9876824 2.1261868 
Q2H5H9_CHAGB_360_475 1.0463855 0.7777117 0.7228782 0.7857876 0.9182263 0.8294240 0.8066290 0.9427030 0.8087292 0.7191165 0.9774622 0.5362569 0.3376364 0.0000000 0.5461837 1.2618557 1.2054239 1.2828076 1.1341480 1.0247954 1.2491744 1.0485221 1.2673906 1.1748193 1.0069163 1.7962415 1.8325628 2.2764501 1.6933241 2.3361490 2.3830960 
Q2U7P5_ASPOR_348_463 0.8631518 0.7543615 0.6997742 0.9430426 0.9938035 0.9552931 1.0304391 1.0743789 0.9814823 0.8460964 0.8581368 0.4033804 0.4332842 0.5461837 0.0000000 1.1312626 0.9426117 0.9647407 1.0947556 1.0369874 1.0715065 1.1209693 1.0948985 1.2670826 1.1353162 1.5875093 1.4763197 1.6568261 1.9323477 2.7029458 2.4201803 
Q7Q8I1_ANOGA_349_461 1.2034766 1.0182276 1.1245427 1.3128650 1.2253953 1.1939316 1.2456470 1.4457869 1.2051614 1.2515029 1.3539086 1.2832891 1.1317828 1.2618557 1.1312626 0.0000000 0.4887843 0.4385030 0.8666267 0.8595686 0.9254000 0.8570760 1.2756607 1.0498778 1.1953478 1.4268524 1.4986019 1.9095248 2.3608761 2.3861162 2.5149698 
Q9GUB1_DROME_350_466 1.0567825 1.0484178 1.0501514 1.2234589 1.3006837 1.0899184 1.1738213 1.3342179 1.2327014 1.0150481 1.4581465 0.9596587 0.9738592 1.2054239 0.9426117 0.4887843 0.0000000 0.2166700 0.9944469 0.8257423 0.8899506 0.9369861 1.3273157 1.0384416 1.0069523 1.3273020 1.4684347 1.8954904 2.1350252 2.2516736 2.2871340 
Q29LG5_DROPS_349_465 1.1255105 1.0253247 0.9677167 1.2618638 1.1368856 1.1612472 1.4117127 1.6214388 1.2180429 1.2939927 1.3148512 1.0341285 1.0057336 1.2828076 0.9647407 0.4385030 0.2166700 0.0000000 0.9703960 0.8793052 0.9905715 0.9328090 1.2746360 1.0654643 1.0892662 1.1457867 1.3112520 1.8473989 1.9836156 2.2936905 2.4285215 
Q4SRP8_TETNG_363_478 1.1631685 0.7936747 0.8804289 1.1697394 1.0336349 1.0569390 1.2853127 1.1234385 1.2042599 1.0426048 1.4023302 1.0784522 1.1468665 1.1341480 1.0947556 0.8666267 0.9944469 0.9703960 0.0000000 0.2628935 0.3199937 0.3396303 1.0071341 1.2575082 1.3912335 1.4239764 1.7669708 1.8177608 2.2103261 2.1962124 1.9524875 
Q7SXM2_BRARE_344_459 1.3032194 0.8546009 0.9715393 1.0686668 1.1250063 0.9091831 1.1525135 1.0160794 1.1637006 1.0256246 1.4914767 1.0322943 1.0682260 1.0247954 1.0369874 0.8595686 0.8257423 0.8793052 0.2628935 0.0000000 0.2468643 0.2226260 0.9635278 1.1065822 1.2102513 1.4831347 1.7689797 1.9088697 2.2139127 2.0706094 1.8501076 
PLAP_MOUSE_287_404   1.3529931 1.0551688 1.0164425 1.3188627 1.2319092 1.1073718 1.3408741 1.1359463 1.3303848 1.1331325 1.7721886 1.1867112 1.1876231 1.2491744 1.0715065 0.9254000 0.8899506 0.9905715 0.3199937 0.2468643 0.0000000 0.2081530 0.9480675 1.2840800 1.3172788 1.4337059 1.7717959 1.8994649 2.4617441 2.2924976 2.1194938 
Q32N40_XENLA_383_500 1.2379857 0.9603566 1.0028321 1.1730319 1.2040036 1.1183826 1.3472446 1.0919783 1.3293810 1.1970986 1.5834791 1.1136923 1.0588238 1.0485221 1.1209693 0.8570760 0.9369861 0.9328090 0.3396303 0.2226260 0.2081530 0.0000000 0.8689866 1.1981338 1.2637365 1.4632744 1.7133559 1.9965800 2.3611271 2.2457829 2.0678732 
Q54F90_DICDI_379_494 0.8060532 1.0624425 0.6739139 1.2148997 1.3041790 1.1994385 1.3399448 1.0061250 1.2341633 1.1300424 1.5681435 1.2299726 1.2154938 1.2673906 1.0948985 1.2756607 1.3273157 1.2746360 1.0071341 0.9635278 0.9480675 0.8689866 0.0000000 1.1951281 1.2136928 1.4819977 1.6260416 2.2112040 1.6242401 2.3128117 2.2553968 
Q69RZ5_ORYSA_256_372 1.3075576 1.1025162 0.9856758 1.0045099 1.1250064 0.9434019 1.0883102 1.1137756 0.9457874 0.9671101 1.4908440 1.1595749 1.1822946 1.1748193 1.2670826 1.0498778 1.0384416 1.0654643 1.2575082 1.1065822 1.2840800 1.1981338 1.1951281 0.0000000 0.2201531 1.5517254 1.5961203 2.1441046 1.5698622 1.9424866 1.7805855 
Q3E7Q5_ARATH_339_453 1.2212166 1.1728638 0.9292729 1.0214362 1.2312772 1.0573803 1.0076563 1.0454601 0.8588826 0.9339597 1.3908690 1.0148194 0.9069404 1.0069163 1.1353162 1.1953478 1.0069523 1.0892662 1.3912335 1.2102513 1.3172788 1.2637365 1.2136928 0.2201531 0.0000000 1.3291706 1.4414948 2.0617312 1.2399839 1.7607801 1.7610265 
Q57YN4_9TRYP_383_508 1.2104838 1.6206236 1.4293650 1.4745556 1.3762432 1.6126620 1.7958453 1.7115876 1.5983984 1.7058052 2.1373516 1.6588200 1.4946575 1.7962415 1.5875093 1.4268524 1.3273020 1.1457867 1.4239764 1.4831347 1.4337059 1.4632744 1.4819977 1.5517254 1.3291706 0.0000000 0.4084052 0.8961165 1.7679905 2.2959942 2.2665565 
Q4D4J8_TRYCR_364_485 1.2446491 1.6930223 1.8100017 1.7359742 1.4850143 1.6055283 1.9154161 1.7976996 1.5357448 1.6533720 2.4008909 1.6332769 1.4850255 1.8325628 1.4763197 1.4986019 1.4684347 1.3112520 1.7669708 1.7689797 1.7717959 1.7133559 1.6260416 1.5961203 1.4414948 0.4084052 0.0000000 0.7752646 1.8367620 2.5575184 2.4976469 
Q4QAE1_LEIMA_375_497 1.4480326 2.0409299 2.1941226 1.9516673 1.8282456 1.7765071 2.2190847 1.9263201 2.1673572 2.2527173 2.5332307 1.8995967 2.0925069 2.2764501 1.6568261 1.9095248 1.8954904 1.8473989 1.8177608 1.9088697 1.8994649 1.9965800 2.2112040 2.1441046 2.0617312 0.8961165 0.7752646 0.0000000 2.0295752 3.0332458 3.0968523 
Q23TB4_TETTH_336_451 1.5202152 1.6139311 1.4267729 1.9187844 1.8232444 1.7979295 1.7728744 1.6636750 1.7193319 1.6307309 2.0174427 1.9682028 2.0573455 1.6933241 1.9323477 2.3608761 2.1350252 1.9836156 2.2103261 2.2139127 2.4617441 2.3611271 1.6242401 1.5698622 1.2399839 1.7679905 1.8367620 2.0295752 0.0000000 1.5114859 1.5967905 
Q8ID72_PLAF7_481_595 2.0369146 2.1536907 1.9095041 2.0388949 2.1855637 2.1182286 2.0505169 2.0321979 2.1649643 2.1270664 2.4870547 2.2208457 1.9876824 2.3361490 2.7029458 2.3861162 2.2516736 2.2936905 2.1962124 2.0706094 2.2924976 2.2457829 2.3128117 1.9424866 1.7607801 2.2959942 2.5575184 3.0332458 1.5114859 0.0000000 0.2520736 
Q4XQG2_PLACH_434_548 1.8836096 2.0205974 1.7640048 2.2547287 1.9810577 2.0270974 2.0281119 2.1185630 2.2528748 2.1022879 2.6374825 2.3338310 2.1261868 2.3830960 2.4201803 2.5149698 2.2871340 2.4285215 1.9524875 1.8501076 2.1194938 2.0678732 2.2553968 1.7805855 1.7610265 2.2665565 2.4976469 3.0968523 1.5967905 0.2520736 0.0000000 
