6
RPOA_LDVP_1535_1952    0.0000000 0.1122806 0.6725182 0.7054263 1.3675208 1.6594189 
RPOA_LDVC_1533_1972    0.1122806 0.0000000 0.7093267 0.7117224 1.4907379 1.7121459 
RPOA_PRRSL_1716_2140   0.6725182 0.7093267 0.0000000 0.3839985 1.3377942 1.7444995 
Q99AV6_PRRSV_1831_2256 0.7054263 0.7117224 0.3839985 0.0000000 1.3928079 1.7634206 
RPOA_SHFV_1486_1901    1.3675208 1.4907379 1.3377942 1.3928079 0.0000000 1.8204236 
RPOA_EAVBU_1087_1508   1.6594189 1.7121459 1.7444995 1.7634206 1.8204236 0.0000000 
