85
Q8HCU5_TRICB_395_574 0.0000000 3.0304941 3.4023569 3.2669695 3.6380967 2.9054082 2.8449645 3.9049015 3.4436951 3.3875423 2.9761601 4.0710516 4.9179113 3.2738945 2.8889501 3.1150777 2.3197614 3.2787922 3.3659140 4.2554225 3.6251081 5.0316261 3.5173038 2.3587343 2.3872379 2.0493746 4.7315613 3.3790474 4.3243258 2.6172891 6.5875663 3.2339978 5.5219463 4.2022553 3.4402187 4.0797192 3.1250473 3.9309137 3.8596217 3.4852845 5.2960137 4.1860339 5.0919907 4.0067050 5.0814950 5.3197662 5.0294440 5.0048689 3.9122897 3.8478093 3.4542220 2.6605060 3.1580694 5.0376791 4.1589710 2.9620969 3.1581009 3.1755364 3.5802598 3.5810592 3.6508236 2.6839772 3.8844505 3.4186713 2.3501330 2.7134739 3.2812395 3.8107079 4.4150435 3.7937701 4.0458797 3.5308905 3.7411121 3.8162556 4.0451478 3.1500479 5.1567057 4.6579712 4.2196455 4.9761673 4.2753998 4.8829563 4.5694173 5.7180163 3.5263410 
Q9G401_LITFO_393_567 3.0304941 0.0000000 2.7513144 2.6997587 2.2612016 2.7282529 2.6142946 2.7105209 2.3618046 2.8747886 2.5499806 2.7017715 4.7913891 2.4362624 2.8519637 2.4797477 2.4325129 3.9813853 3.3048953 2.7639170 3.3932037 3.1776644 3.1835329 2.2785370 2.2704013 2.6000874 4.0102890 3.2497420 2.5664199 2.9800530 6.0521309 2.9746790 7.3780979 3.8420763 4.2079989 4.2812567 4.2775840 5.9293686 4.9150992 4.6618207 4.3377281 7.4097982 7.1022751 6.3475581 6.0276123 8.0562374 5.9715794 8.1456920 6.6222681 6.4239042 5.0638724 6.4825667 5.5328328 5.2819452 4.7753512 5.7875568 4.3348543 5.6109563 6.1472982 6.2090515 6.0423409 5.2187238 5.6258895 5.9366684 4.6706541 5.1398673 5.7767986 6.7478575 6.3302237 6.1789332 5.2268989 5.7531491 7.3810878 6.3827542 8.0852903 7.1350341 6.1587518 6.6879373 5.0966530 3.7214604 5.1300235 5.1514807 4.3114403 4.9856235 3.8146644 
Q8M2C4_PYRRU_390_567 3.4023569 2.7513144 0.0000000 1.4321078 1.8461279 1.5640256 1.9885206 2.0210638 2.0816307 2.2857059 1.8572402 1.8652462 3.5692655 1.7427629 1.4912276 1.2485798 1.9466122 1.6835996 3.2600526 1.8367851 2.7470037 2.5651953 2.5675011 2.0682011 2.6907369 2.8292260 3.9928365 4.3413544 4.6089996 3.0496452 5.4954892 4.4710116 4.4792464 4.1500783 3.8741276 5.1198358 3.5547956 3.9806127 4.4073152 4.4558017 4.3604984 6.4491470 6.2762378 6.4498427 6.2824057 6.3674296 5.4805999 6.0998813 4.9004643 4.8170759 7.4777120 5.3977027 6.4791571 6.5160286 6.8147873 7.2611701 7.9513976 7.8603371 6.5211880 6.9317076 8.9999986 5.5490931 5.4320834 8.2559954 6.0272636 5.5021458 5.6299278 8.1002972 7.9970251 7.5667229 6.0043208 6.5732911 8.4547180 6.2348299 8.1127905 7.6254573 7.8368705 6.5428818 5.2395877 6.4068547 6.4208126 6.3383340 4.9596883 4.5984321 4.9001378 
Q8WB14_CRIDU_391_571 3.2669695 2.6997587 1.4321078 0.0000000 1.5904382 1.7936770 2.0289472 2.0249619 2.1388304 1.4227562 1.9060846 2.3209952 4.0510843 2.2352421 2.2158416 1.9118719 1.9719463 2.1302232 2.4732927 2.2885647 2.7275339 2.0957274 2.1672129 2.4521899 3.2433736 3.7504762 3.1848207 4.5192927 5.4288531 2.7415326 3.7020490 3.6183745 6.9282150 4.1405415 3.8878417 5.6581471 3.6260437 5.6649736 4.5872294 4.6314839 4.5681862 8.1519508 7.6258164 7.0956578 8.2612461 8.9999985 7.1193363 5.8632299 5.7793028 6.7310545 5.7754336 7.2732820 6.6483511 5.9295035 6.8645925 5.4005028 5.8813080 5.3865393 5.8269404 5.2957960 6.5065816 4.8303407 5.0273756 6.5499257 5.6176668 5.4798860 6.3430498 8.9999981 5.4868283 5.6121143 5.4172199 5.9584797 6.3410117 6.4198528 5.0811140 5.4083163 5.2756924 6.8441403 5.5257327 5.8456781 6.4544992 6.7283653 4.5523487 4.6729639 3.9246658 
Q94P58_ADABI_290_471 3.6380967 2.2612016 1.8461279 1.5904382 0.0000000 1.4285093 1.6901923 1.8444788 2.1751120 2.0675922 2.0681647 1.9553208 3.9866783 1.3538527 1.2894338 1.2040358 1.5683234 2.3329687 2.2091762 1.7926787 2.2108434 1.9378536 1.8802154 1.6253145 1.8765708 3.0080532 4.9440685 2.9467687 3.5070509 3.2307197 4.4887720 3.0980562 8.9999985 5.2219923 3.8178057 4.0298530 3.6975696 5.2851525 4.7227284 4.5573378 4.2906239 5.6487350 5.2386490 5.2743431 5.1178727 7.4355779 6.1273106 6.1833250 4.7660269 4.7692983 7.7687373 7.2410991 6.0237022 5.2755297 6.2336518 7.8660550 6.3145334 7.7540253 8.6704971 6.9628442 8.0350595 5.8464134 7.4496809 6.7602704 5.1805319 4.6246323 4.7365908 6.1369164 6.5836171 5.9543505 6.3323363 5.8554291 5.0517490 6.0359081 5.7471503 5.2348208 8.2909874 6.1289108 4.4497009 5.3773429 6.0463691 6.6903730 4.2226944 4.1096090 3.7004421 
Q94R73_TRICA_391_571 2.9054082 2.7282529 1.5640256 1.7936770 1.4285093 0.0000000 1.3165927 1.6787810 1.6145755 1.5750956 1.3815810 1.6287411 2.4524312 1.4962877 1.8448998 1.5809336 1.1760160 2.2271448 2.0135010 2.2296551 2.4309135 2.2400340 2.2123323 1.8491337 1.4707972 2.8973254 4.4017370 2.3610764 3.9895818 3.8518309 4.3581978 3.5227011 7.0468384 4.6008685 3.2732600 4.3117941 2.6833239 4.0273280 3.7885007 4.3341306 5.7588728 5.7107890 4.4505972 4.7746441 5.5664090 6.0601792 6.3095476 8.9999984 6.5210574 6.7464702 5.9112064 5.0785569 5.4083125 5.4785298 7.4463936 6.4884415 5.6559635 5.8140185 6.6037025 6.1228365 8.1154449 5.1293181 6.0615260 5.2809006 5.0631755 4.7494661 5.9145666 6.9517554 6.1311217 5.4771139 6.6714504 7.6052156 6.8253743 6.0647558 6.2819598 5.6540845 5.8311935 5.8545075 5.9808105 3.6898140 3.9655315 4.3131132 3.1115325 3.6900405 3.9137807 
Q9XMN5_CERCA_389_570 2.8449645 2.6142946 1.9885206 2.0289472 1.6901923 1.3165927 0.0000000 0.5628331 0.5078663 0.6246411 0.4790099 0.6499253 1.0239157 1.1267355 1.0922913 1.0376274 1.1505335 1.8045834 1.5872007 1.9599665 1.8702392 1.8623810 1.9876795 1.5397562 1.0480126 2.1631181 3.3668572 3.5524095 3.8107711 2.8059071 3.8804644 3.2514255 6.8962197 4.2650909 3.1711906 4.8754012 3.0861250 3.8378596 4.6904672 4.0764778 5.3382060 5.9895528 5.2187610 5.5448971 5.9917351 5.9783822 5.7317109 5.2213796 6.4923614 8.3753604 4.5930370 5.1555966 4.8138734 5.1192455 5.1531520 5.3367488 5.0886398 4.9803660 5.9871205 6.5606514 5.4995757 3.8524085 4.5386691 6.0924075 3.2712641 3.1336735 4.7917459 5.4787060 5.2531794 4.5642562 5.8077997 5.5631088 6.3942938 4.7836051 5.9771809 5.6793241 5.5241986 5.1136662 5.0313100 4.8164055 4.9175579 4.8981232 4.3227036 5.7579261 4.6645583 
NU5M_DROYA_389_570   3.9049015 2.7105209 2.0210638 2.0249619 1.8444788 1.6787810 0.5628331 0.0000000 0.5515692 0.6614286 0.5767549 0.5887174 1.3377686 1.3777031 1.1135030 0.9848809 1.1430243 1.7672019 2.0057521 1.4684006 1.5700735 1.1855255 1.4983628 1.5614812 1.4748267 2.3342312 3.6975915 3.6500597 4.4068330 3.2876335 3.9321790 3.6783747 7.2043682 3.9982161 2.9809689 5.4347951 3.4288158 4.4936327 6.3524306 3.9201945 5.8270085 6.0306842 5.6183932 6.1449816 5.6499890 5.6235286 6.0526179 5.2494394 6.1480845 7.5909680 5.2722697 5.7797584 5.0339333 4.6596716 5.9406752 5.3673721 5.4633360 5.3497410 5.4738357 5.5089547 5.5911433 4.2672438 4.7669227 5.9283674 3.8385867 3.6027158 4.7730197 4.5378637 5.2671119 5.5319383 5.1801178 5.8336709 5.8587958 5.9767187 5.8936135 6.2405881 7.2155790 5.6343792 4.8215399 4.7931136 4.7682012 5.1959772 3.2611860 5.4689878 3.8869253 
Q8SG60_9ASIL_32_213  3.4436951 2.3618046 2.0816307 2.1388304 2.1751120 1.6145755 0.5078663 0.5515692 0.0000000 0.6351664 0.4866023 0.5061242 1.2944069 1.2849277 1.0861651 1.3225248 0.9832638 1.7033775 1.8037449 1.9262421 1.6842396 1.7182132 1.8081922 1.6464080 1.2037138 1.7923282 3.7413720 3.4864793 4.5253227 2.7850789 6.2534589 3.2724150 6.2590790 3.9025657 3.0802431 5.6513564 4.1050762 4.2457865 4.6913441 4.4320596 6.1525264 7.2574057 8.2152404 7.8013467 8.1738438 7.9559462 8.7509420 5.1221269 6.8379782 7.7417430 5.2460791 6.9553912 5.9264840 5.6500910 6.1329967 5.4541134 6.4158425 5.7487901 6.3074367 6.6184510 6.1586654 4.8724215 5.1538720 6.7116756 5.2248951 5.3063738 6.7274391 5.3054323 5.6473263 5.7004380 4.9808785 6.0876421 6.2905053 6.0984061 6.5461983 7.3789679 7.6190366 4.9081167 6.0836273 4.7092284 3.9961561 4.4475561 3.7057911 5.8524864 4.2802341 
Q8SG56_9ASIL_27_208  3.3875423 2.8747886 2.2857059 1.4227562 2.0675922 1.5750956 0.6246411 0.6614286 0.6351664 0.0000000 0.5396870 0.6367478 1.3367169 1.8051605 1.4852505 1.4142451 1.0643767 1.6369933 1.7189665 1.9192707 1.7491407 1.8289923 2.1525940 1.5032729 1.4352248 2.1522311 4.3312315 3.6529161 5.2887769 3.2540864 4.5248467 3.4146345 7.3497685 3.9935717 3.1444512 5.2008146 4.5144667 4.8190916 5.4417228 5.0583050 5.2611016 6.4927309 6.2578040 6.3872020 6.5950862 6.3612328 6.5174562 5.2625984 6.5488061 8.2433777 6.0804584 6.2130747 4.9894933 4.6409028 5.7598938 5.6582674 6.6186656 5.8459355 6.1691733 6.2543767 5.7473050 4.7077091 5.4081873 6.9382770 5.5394487 4.7267057 5.7520156 5.8053154 6.1920564 5.1299342 6.8062867 6.9946557 8.7812715 6.7106716 7.2510405 7.8347729 7.0676662 5.1916226 6.3596889 5.0183470 4.3591787 4.7278322 4.3063013 6.5085973 3.9261188 
Q9MFP3_COLHO_389_570 2.9761601 2.5499806 1.8572402 1.9060846 2.0681647 1.3815810 0.4790099 0.5767549 0.4866023 0.5396870 0.0000000 0.3661155 1.1762847 1.1278932 1.0159874 0.9732237 0.8186108 1.6186187 2.1751781 1.8291187 1.9162312 1.6816980 1.7843745 1.3166748 1.0515573 1.6535169 3.1271002 2.6864943 3.9876712 2.5718367 4.7427479 2.6222373 5.2742570 3.0762405 2.4914128 4.2661199 3.4133391 3.7368503 4.3779289 3.7471194 4.4255344 7.5365337 7.1970771 6.4970911 7.7013546 7.4044014 7.2492139 5.0887506 6.5368768 7.3107822 4.3381701 5.7171772 4.9948706 5.1858323 5.1148371 4.8980459 5.5180986 5.1426958 5.2942529 7.0213588 5.9704043 4.2307330 4.2586486 5.7943462 4.4339065 4.1983062 6.0667070 5.8599131 5.0281203 4.6077639 5.3051784 6.7500679 6.0844569 4.9230845 6.8157034 5.7577312 5.6462765 4.7927231 5.2491044 4.3844973 3.5058353 4.2855634 3.2306280 5.8715644 3.8943015 
Q8SG42_9DIPT_27_208  4.0710516 2.7017715 1.8652462 2.3209952 1.9553208 1.6287411 0.6499253 0.5887174 0.5061242 0.6367478 0.3661155 0.0000000 1.5787568 1.2401229 1.1411920 1.2603378 0.8386589 1.6829271 2.5111646 1.7574558 1.6960965 1.4556035 1.8814073 1.4744687 1.1493205 1.8495852 2.9558914 3.3203700 4.0073373 2.9476347 4.7143857 2.7014556 5.1193400 3.4407129 2.8965854 5.1204657 3.4588064 4.0044189 6.4664845 4.7485138 5.0103169 7.1306087 6.1616571 6.3716161 6.5127006 6.4986694 7.4763829 4.7643890 6.4006890 6.8700497 4.6202553 4.9041818 4.6878106 4.8512150 4.3904606 5.2845955 5.2585934 4.6929145 5.4741810 5.1884463 5.2227115 3.5751261 4.6955259 5.5081877 4.0015142 3.5620430 5.5726645 5.1437784 5.2710447 4.2434394 4.6829096 5.4279544 4.3638629 4.3367419 4.9319126 5.7281587 5.8435645 4.8421083 5.2119848 4.6133361 4.7863558 4.8132239 3.4475117 4.5389503 3.7352875 
Q8SG48_9ASIL_20_201  4.9179113 4.7913891 3.5692655 4.0510843 3.9866783 2.4524312 1.0239157 1.3377686 1.2944069 1.3367169 1.1762847 1.5787568 0.0000000 2.8895845 2.5444769 2.7221534 2.3052049 2.6350896 3.3302114 4.5694761 3.2170863 4.0131737 3.6241555 2.1934206 2.4354826 3.3460114 5.0623886 5.4391496 8.4727938 4.6055780 8.9999988 5.6837179 8.9999986 5.9394227 6.4673527 6.8549930 5.5900429 5.8817329 6.7369215 7.3033053 8.9999982 8.3324910 8.9999986 8.9999989 8.9999983 8.9999989 8.9999983 7.6254322 8.4165726 8.9999982 8.9999989 8.4279705 7.2367258 8.1148209 8.8013992 8.5851367 8.9999986 8.9999989 8.9999987 8.9999989 8.9999983 5.9069754 8.9999990 8.9999982 6.1119733 5.8787777 7.1117483 8.0994699 8.5566289 8.9999987 8.9999990 8.9999989 8.7138273 7.5325779 8.9999986 8.5958447 7.0569066 7.9848070 8.9999987 8.9996102 7.0412945 7.8688671 8.9999986 8.9999987 7.9821039 
Q8HB51_9CARA_172_353 3.2738945 2.4362624 1.7427629 2.2352421 1.3538527 1.4962877 1.1267355 1.3777031 1.2849277 1.8051605 1.1278932 1.2401229 2.8895845 0.0000000 0.2732279 0.4037970 1.0969708 2.1575067 1.8026820 1.5175314 1.5718365 1.5313270 1.5571375 1.1901336 1.5301049 2.3114665 3.5387713 2.4374649 3.6526849 2.9660625 3.9566230 3.0189889 5.7644230 4.3559342 2.5995411 3.5275877 2.8324428 3.2822665 4.1438582 3.5616621 4.4745812 8.0116766 7.3302579 7.7757036 7.8079276 7.1208951 7.4126737 5.1999981 5.6597264 6.5821466 4.3780024 5.0003942 4.9047629 5.2331800 4.8539603 5.9437526 5.3227682 4.9428784 5.3750975 5.8518497 6.6735246 4.5288499 5.7843214 5.3403969 3.9022473 3.7928707 5.2143646 4.9511540 4.8583516 3.9829917 4.3153686 6.1166279 4.7534643 4.9518946 4.8683103 4.6046023 6.9175678 5.3953549 4.2099251 3.3882723 3.6350758 4.1612461 2.9841336 4.6717761 3.7313909 
Q9TE92_9CARA_172_353 2.8889501 2.8519637 1.4912276 2.2158416 1.2894338 1.8448998 1.0922913 1.1135030 1.0861651 1.4852505 1.0159874 1.1411920 2.5444769 0.2732279 0.0000000 0.2548883 0.8571828 1.6709871 2.0048274 1.4044382 1.3393225 1.5475723 1.5485372 1.2506272 1.5464882 1.6249444 3.6790400 2.5874761 4.1433592 2.3307142 4.3582966 2.8087162 4.5103845 3.7379714 2.6017877 4.0888411 3.4417625 3.0659749 4.0215363 4.5514434 4.6173045 7.1352950 7.1160722 7.9989118 6.9891057 7.4322574 7.3606545 4.4929793 4.6111091 4.6787018 4.1712295 4.6825576 4.7459163 4.7503383 4.3885225 4.9520944 5.3001804 4.6251817 5.0436975 5.6648413 5.7241311 3.6073723 4.9752471 4.7962686 3.2612193 3.1050491 4.4688198 3.7990794 4.4276965 4.0829911 4.6247015 5.0394070 4.8955479 4.3529506 5.4105851 4.4913877 6.3956301 5.1018875 4.3854716 3.8016019 3.5070340 3.8464757 3.0082431 4.9328043 3.8142157 
Q8HDH0_9CARA_172_353 3.1150777 2.4797477 1.2485798 1.9118719 1.2040358 1.5809336 1.0376274 0.9848809 1.3225248 1.4142451 0.9732237 1.2603378 2.7221534 0.4037970 0.2548883 0.0000000 0.7552250 1.7539150 1.9667683 1.1866746 1.7310110 1.3407466 1.4054645 1.4338943 1.5478256 1.8703954 3.6412319 2.5772478 4.1976813 3.1549122 4.2719601 2.8827341 4.5826059 3.2987592 3.0312785 3.6199357 2.9943690 3.5844709 3.9755422 3.8658746 4.3270620 6.8297314 5.6290680 6.5510232 6.3779915 6.3480037 6.1963816 5.2571765 4.5605815 5.6731419 5.1657527 4.8161632 5.3712558 4.2850597 4.6846318 5.5363583 5.7038579 5.4857024 4.9518845 5.7298913 6.9529640 4.3158170 4.8274438 4.8508362 2.9285370 3.2207361 4.6967374 4.8600693 3.9207864 4.8469602 4.6862190 6.0552431 5.4078471 4.2809411 6.6020052 4.3948442 5.8079465 5.2381974 3.8527773 3.8141895 3.6347695 3.8910261 2.7423635 4.3301507 3.3594215 
O63702_9NEOP_173_354 2.3197614 2.4325129 1.9466122 1.9719463 1.5683234 1.1760160 1.1505335 1.1430243 0.9832638 1.0643767 0.8186108 0.8386589 2.3052049 1.0969708 0.8571828 0.7552250 0.0000000 2.0920541 2.0464191 1.1373080 1.4949490 1.4249220 1.4711808 1.1443571 1.0148139 1.5672465 2.6536440 2.5353165 3.8404377 2.6605496 3.2804530 2.2181878 5.0029593 3.2015891 2.4789014 3.4838224 3.0961765 4.1862305 4.3998622 4.4362746 5.4089303 5.2550726 3.8967039 4.5844859 5.1400573 4.9168857 4.8976524 3.9894429 3.5322717 3.8965273 3.8716058 4.0508754 4.0692277 4.4844647 4.2596626 4.6277984 4.5908612 4.1446233 5.4003652 4.5580328 4.8300781 2.7755175 4.1632984 4.3586342 3.0959521 3.0666781 3.8264533 4.5056382 4.0614579 3.4964466 4.4978520 4.8642029 4.2013660 3.7120529 4.0959273 3.8798391 4.2421773 4.2631937 5.6386881 3.9240638 3.1676749 4.1768224 2.9118466 4.1111517 2.9891539 
Q8SG50_9DIPT_24_205  3.2787922 3.9813853 1.6835996 2.1302232 2.3329687 2.2271448 1.8045834 1.7672019 1.7033775 1.6369933 1.6186187 1.6829271 2.6350896 2.1575067 1.6709871 1.7539150 2.0920541 0.0000000 2.4119307 2.3362668 2.7346785 3.2530199 2.3822558 1.9523744 2.3042281 2.3943247 2.9715663 3.7358631 4.4464988 2.2889978 5.5551471 3.5852546 5.2889406 3.8499285 3.6607558 3.7624308 2.5839544 3.6037541 6.3714475 4.7818277 3.8650486 8.2180676 7.0254843 7.9961551 7.3554849 7.7496296 7.0221471 5.5909464 5.1140450 6.3178218 5.0433721 3.7333208 4.8791479 5.9409485 4.8506105 4.8968277 4.4389602 4.8090361 5.1420037 4.9190837 6.0022843 4.2562064 4.0983986 5.5021845 4.1746071 4.2109874 5.7679491 4.6678593 5.0196235 4.9676577 5.9245126 5.3072016 5.1108200 5.0922836 5.6840722 5.8334481 5.3869079 5.4778388 7.8253583 4.4298308 4.8236316 3.8765478 4.0494891 5.0007882 4.4145554 
NU5M_LOCMI_389_570   3.3659140 3.3048953 3.2600526 2.4732927 2.2091762 2.0135010 1.5872007 2.0057521 1.8037449 1.7189665 2.1751781 2.5111646 3.3302114 1.8026820 2.0048274 1.9667683 2.0464191 2.4119307 0.0000000 3.5637953 3.0110817 3.2113190 3.0735040 1.8516222 1.6275734 2.2253298 3.6245789 2.9317274 3.6479859 2.3609585 5.3094491 3.4742918 5.6459081 4.9495241 4.0778012 4.6194915 2.8102762 4.2725113 5.6756145 3.8543534 5.2953139 6.0560641 4.9914479 5.7289001 5.4913560 5.4280683 5.8202432 6.8754339 5.2767783 5.5947928 6.0644358 5.5432538 5.3115201 5.5972391 7.4289330 5.8381169 5.3189998 5.1004968 6.1422587 4.9885706 7.4802672 6.0596114 4.5532481 6.3706048 4.5152145 3.9594554 4.9892385 6.4493186 7.1576663 5.9952625 6.3686686 4.9539175 6.0119894 7.0358133 4.2915520 6.5424116 8.9999988 5.4555760 6.4201840 5.6407351 5.1568663 5.0185390 4.9055933 4.5376839 3.5570556 
Q8HQC4_9NEOP_388_569 4.2554225 2.7639170 1.8367851 2.2885647 1.7926787 2.2296551 1.9599665 1.4684006 1.9262421 1.9192707 1.8291187 1.7574558 4.5694761 1.5175314 1.4044382 1.1866746 1.1373080 2.3362668 3.5637953 0.0000000 0.5163710 0.6084625 0.6882293 1.9720181 1.9743779 2.8845161 4.0095948 3.7524571 5.0685136 3.8930792 4.1344878 3.4344383 7.3943919 4.2665490 3.2341080 4.4379353 3.6671257 6.2987240 5.6547593 7.3478364 3.7173356 7.2026040 6.0186681 6.5469361 6.1786271 5.8870407 6.6122486 6.3496994 4.6550675 6.4356121 6.7493565 6.4559804 6.1928310 6.5426400 5.8702939 7.6389284 5.7623578 6.6002871 7.1627244 6.6385378 7.4301013 5.5422629 6.2802952 5.9513697 6.6957357 5.2063952 5.0375775 5.2174187 6.2773535 6.0599847 6.7162649 6.2401729 5.9039568 5.2725320 5.9919021 5.6136589 4.7521747 5.0942899 5.9806948 5.4782538 5.7300683 5.6102427 3.9951628 5.7968576 4.2587754 
Q9MIE7_BOMMO_389_570 3.6251081 3.3932037 2.7470037 2.7275339 2.2108434 2.4309135 1.8702392 1.5700735 1.6842396 1.7491407 1.9162312 1.6960965 3.2170863 1.5718365 1.3393225 1.7310110 1.4949490 2.7346785 3.0110817 0.5163710 0.0000000 0.3928471 0.4985560 2.2702869 1.6128218 2.9187969 3.9915879 3.6683654 5.1593615 3.4664906 5.1140706 2.8587270 6.1743529 3.6172281 2.7660799 4.4354802 3.4517081 4.7841258 4.6829464 6.5960488 3.1561072 5.7619346 5.6370650 5.7490584 4.8355125 5.2584749 5.1296179 4.8978794 4.3037219 4.7062468 5.2876183 4.5889752 4.4142292 5.2639817 4.0572281 6.0708595 4.2995735 5.3266957 6.2007392 5.9146796 5.2115105 3.6170772 5.3263169 3.9872238 4.6363840 3.3695856 3.9717310 4.2921844 5.1268585 4.2909366 3.9430469 3.6417803 4.2259650 3.5625709 3.9814172 4.3089000 3.7114157 4.2496884 5.1698195 5.0987086 5.8530825 5.9089266 3.9710051 6.6456890 4.6715044 
Q8WB27_9NEOP_389_570 5.0316261 3.1776644 2.5651953 2.0957274 1.9378536 2.2400340 1.8623810 1.1855255 1.7182132 1.8289923 1.6816980 1.4556035 4.0131737 1.5313270 1.5475723 1.3407466 1.4249220 3.2530199 3.2113190 0.6084625 0.3928471 0.0000000 0.5119471 2.2881749 1.8685844 2.8773953 4.6451365 3.3335446 6.0698582 3.9144895 4.4759646 3.6291348 8.9380775 4.0067716 2.7284744 4.4700524 4.0198763 6.0009769 5.5186808 5.9773487 3.4062738 5.5821736 5.9627804 5.0404141 5.1269008 5.3984964 5.9297105 6.9624700 5.9123949 6.0428467 6.3201835 6.2303300 5.8985789 4.4886883 5.4488165 7.4497747 6.0469088 7.0262555 7.0655662 6.9072388 5.3973721 5.4683721 6.4050623 4.8557255 5.3664156 4.3584616 4.7135004 4.8384709 5.7249054 5.7020376 4.6241289 5.2137338 5.8580581 5.1546644 5.7692390 6.5202476 4.9687962 4.6623248 5.5854806 5.9212395 7.1365946 7.0078540 4.1530491 6.1175242 4.5879864 
O63307_9NEOP_170_351 3.5173038 3.1835329 2.5675011 2.1672129 1.8802154 2.2123323 1.9876795 1.4983628 1.8081922 2.1525940 1.7843745 1.8814073 3.6241555 1.5571375 1.5485372 1.4054645 1.4711808 2.3822558 3.0735040 0.6882293 0.4985560 0.5119471 0.0000000 2.0287956 1.6916389 3.3296627 4.3322051 3.0449206 4.2656366 3.3329965 5.0529206 2.7888494 7.3738592 4.2876239 2.8417128 3.6555166 3.7558395 6.0661375 5.2963190 5.2561327 3.1768164 5.7373865 3.9597308 4.8879096 4.8180066 4.7362004 5.2016876 6.3669071 5.4912361 7.4768127 5.1541952 4.4150561 5.0532823 5.1522156 4.4965526 5.9536808 4.4455890 4.9270407 5.9204273 5.7352463 5.6979461 4.5100551 4.8590718 4.1199863 4.6375752 3.9164670 5.2917805 4.5465995 4.1782032 5.1000183 4.8036115 4.1860336 4.7039625 4.6435580 6.1382166 4.6586849 4.5772461 3.8186224 6.0681710 4.9950554 5.6732538 4.8361589 4.3033823 7.1425872 3.5373330 
Q9MGD3_PENMO_392_573 2.3587343 2.2785370 2.0682011 2.4521899 1.6253145 1.8491337 1.5397562 1.5614812 1.6464080 1.5032729 1.3166748 1.4744687 2.1934206 1.1901336 1.2506272 1.4338943 1.1443571 1.9523744 1.8516222 1.9720181 2.2702869 2.2881749 2.0287956 0.0000000 1.2749919 1.6629072 2.3991028 2.1149052 3.2171804 2.4615795 3.8620601 2.5243825 6.5194611 3.1291322 2.9972602 3.4725156 3.4650554 3.8058083 5.3013507 4.1522255 3.9126081 4.1802698 3.0882402 4.1287591 4.5352755 3.7001701 4.1817982 3.7069944 4.8590736 5.8400959 3.4463996 3.6973808 3.7713286 4.2202201 4.8253137 4.6261899 4.6534611 4.0573732 4.3780605 5.4113232 4.7922061 3.2085257 4.4286664 4.7439627 3.4484286 3.2385440 3.2516041 3.7963450 4.7799192 4.2802061 4.9952125 5.3511908 5.0431529 4.9673186 5.2443663 4.9465338 5.5329604 3.8766428 5.2523113 3.3996071 3.5405357 4.0831515 3.6641172 4.2173711 3.0404836 
Q9MNX4_PAGLO_388_569 2.3872379 2.2704013 2.6907369 3.2433736 1.8765708 1.4707972 1.0480126 1.4748267 1.2037138 1.4352248 1.0515573 1.1493205 2.4354826 1.5301049 1.5464882 1.5478256 1.0148139 2.3042281 1.6275734 1.9743779 1.6128218 1.8685844 1.6916389 1.2749919 0.0000000 1.5323664 3.2469961 3.0359357 3.7493690 2.6288444 4.2734045 2.1559555 6.8134172 3.4398046 3.0714911 3.6915450 3.7607576 3.7306472 5.1614391 4.9704455 4.2801689 4.9450335 4.7168113 4.2458467 6.2756817 6.0614091 6.2262464 4.8293799 5.5105052 5.9982606 4.6902943 5.0071673 4.6247434 3.7217958 5.4635855 5.3641329 4.6392704 4.2746216 5.1169815 5.3970599 5.6876139 3.2296638 5.2372942 5.6157216 3.8642745 3.6701607 4.7200568 4.9995980 4.6930768 4.3442907 5.3916324 4.7466836 6.3029767 4.3740537 4.6504984 5.6631285 6.7885499 3.9882142 5.5553655 3.6504981 3.5922996 3.7059415 3.0778963 4.5059914 3.2379367 
Q8HD86_PANJA_394_575 2.0493746 2.6000874 2.8292260 3.7504762 3.0080532 2.8973254 2.1631181 2.3342312 1.7923282 2.1522311 1.6535169 1.8495852 3.3460114 2.3114665 1.6249444 1.8703954 1.5672465 2.3943247 2.2253298 2.8845161 2.9187969 2.8773953 3.3296627 1.6629072 1.5323664 0.0000000 3.4713428 3.1479900 3.8072931 2.0836378 6.1960516 3.0353731 4.2555050 3.8469847 2.8020834 4.2895018 3.1156092 4.1725198 4.5258599 3.8081995 3.8826659 4.5065591 4.5235276 5.6066423 4.9798410 5.9875695 5.0246936 3.5516195 3.7156416 3.9063479 4.1516818 4.9265462 4.8212548 4.6021890 3.9071570 4.5763928 5.0726889 4.3256089 4.9659412 4.4119710 5.7792918 3.5541923 3.7779983 5.1118626 4.1037603 3.8257618 4.4309223 5.6787967 5.6178943 4.8045317 4.4614618 3.7780350 4.1504779 4.1174318 4.9518246 4.9286820 5.7234263 4.0616831 5.3621402 4.2024712 4.0343269 4.4812498 3.4395430 4.2446515 3.5415819 
Q9G804_TRIDM_392_570 4.7315613 4.0102890 3.9928365 3.1848207 4.9440685 4.4017370 3.3668572 3.6975915 3.7413720 4.3312315 3.1271002 2.9558914 5.0623886 3.5387713 3.6790400 3.6412319 2.6536440 2.9715663 3.6245789 4.0095948 3.9915879 4.6451365 4.3322051 2.3991028 3.2469961 3.4713428 0.0000000 4.0454387 4.0720972 3.1285111 3.1857568 4.1970537 5.4329319 4.0445745 6.3567001 5.8056520 3.9439690 6.1486920 6.3668003 5.7063457 5.0157234 8.9999985 7.5358594 8.9999986 8.9999989 8.9999982 8.9999982 7.0594122 7.1667758 8.7498754 6.1523542 6.7420006 7.7907182 8.6564543 6.8951442 8.3216303 7.1379426 7.5510620 7.8285114 7.6802242 7.9011065 6.7707791 5.5662469 6.3066229 6.1227116 5.8589448 7.7467327 8.6035945 6.7126489 6.4342498 6.3671292 6.8869163 5.0969725 5.5564078 5.4894757 4.4022800 4.9476484 5.9245835 8.9999984 4.7099109 5.4570215 6.4767550 5.5273483 3.4281886 5.0059625 
Q9MLQ1_LIMPO_393_568 3.3790474 3.2497420 4.3413544 4.5192927 2.9467687 2.3610764 3.5524095 3.6500597 3.4864793 3.6529161 2.6864943 3.3203700 5.4391496 2.4374649 2.5874761 2.5772478 2.5353165 3.7358631 2.9317274 3.7524571 3.6683654 3.3335446 3.0449206 2.1149052 3.0359357 3.1479900 4.0454387 0.0000000 3.6972474 3.0295551 5.1772066 3.6112448 5.0082469 4.0175738 4.4035670 2.3357287 3.9104436 4.3381619 4.9462031 4.2748373 4.9507523 4.4085422 4.6953750 4.8516860 5.0152508 4.9822643 6.3432594 6.6357855 5.7410996 5.8035673 7.0389119 7.0882978 6.1740230 6.0147403 7.3089051 6.0187014 6.6810066 7.3223907 7.2429816 7.7286052 8.2014708 6.3052189 6.2089467 6.2193360 7.0946701 5.6247905 5.6236618 6.3411711 7.5889742 7.3577688 6.2936855 5.8912345 7.0740077 6.2941653 7.2560538 6.5265558 7.2672988 7.0794750 6.1863419 4.9059174 5.4325624 5.9273754 4.9173119 4.5782525 5.3312059 
Q8WA96_NARAN_390_567 4.3243258 2.5664199 4.6089996 5.4288531 3.5070509 3.9895818 3.8107711 4.4068330 4.5253227 5.2887769 3.9876712 4.0073373 8.4727938 3.6526849 4.1433592 4.1976813 3.8404377 4.4464988 3.6479859 5.0685136 5.1593615 6.0698582 4.2656366 3.2171804 3.7493690 3.8072931 4.0720972 3.6972474 0.0000000 2.6601072 6.7288790 5.5665462 8.9999989 6.3853911 3.6964884 4.2547237 3.8949469 8.9999989 7.4289580 4.5465512 5.4032301 8.9999989 7.4531293 7.7980640 8.9999990 8.2552892 7.8237040 8.9999981 8.4946198 8.1927769 6.0924946 7.7761754 6.7805258 8.9999985 5.3408325 8.4585563 6.8724211 7.5139606 8.1258685 7.0249670 8.9999981 5.8789133 5.8071869 6.5819119 5.3415131 4.9452032 8.9999985 7.3121255 7.9920816 8.0174996 6.9947871 5.1097901 8.2410632 8.3086155 8.9999983 8.9999984 8.9999983 5.9669605 8.9999985 5.1208705 5.7121487 6.7758746 5.8988911 6.2584281 4.7746862 
Q8WA83_9MYRI_392_570 2.6172891 2.9800530 3.0496452 2.7415326 3.2307197 3.8518309 2.8059071 3.2876335 2.7850789 3.2540864 2.5718367 2.9476347 4.6055780 2.9660625 2.3307142 3.1549122 2.6605496 2.2889978 2.3609585 3.8930792 3.4664906 3.9144895 3.3329965 2.4615795 2.6288444 2.0836378 3.1285111 3.0295551 2.6601072 0.0000000 5.0886520 3.2718475 7.2813121 3.7792839 4.0515544 4.2859165 2.5540744 4.7641059 4.3556944 5.3398755 4.1404219 6.2084255 6.3549272 7.0678903 7.1119798 8.7827029 6.7861818 6.5937683 7.0172557 6.5152094 3.9113638 4.1148111 4.5811477 5.3327447 4.0295116 4.5284680 5.4029017 4.6096440 5.3080267 6.2886614 7.1006079 4.1637521 3.3738315 5.8144017 4.8262366 4.4594170 5.0348091 4.7021296 5.9885259 5.5430957 4.8922331 4.7055648 5.3086926 6.0258592 5.9093359 5.4459285 6.1887646 4.7241430 7.2850975 5.5069897 5.1270486 4.7846948 5.1435568 5.3263760 3.4357723 
Q9B510_TETBI_392_570 6.5875663 6.0521309 5.4954892 3.7020490 4.4887720 4.3581978 3.8804644 3.9321790 6.2534589 4.5248467 4.7427479 4.7143857 8.9999988 3.9566230 4.3582966 4.2719601 3.2804530 5.5551471 5.3094491 4.1344878 5.1140706 4.4759646 5.0529206 3.8620601 4.2734045 6.1960516 3.1857568 5.1772066 6.7288790 5.0886520 0.0000000 4.0818366 8.0858603 5.9265299 5.5077315 7.4162538 5.8485195 8.9999980 8.9999989 8.5982705 6.6825602 8.9999988 8.9999986 8.9999986 8.9999989 8.9999984 8.9999985 8.9999982 8.9999983 8.9999987 8.9999982 8.9999982 7.7568420 8.4741171 8.9999987 8.9999988 8.9999984 8.9999988 8.9999986 8.9999984 8.9999982 7.3125560 8.2687388 8.9999986 8.5199180 7.5559503 8.1229794 8.9999986 8.9999988 8.9999985 8.9999985 8.9999985 8.9999990 8.9999988 8.9999986 8.9999986 8.9999983 8.9999981 8.9999985 8.9999982 8.9999985 8.9999984 6.9417225 4.9360243 8.0727227 
Q34843_KATTU_392_568 3.2339978 2.9746790 4.4710116 3.6183745 3.0980562 3.5227011 3.2514255 3.6783747 3.2724150 3.4146345 2.6222373 2.7014556 5.6837179 3.0189889 2.8087162 2.8827341 2.2181878 3.5852546 3.4742918 3.4344383 2.8587270 3.6291348 2.7888494 2.5243825 2.1559555 3.0353731 4.1970537 3.6112448 5.5665462 3.2718475 4.0818366 0.0000000 5.6299534 4.1380744 3.2262999 4.4685803 3.2506451 4.0363162 5.0006442 6.8128524 5.1901447 4.1483406 3.8738034 3.6043170 3.2681149 3.2467303 3.0657676 4.6604775 3.5066473 4.0699860 4.8752281 3.7679851 4.3263534 4.0169270 3.3704538 4.1017067 4.3287278 3.5229364 4.8736752 4.1946841 5.2244630 3.5930671 5.2326083 3.7791526 4.0063006 3.4502664 3.3113151 3.5673156 4.7563680 4.1666035 3.2792590 3.5248761 4.6787995 3.6676828 5.5426660 3.8140673 3.9821966 4.1587769 4.4134809 3.1693065 3.6456570 4.2993357 3.2648777 4.3606160 2.9778977 
Q953X4_9BILA_385_561 5.5219463 7.3780979 4.4792464 6.9282150 8.9999985 7.0468384 6.8962197 7.2043682 6.2590790 7.3497685 5.2742570 5.1193400 8.9999986 5.7644230 4.5103845 4.5826059 5.0029593 5.2889406 5.6459081 7.3943919 6.1743529 8.9380775 7.3738592 6.5194611 6.8134172 4.2555050 5.4329319 5.0082469 8.9999989 7.2813121 8.0858603 5.6299534 0.0000000 2.8595106 7.8607386 7.1584029 3.8478691 6.6197448 3.6580499 7.7001131 8.2980669 7.3945550 7.6745398 7.5503315 7.5150166 8.7191305 7.6480193 7.1922213 5.8224404 6.5578756 8.2552064 7.7340617 7.4869092 7.6379019 5.3841009 7.9616912 8.8315822 8.3484131 7.2078685 8.0235373 7.2508348 6.8192394 6.2569883 7.7970088 8.5402802 6.5147582 6.4148995 8.9999987 8.5459867 6.6546409 6.4602933 6.5518337 6.7795123 5.4798410 6.7681653 5.3675686 7.2907257 8.9999986 7.4866145 8.5524650 5.3136110 5.6465142 5.6306974 8.9999987 6.4646240 
Q9XLR8_DAPPU_392_568 4.2022553 3.8420763 4.1500783 4.1405415 5.2219923 4.6008685 4.2650909 3.9982161 3.9025657 3.9935717 3.0762405 3.4407129 5.9394227 4.3559342 3.7379714 3.2987592 3.2015891 3.8499285 4.9495241 4.2665490 3.6172281 4.0067716 4.2876239 3.1291322 3.4398046 3.8469847 4.0445745 4.0175738 6.3853911 3.7792839 5.9265299 4.1380744 2.8595106 0.0000000 5.1654323 6.7566669 3.0139237 6.1853973 5.5959535 5.2425771 6.6971399 6.1531562 5.8307309 4.8886932 6.3004393 5.9676490 6.9346306 4.1344047 4.3713082 4.4684519 5.1031571 4.4911230 4.7167928 5.1945233 4.3573851 5.4223330 5.3759329 4.8534039 4.5801851 4.7386478 4.5982030 4.0352717 4.9128522 5.9345640 5.1315198 5.0983458 6.0163258 5.4346387 5.4754261 3.6272577 5.2133774 5.6489035 5.2191698 4.7900773 5.3685742 5.6333781 5.7614689 5.3113379 4.8476694 8.2153115 6.1289869 7.5738686 5.5939626 7.6472559 5.0201108 
Q956D3_9BIVA_395_566 3.4402187 4.2079989 3.8741276 3.8878417 3.8178057 3.2732600 3.1711906 2.9809689 3.0802431 3.1444512 2.4914128 2.8965854 6.4673527 2.5995411 2.6017877 3.0312785 2.4789014 3.6607558 4.0778012 3.2341080 2.7660799 2.7284744 2.8417128 2.9972602 3.0714911 2.8020834 6.3567001 4.4035670 3.6964884 4.0515544 5.5077315 3.2262999 7.8607386 5.1654323 0.0000000 3.7056507 4.2587649 6.9249217 5.9887377 4.6346706 4.0641647 5.6656852 5.4842265 4.8192993 5.8808636 5.7108341 5.4938073 6.6106362 5.6445328 7.0402893 5.5407916 5.8719700 5.6916145 5.8550731 5.3583249 5.2924732 7.2472778 6.3250716 6.1817351 5.8426522 6.0360622 4.8062352 5.9808333 6.2280624 5.2004327 5.1167172 6.1785928 6.8595199 6.4312782 4.5687738 5.2991453 7.0740407 6.2786472 6.2980236 8.3725013 7.9898843 8.0183603 5.8079619 6.7892781 4.2848071 5.1452967 5.7895221 4.6769161 4.5813430 4.2428276 
Q8HQJ7_ORNMO_383_553 4.0797192 4.2812567 5.1198358 5.6581471 4.0298530 4.3117941 4.8754012 5.4347951 5.6513564 5.2008146 4.2661199 5.1204657 6.8549930 3.5275877 4.0888411 3.6199357 3.4838224 3.7624308 4.6194915 4.4379353 4.4354802 4.4700524 3.6555166 3.4725156 3.6915450 4.2895018 5.8056520 2.3357287 4.2547237 4.2859165 7.4162538 4.4685803 7.1584029 6.7566669 3.7056507 0.0000000 4.0047827 8.3409997 6.4060764 3.7163847 4.6776508 6.4384536 6.8123924 5.0164168 5.1724147 5.4719701 5.0452195 5.7108103 5.1360788 6.8480960 5.8407931 4.8994183 5.3225733 5.2492881 5.3147946 6.0060663 4.3784238 5.3643153 5.1289506 5.7245549 5.2674586 5.6754040 6.0670748 6.3030896 4.8495136 4.5723999 5.2140686 4.6334880 4.8906374 5.1051704 5.9474247 6.4216262 6.0251359 7.5013405 7.0792908 7.9806331 5.4161158 6.7773072 7.3191748 3.8819065 4.7320886 5.5232936 4.4606277 5.2084548 3.6653092 
NU5M_LUMTE_392_573   3.1250473 4.2775840 3.5547956 3.6260437 3.6975696 2.6833239 3.0861250 3.4288158 4.1050762 4.5144667 3.4133391 3.4588064 5.5900429 2.8324428 3.4417625 2.9943690 3.0961765 2.5839544 2.8102762 3.6671257 3.4517081 4.0198763 3.7558395 3.4650554 3.7607576 3.1156092 3.9439690 3.9104436 3.8949469 2.5540744 5.8485195 3.2506451 3.8478691 3.0139237 4.2587649 4.0047827 0.0000000 3.2771916 3.9288588 4.4408905 3.4836587 4.0263736 3.0724159 4.2871494 3.7400294 4.4544186 4.0031382 6.2282020 3.8650693 4.7812212 4.6921590 3.2618560 4.0914446 4.7486623 4.2391014 4.5672416 4.7099190 3.8512838 5.3697252 4.9006066 4.5434678 4.2168681 3.9848856 4.3866403 3.1049158 2.9240927 4.3714414 4.9393378 4.9467669 4.0676708 3.0103030 3.5663594 3.4754812 3.7411437 3.9531602 3.6451067 4.7881171 5.3012812 5.0593360 3.7729324 3.9178358 3.4804515 2.8297067 4.3805519 4.4467853 
Q9TB51_PLADU_388_560 3.9309137 5.9293686 3.9806127 5.6649736 5.2851525 4.0273280 3.8378596 4.4936327 4.2457865 4.8190916 3.7368503 4.0044189 5.8817329 3.2822665 3.0659749 3.5844709 4.1862305 3.6037541 4.2725113 6.2987240 4.7841258 6.0009769 6.0661375 3.8058083 3.7306472 4.1725198 6.1486920 4.3381619 8.9999989 4.7641059 8.9999980 4.0363162 6.6197448 6.1853973 6.9249217 8.3409997 3.2771916 0.0000000 4.5735200 8.5660332 8.4885174 4.6147992 7.0671887 8.9999988 7.5458491 7.6770480 7.8182620 7.2697744 7.3890796 5.8663317 4.9496197 4.4203449 5.4450537 5.2817229 6.2604932 3.8432082 5.6139953 4.3225320 5.3602832 4.7130314 6.1815104 5.2532659 3.3033353 4.6810069 5.4697546 4.9374142 5.1374308 4.4146995 4.9720867 5.5355099 5.9170137 5.3485262 5.4505179 4.5787311 4.5575676 5.1915455 6.4252333 7.3090698 6.9070642 5.5418621 5.9662565 5.9359440 5.5738284 7.2464990 8.2579915 
Q9T9N5_9BILA_395_573 3.8596217 4.9150992 4.4073152 4.5872294 4.7227284 3.7885007 4.6904672 6.3524306 4.6913441 5.4417228 4.3779289 6.4664845 6.7369215 4.1438582 4.0215363 3.9755422 4.3998622 6.3714475 5.6756145 5.6547593 4.6829464 5.5186808 5.2963190 5.3013507 5.1614391 4.5258599 6.3668003 4.9462031 7.4289580 4.3556944 8.9999989 5.0006442 3.6580499 5.5959535 5.9887377 6.4060764 3.9288588 4.5735200 0.0000000 7.2085097 6.4746880 7.2495030 6.9956021 6.4021468 5.9864305 6.9100955 7.0676710 6.4753848 4.0600973 3.8515945 8.0497852 7.6447230 6.8703972 6.5018629 6.5275727 6.4321461 6.8452362 6.9955439 7.4630862 7.0693736 8.9999983 6.3024074 4.5046854 6.6273558 6.5044565 6.0815478 6.7227946 7.5801191 7.5636514 6.4219439 4.7899647 4.2709448 7.4513119 5.7303714 5.0318069 4.4463504 6.8483471 8.9999982 6.2762813 3.7799965 3.7710499 3.3244403 4.2069166 8.1679989 4.1287229 
NU5M_ARTSF_373_541   3.4852845 4.6618207 4.4558017 4.6314839 4.5573378 4.3341306 4.0764778 3.9201945 4.4320596 5.0583050 3.7471194 4.7485138 7.3033053 3.5616621 4.5514434 3.8658746 4.4362746 4.7818277 3.8543534 7.3478364 6.5960488 5.9773487 5.2561327 4.1522255 4.9704455 3.8081995 5.7063457 4.2748373 4.5465512 5.3398755 8.5982705 6.8128524 7.7001131 5.2425771 4.6346706 3.7163847 4.4408905 8.5660332 7.2085097 0.0000000 8.9999986 7.5427208 7.7193898 5.9434854 6.2130936 6.0223504 5.5490368 6.8192521 7.0864892 7.3830341 4.2972468 5.8775110 5.5376532 6.2872420 4.2240834 4.5288199 5.0831970 4.7060953 4.4725304 5.7799583 4.6435866 3.9622153 4.3614011 7.1026952 4.0948897 4.7600530 6.1264642 7.0004160 4.8678668 4.1919582 3.8140334 7.1920206 5.1814330 4.5559715 4.5144275 4.4976744 5.3635463 4.9870247 4.9814643 6.0106737 7.3160241 7.7242521 6.5583861 5.6190558 6.4079715 
Q9MJ59_LOLBL_393_566 5.2960137 4.3377281 4.3604984 4.5681862 4.2906239 5.7588728 5.3382060 5.8270085 6.1525264 5.2611016 4.4255344 5.0103169 8.9999982 4.4745812 4.6173045 4.3270620 5.4089303 3.8650486 5.2953139 3.7173356 3.1561072 3.4062738 3.1768164 3.9126081 4.2801689 3.8826659 5.0157234 4.9507523 5.4032301 4.1404219 6.6825602 5.1901447 8.2980669 6.6971399 4.0641647 4.6776508 3.4836587 8.4885174 6.4746880 8.9999986 0.0000000 8.9999981 8.7305920 8.8635305 8.8383417 8.9999987 7.5919337 8.9999982 8.9999989 8.9999987 8.9999984 6.8152889 8.5985283 8.9999986 6.9135271 8.9999982 8.6876149 8.2802982 8.9999986 8.9999988 8.9999984 8.9999986 8.7700632 8.0559239 8.4005111 8.0676221 8.4141914 7.9242370 8.6449814 8.9999988 7.6737343 7.2872226 8.9999990 8.9999989 8.9999986 8.9999989 8.3787802 7.6694807 8.5269834 6.1758059 7.1387258 6.7428788 6.7275098 6.1492154 6.0125951 
Q9XL01_AYTAM_423_604 4.1860339 7.4097982 6.4491470 8.1519508 5.6487350 5.7107890 5.9895528 6.0306842 7.2574057 6.4927309 7.5365337 7.1306087 8.3324910 8.0116766 7.1352950 6.8297314 5.2550726 8.2180676 6.0560641 7.2026040 5.7619346 5.5821736 5.7373865 4.1802698 4.9450335 4.5065591 8.9999985 4.4085422 8.9999989 6.2084255 8.9999988 4.1483406 7.3945550 6.1531562 5.6656852 6.4384536 4.0263736 4.6147992 7.2495030 7.5427208 8.9999981 0.0000000 0.6560081 0.6233983 0.4417811 0.6313469 0.7335715 2.1513217 1.3315558 1.7760574 2.0244850 1.8153587 1.2869177 1.3620903 2.2353434 1.5194259 1.8770126 1.6870479 1.7068993 1.6113518 2.2191833 1.5083648 1.7751743 1.3207736 1.6546226 1.6249193 1.3443988 1.4949453 2.7660961 2.0375823 2.3886794 1.3262287 2.0050533 1.8080329 1.9758307 1.8012374 2.1626130 2.7286215 1.9958962 3.4465232 2.9779876 3.4168193 2.9752391 4.0092641 2.7626426 
Q9ZZ28_CORFR_423_605 5.0919907 7.1022751 6.2762378 7.6258164 5.2386490 4.4505972 5.2187610 5.6183932 8.2152404 6.2578040 7.1970771 6.1616571 8.9999986 7.3302579 7.1160722 5.6290680 3.8967039 7.0254843 4.9914479 6.0186681 5.6370650 5.9627804 3.9597308 3.0882402 4.7168113 4.5235276 7.5358594 4.6953750 7.4531293 6.3549272 8.9999986 3.8738034 7.6745398 5.8307309 5.4842265 6.8123924 3.0724159 7.0671887 6.9956021 7.7193898 8.7305920 0.6560081 0.0000000 0.4426407 0.5500477 0.5882071 0.7529613 1.9358660 1.2530472 1.9412268 2.1802793 1.8617376 1.8459845 1.6738431 2.3231843 2.2623824 2.1505121 2.0369468 2.4056206 1.7741650 2.3218401 2.1085177 1.9508768 1.9374281 1.4598448 1.3667355 1.2650470 1.6756430 2.1524386 2.4291997 2.0929672 1.7180830 1.5172830 1.4963915 2.0586038 1.6144286 1.8969078 2.1753362 2.3012972 3.7358563 3.5773455 3.0339720 3.9886669 3.4688919 2.4207741 
Q9XL24_9PASS_420_601 4.0067050 6.3475581 6.4498427 7.0956578 5.2743431 4.7746441 5.5448971 6.1449816 7.8013467 6.3872020 6.4970911 6.3716161 8.9999989 7.7757036 7.9989118 6.5510232 4.5844859 7.9961551 5.7289001 6.5469361 5.7490584 5.0404141 4.8879096 4.1287591 4.2458467 5.6066423 8.9999986 4.8516860 7.7980640 7.0678903 8.9999986 3.6043170 7.5503315 4.8886932 4.8192993 5.0164168 4.2871494 8.9999988 6.4021468 5.9434854 8.8635305 0.6233983 0.4426407 0.0000000 0.3517538 0.4142427 0.4797234 2.0294048 1.2541484 1.7108545 2.2521178 1.8758886 1.6161879 1.6871718 2.2045943 2.0719640 2.1356365 2.1576042 2.1173090 1.7099055 1.7654340 2.1187005 2.4819126 1.3947457 1.4819645 1.4595191 1.3527246 1.5585631 2.6447189 2.4554052 2.0712005 1.4724827 1.9738874 1.7052396 1.8554593 2.1680191 1.8818164 2.8576405 1.8944225 3.6804466 4.4166371 3.6271115 3.1344603 3.9650116 2.7701481 
Q94WQ9_BUTBU_423_604 5.0814950 6.0276123 6.2824057 8.2612461 5.1178727 5.5664090 5.9917351 5.6499890 8.1738438 6.5950862 7.7013546 6.5127006 8.9999983 7.8079276 6.9891057 6.3779915 5.1400573 7.3554849 5.4913560 6.1786271 4.8355125 5.1269008 4.8180066 4.5352755 6.2756817 4.9798410 8.9999989 5.0152508 8.9999990 7.1119798 8.9999989 3.2681149 7.5150166 6.3004393 5.8808636 5.1724147 3.7400294 7.5458491 5.9864305 6.2130936 8.8383417 0.4417811 0.5500477 0.3517538 0.0000000 0.3340605 0.2800584 1.7808575 0.9578602 1.4062235 2.0268402 1.5369151 1.4572277 1.4641297 1.8488929 1.8459844 1.8997379 1.8175305 1.7367885 1.6498868 1.9939947 1.9409693 2.2134994 1.2138097 1.4431209 1.2866220 1.2383676 1.1805742 2.6926863 2.6625467 1.8564616 1.0898846 1.9343970 1.8204512 2.0726066 2.0770221 1.7697466 2.6424844 2.0578447 3.1285504 4.1588347 3.7182042 3.4737195 4.1544193 2.8107662 
