20
Q602W5_METCA_7_114  0.0000000 1.1388286 0.7649083 0.8367676 0.9395937 0.9841987 0.7844129 1.0587380 0.9464945 1.1494832 1.5052934 2.1051239 1.9676688 1.7964626 1.8490148 2.3454494 1.4149424 1.8784264 1.9814465 1.9874791 
Q57H08_SALCH_2_108  1.1388286 0.0000000 0.7677070 0.7308775 0.9678831 0.9266253 0.9963287 0.9571634 1.1450657 1.1687788 2.0868642 2.1689780 1.6688532 2.0514239 2.0609806 2.8210810 2.0690439 1.9098358 1.9161616 2.8967981 
Q7NW25_CHRVO_8_115  0.7649083 0.7677070 0.0000000 0.2344610 0.5741638 0.6809518 0.5799938 0.8712246 0.8389036 1.1554810 2.0491590 2.3325859 1.6247391 1.6673244 2.0450471 2.0872408 1.5195980 1.7026111 1.9029270 2.9669012 
Q6QIE8_9CAUD_8_115  0.8367676 0.7308775 0.2344610 0.0000000 0.5914300 0.6439796 0.6200026 0.8358981 0.7987783 1.1431971 1.6303292 1.8678409 1.5513080 1.6374981 2.0423573 2.0058086 1.4638205 1.7471161 1.8629168 2.6358206 
Q7N1L0_PHOLL_9_116  0.9395937 0.9678831 0.5741638 0.5914300 0.0000000 0.3471613 0.6756790 0.9764137 1.1241910 0.9784278 1.7761343 2.0982022 1.4803641 1.7786484 1.9047577 1.9055134 1.6175053 1.5730959 1.7753663 3.1451880 
Q6D0V4_ERWCT_9_116  0.9841987 0.9266253 0.6809518 0.6439796 0.3471613 0.0000000 0.8619547 1.0623969 1.1740996 1.2813972 1.7613618 1.8416232 1.2688868 2.1938081 1.7260757 2.1856123 1.6365010 1.6758666 1.6800171 3.0190457 
Q58ZD1_HAEIN_10_120 0.7844129 0.9963287 0.5799938 0.6200026 0.6756790 0.8619547 0.0000000 0.7053319 0.7363419 0.8818089 1.7481392 2.0193747 1.8297005 1.5740766 1.6445569 2.4448130 1.3426355 1.8212331 1.8036372 2.3103683 
Q65WC5_MANSM_13_120 1.0587380 0.9571634 0.8712246 0.8358981 0.9764137 1.0623969 0.7053319 0.0000000 0.9028889 0.9685353 2.0024384 2.3394328 1.7100653 1.6710986 1.7412458 2.3158158 1.6879203 1.6645292 2.0036577 2.8366157 
Q3XBZ8_METFL_7_113  0.9464945 1.1450657 0.8389036 0.7987783 1.1241910 1.1740996 0.7363419 0.9028889 0.0000000 1.1385566 1.4640657 2.0893301 1.6625424 1.7022008 2.5611418 2.8334211 1.5839067 1.7951438 2.2130533 2.2937049 
Q40QV6_DESAC_5_105  1.1494832 1.1687788 1.1554810 1.1431971 0.9784278 1.2813972 0.8818089 0.9685353 1.1385566 0.0000000 1.6742622 2.0164410 1.8843160 1.4320979 1.6155511 2.5494861 1.6914696 1.8523353 1.5968032 2.6206720 
Q4AUJ3_9BURK_15_126 1.5052934 2.0868642 2.0491590 1.6303292 1.7761343 1.7613618 1.7481392 2.0024384 1.4640657 1.6742622 0.0000000 2.2498109 1.8336742 1.7822228 2.0556523 2.3337388 1.3895155 1.6254542 1.7771193 2.2471836 
Q7WDC1_BORBR_10_115 2.1051239 2.1689780 2.3325859 1.8678409 2.0982022 1.8416232 2.0193747 2.3394328 2.0893301 2.0164410 2.2498109 0.0000000 1.1878660 2.1403041 2.8577949 3.3674146 2.8380365 3.2078956 2.8314391 4.5790881 
Q7VLE1_HAEDU_7_113  1.9676688 1.6688532 1.6247391 1.5513080 1.4803641 1.2688868 1.8297005 1.7100653 1.6625424 1.8843160 1.8336742 1.1878660 0.0000000 2.0818595 2.7158218 3.3805896 2.0573617 2.1410589 2.3282496 4.4148130 
Q8EJ21_SHEON_46_150 1.7964626 2.0514239 1.6673244 1.6374981 1.7786484 2.1938081 1.5740766 1.6710986 1.7022008 1.4320979 1.7822228 2.1403041 2.0818595 0.0000000 1.2644301 1.5193385 1.6128176 1.9119317 2.0642226 2.7258374 
VPC_BPMU_29_133     1.8490148 2.0609806 2.0450471 2.0423573 1.9047577 1.7260757 1.6445569 1.7412458 2.5611418 1.6155511 2.0556523 2.8577949 2.7158218 1.2644301 0.0000000 1.0914468 1.6344054 1.9677673 1.6758175 3.2561547 
Q8X325_ECO57_33_140 2.3454494 2.8210810 2.0872408 2.0058086 1.9055134 2.1856123 2.4448130 2.3158158 2.8334211 2.5494861 2.3337388 3.3674146 3.3805896 1.5193385 1.0914468 0.0000000 1.9496912 2.4145719 2.2692843 3.5477066 
Q8EDS5_SHEON_42_144 1.4149424 2.0690439 1.5195980 1.4638205 1.6175053 1.6365010 1.3426355 1.6879203 1.5839067 1.6914696 1.3895155 2.8380365 2.0573617 1.6128176 1.6344054 1.9496912 0.0000000 1.4861742 1.5562918 1.8254642 
Q3ZL45_ESCBL_27_129 1.8784264 1.9098358 1.7026111 1.7471161 1.5730959 1.6758666 1.8212331 1.6645292 1.7951438 1.8523353 1.6254542 3.2078956 2.1410589 1.9119317 1.9677673 2.4145719 1.4861742 0.0000000 0.5403924 2.5998280 
VMOR_BPMU_26_129    1.9814465 1.9161616 1.9029270 1.8629168 1.7753663 1.6800171 1.8036372 2.0036577 2.2130533 1.5968032 1.7771193 2.8314391 2.3282496 2.0642226 1.6758175 2.2692843 1.5562918 0.5403924 0.0000000 3.0762586 
Q4BJX2_BURVI_27_143 1.9874791 2.8967981 2.9669012 2.6358206 3.1451880 3.0190457 2.3103683 2.8366157 2.2937049 2.6206720 2.2471836 4.5790881 4.4148130 2.7258374 3.2561547 3.5477066 1.8254642 2.5998280 3.0762586 0.0000000 
