8
O60065_SCHPO_1_98   0.0000000 1.2427376 0.9185979 1.0528762 1.3446203 1.4847159 1.5846130 2.4774742 
PEX14_PICPA_4_126   1.2427376 0.0000000 0.4864987 0.6978043 1.0153852 1.2639095 2.0339275 1.7684549 
PEX14_PICAN_9_120   0.9185979 0.4864987 0.0000000 0.5280022 0.8294293 1.1849904 1.6409108 1.7882436 
PEX14_YEAST_8_123   1.0528762 0.6978043 0.5280022 0.0000000 1.2135420 1.4022839 1.7242458 2.3901895 
Q9P5M0_NEUCR_3_129  1.3446203 1.0153852 0.8294293 1.2135420 0.0000000 1.2034443 2.0830623 2.0972438 
PEX14_HUMAN_24_135  1.4847159 1.2639095 1.1849904 1.4022839 1.2034443 0.0000000 1.4330768 2.0499857 
Q9VPB8_DROME_33_145 1.5846130 2.0339275 1.6409108 1.7242458 2.0830623 1.4330768 0.0000000 2.0195450 
Q93930_CAEEL_9_116  2.4774742 1.7684549 1.7882436 2.3901895 2.0972438 2.0499857 2.0195450 0.0000000 
