7
NRAM_IAKIE_1_466 0.0000000 0.7804148 0.7644698 1.2343976 1.1681097 1.3633958 2.4916032 
NRAM_IADBU_1_465 0.7804148 0.0000000 0.4066163 1.3154065 1.3217896 1.2808678 2.4197575 
NRAM_IASH2_1_463 0.7644698 0.4066163 0.0000000 1.2825522 1.4881904 1.4342600 2.5257139 
NRAM_IAFPW_1_469 1.2343976 1.3154065 1.2825522 0.0000000 0.6337864 0.9688921 2.9929851 
NRAM_IARUE_1_468 1.1681097 1.3217896 1.4881904 0.6337864 0.0000000 1.0709603 2.9318266 
NRAM_IABAN_1_466 1.3633958 1.2808678 1.4342600 0.9688921 1.0709603 0.0000000 3.1439137 
NRAM_INBBE_1_465 2.4916032 2.4197575 2.5257139 2.9929851 2.9318266 3.1439137 0.0000000 
