12
K6PF_HAEIN_3_279    0.0000000 0.2606820 0.6905724 0.7244769 0.8639998 0.9271416 0.8663145 1.2743067 1.2022383 1.1752247 1.3650297 1.3973312 
K6PF1_SHIFL_3_278   0.2606820 0.0000000 0.6754486 0.6305736 0.8456964 0.8223275 0.8964775 1.2790158 1.2084669 1.2132730 1.3189615 1.3955840 
K6PF_BACST_2_277    0.6905724 0.6754486 0.0000000 0.3890352 0.5925829 0.4953315 0.9266551 1.0297079 0.9122346 0.9199996 1.0806306 1.1984025 
K6PF_LACLA_2_278    0.7244769 0.6305736 0.3890352 0.0000000 0.4626273 0.6973077 1.0426734 1.1875845 1.1925532 1.1887672 1.4134207 1.3548337 
K6PF_LACDE_2_277    0.8639998 0.8456964 0.5925829 0.4626273 0.0000000 0.8571571 1.1670454 1.3447902 1.4035978 1.3215491 1.5129068 1.3888470 
K6PF1_THET8_2_280   0.9271416 0.8223275 0.4953315 0.6973077 0.8571571 0.0000000 1.1830310 1.2873802 1.0961292 1.1668964 1.4072441 1.4820521 
K6PF_SPICI_3_279    0.8663145 0.8964775 0.9266551 1.0426734 1.1670454 1.1830310 0.0000000 1.6139020 1.4962678 1.6028841 1.6580649 1.7682011 
K6PF_HUMAN_15_325   1.2743067 1.2790158 1.0297079 1.1875845 1.3447902 1.2873802 1.6139020 0.0000000 0.2015611 0.1974819 0.6949505 0.6972398 
K6PP_HUMAN_25_335   1.2022383 1.2084669 0.9122346 1.1925532 1.4035978 1.0961292 1.4962678 0.2015611 0.0000000 0.1943691 0.7190265 0.7921930 
K6PL_HUMAN_15_325   1.1752247 1.2132730 0.9199996 1.1887672 1.3215491 1.1668964 1.6028841 0.1974819 0.1943691 0.0000000 0.7472392 0.7739430 
K6PF1_KLULA_184_494 1.3650297 1.3189615 1.0806306 1.4134207 1.5129068 1.4072441 1.6580649 0.6949505 0.7190265 0.7472392 0.0000000 0.3910707 
K6PF2_KLULA_176_488 1.3973312 1.3955840 1.1984025 1.3548337 1.3888470 1.4820521 1.7682011 0.6972398 0.7921930 0.7739430 0.3910707 0.0000000 
