12
Q65V97_MANSM_392_473 0.0000000 0.2823323 0.3902627 0.9561401 1.2138460 1.2184816 1.4541382 2.4528063 1.6853436 1.7835802 1.6639950 1.7563209 
Q9CPE6_PASMU_307_388 0.2823323 0.0000000 0.3668582 0.9314700 1.2202228 1.2440880 1.3686968 2.3438409 1.5594425 1.6460597 1.6637869 1.7419682 
OAPA_HAEIN_350_431   0.3902627 0.3668582 0.0000000 0.6382319 1.3808297 1.4908240 1.6249339 2.4418900 2.0114617 1.9489917 1.7695420 2.4996485 
Q9Z6D5_HAEDU_332_409 0.9561401 0.9314700 0.6382319 0.0000000 1.6373259 1.4080483 1.4074680 2.5737409 2.4960807 2.6556146 2.5470401 3.1748669 
Q6D140_ERWCT_151_236 1.2138460 1.2202228 1.3808297 1.6373259 0.0000000 0.3184717 0.6528526 1.2713146 1.2097772 1.1881744 1.2145468 1.3206634 
Q66F97_YERPS_161_246 1.2184816 1.2440880 1.4908240 1.4080483 0.3184717 0.0000000 0.4923113 1.2456526 1.1281363 1.1364381 1.2774301 1.2793863 
Q8Z161_SALTI_126_211 1.4541382 1.3686968 1.6249339 1.4074680 0.6528526 0.4923113 0.0000000 1.2308501 1.3217355 1.3510667 1.4683004 1.4869725 
Q6LM63_PHOPR_156_240 2.4528063 2.3438409 2.4418900 2.5737409 1.2713146 1.2456526 1.2308501 0.0000000 0.8735802 0.9001712 0.8409900 0.9532148 
Q9KP12_VIBCH_106_190 1.6853436 1.5594425 2.0114617 2.4960807 1.2097772 1.1281363 1.3217355 0.8735802 0.0000000 0.3151421 0.3424243 0.6473620 
Q87SY6_VIBPA_115_199 1.7835802 1.6460597 1.9489917 2.6556146 1.1881744 1.1364381 1.3510667 0.9001712 0.3151421 0.0000000 0.2565321 0.6845477 
Q8DE67_VIBVU_103_187 1.6639950 1.6637869 1.7695420 2.5470401 1.2145468 1.2774301 1.4683004 0.8409900 0.3424243 0.2565321 0.0000000 0.6160934 
Q5E836_VIBF1_132_216 1.7563209 1.7419682 2.4996485 3.1748669 1.3206634 1.2793863 1.4869725 0.9532148 0.6473620 0.6845477 0.6160934 0.0000000 
