9
Q9QIX6_9HEPC_1056_1204 0.0000000 0.2356739 0.2260065 0.3138066 0.3339029 1.6754522 1.9644803 1.7984973 1.7779750 
POLG_HCVEV_1056_1204   0.2356739 0.0000000 0.2626518 0.2867668 0.3697272 1.7595568 1.9575450 1.6998107 1.7193038 
POLG_HCVJL_1059_1207   0.2260065 0.2626518 0.0000000 0.3329731 0.3464522 1.6767884 1.9063364 1.6556645 1.8428405 
POLG_HCVNZ_1061_1209   0.3138066 0.2867668 0.3329731 0.0000000 0.3602183 1.8955524 1.9009169 1.7930926 1.8939077 
Q9Q9A7_9HEPC_1060_1208 0.3339029 0.3697272 0.3464522 0.3602183 0.0000000 1.6017710 1.7371986 1.6377970 1.7916948 
Q9WM98_9FLAV_924_1071  1.6754522 1.7595568 1.6767884 1.8955524 1.6017710 0.0000000 0.5280820 0.5417148 1.8743562 
Q96898_9FLAV_992_1139  1.9644803 1.9575450 1.9063364 1.9009169 1.7371986 0.5280820 0.0000000 0.3137454 1.8738333 
O56074_9FLAV_1007_1154 1.7984973 1.6998107 1.6556645 1.7930926 1.6377970 0.5417148 0.3137454 0.0000000 1.8841503 
POLG_GBVB_970_1118     1.7779750 1.7193038 1.8428405 1.8939077 1.7916948 1.8743562 1.8738333 1.8841503 0.0000000 
