10
RLX1_SALTY_14_221   0.0000000 0.9140964 2.0068192 1.9951558 2.0740046 2.0353140 1.7876658 2.4640334 2.1885639 2.6825353 
MBA2_ECOLI_16_217   0.9140964 0.0000000 2.2327165 1.8412790 1.7801467 1.4959364 1.4726006 1.9818700 1.7091246 2.7176867 
Q53632_STAAU_17_218 2.0068192 2.2327165 0.0000000 1.5412616 1.5459434 1.4554761 2.0524772 1.8298627 1.8916737 3.0759099 
TRAA_AGRT5_17_243   1.9951558 1.8412790 1.5412616 0.0000000 0.1630595 0.2459539 1.5889125 1.5545490 1.5491174 3.2492542 
Q9R6F0_9RHIZ_17_243 2.0740046 1.7801467 1.5459434 0.1630595 0.0000000 0.2555721 1.5590181 1.6346095 1.3677156 3.2095173 
TRAA_RHISN_17_243   2.0353140 1.4959364 1.4554761 0.2459539 0.2555721 0.0000000 1.5986030 1.5484618 1.4808281 2.8597342 
MOBL_THIFE_17_244   1.7876658 1.4726006 2.0524772 1.5889125 1.5590181 1.5986030 0.0000000 1.9531982 1.8957860 2.9857847 
Q52001_9ZZZZ_11_235 2.4640334 1.9818700 1.8298627 1.5545490 1.6346095 1.5484618 1.9531982 0.0000000 0.9174754 2.4348513 
O87207_9LACT_17_239 2.1885639 1.7091246 1.8916737 1.5491174 1.3677156 1.4808281 1.8957860 0.9174754 0.0000000 3.4369943 
Q9ZA19_BIFLO_2_224  2.6825353 2.7176867 3.0759099 3.2492542 3.2095173 2.8597342 2.9857847 2.4348513 3.4369943 0.0000000 
