9
TIG3_HUMAN_52_133    0.0000000 0.9683820 1.0546563 1.1748372 1.0632140 3.1363035 4.5991947 4.5520050 4.8354825 
HRSL2_HUMAN_52_133   0.9683820 0.0000000 0.3032741 0.9732175 1.1230265 2.4692381 4.2414597 6.3097779 4.2246201 
HRSL3_HUMAN_52_133   1.0546563 0.3032741 0.0000000 0.8685302 1.0834585 3.4866221 4.3187290 5.2945006 4.4392808 
HRSL1_MOUSE_58_139   1.1748372 0.9732175 0.8685302 0.0000000 1.1755098 3.1021056 2.6378723 4.1509770 4.9209821 
HRSL5_MOUSE_163_244  1.0632140 1.1230265 1.0834585 1.1755098 0.0000000 2.8984166 4.8461241 5.7858852 4.0993720 
LRAT_HUMAN_100_181   3.1363035 2.4692381 3.4866221 3.1021056 2.8984166 0.0000000 2.9006578 8.9999983 7.1271462 
Q9FFE7_ARATH_102_175 4.5991947 4.2414597 4.3187290 2.6378723 4.8461241 2.9006578 0.0000000 4.8559699 6.8018523 
Q9YLS4_9PICO_803_883 4.5520050 6.3097779 5.2945006 4.1509770 5.7858852 8.9999983 4.8559699 0.0000000 4.3297337 
POLG_EC22H_812_885   4.8354825 4.2246201 4.4392808 4.9209821 4.0993720 7.1271462 6.8018523 4.3297337 0.0000000 
