41
Q8XZV7_RALSO_4_128  0.0000000 0.4812726 0.6178092 0.5954465 0.7674348 0.8441446 0.7698727 0.6126891 0.8415469 0.6767416 0.6825876 1.3171438 0.9069367 1.0374959 1.5908161 1.1944202 1.3380964 1.4534534 1.9805125 2.3544160 1.1586302 1.0452246 1.0810443 0.8100043 1.1285002 1.1987173 1.4237067 1.0415642 1.1684267 1.5012029 0.9514473 1.4631337 1.1174887 1.7929083 1.8224893 1.6016346 2.0859606 2.4768631 1.6634346 1.8787113 3.0503681 
Q820P3_NITEU_4_127  0.4812726 0.0000000 0.7124558 0.8125866 0.7611983 0.9032615 0.7412387 0.7330006 0.8691146 0.9067519 0.9790657 1.3558114 1.1903555 1.1038819 1.7930495 1.4131357 1.8125213 1.7403129 2.1825922 2.2714586 1.3638673 1.2487075 1.3845444 1.1680861 1.2948806 1.3445343 1.4701154 1.3278984 1.3733896 2.0492893 1.3113271 1.6237377 1.2701970 1.8545505 2.1546052 1.7961272 2.0336133 2.8473149 1.7097688 2.3052699 2.9804815 
Q9JTB6_NEIMA_9_135  0.6178092 0.7124558 0.0000000 0.9360120 1.0179016 0.9822382 0.9309134 0.8024772 0.9421652 0.7290833 1.0928565 1.4330052 1.3479547 1.3378690 1.5952014 1.5522404 1.1915603 1.5655088 1.9277586 2.1579195 1.3861581 1.4102536 1.3402415 1.3509624 1.5546765 1.7631924 1.7263463 1.5283778 1.4353785 1.8339348 1.4242353 1.5396698 1.3268868 2.0137133 2.1724818 2.2160217 2.0206262 3.2019484 1.8612589 2.9229254 2.8117490 
Q87EV5_XYLFT_4_129  0.5954465 0.8125866 0.9360120 0.0000000 0.7117723 0.6088246 0.5904250 0.5175686 0.8861398 0.5834063 0.6058375 1.2206536 0.9929939 1.0689997 1.5872076 1.3362669 1.6444953 1.5510178 1.7798907 2.0369376 1.1540402 1.0499431 0.9899758 1.0086388 0.8928900 1.0029218 1.0655878 1.0677355 1.1840890 1.3570384 0.9301234 1.2639628 1.1037206 1.4786651 1.7467828 1.6591496 2.0400746 2.6289794 1.9309787 2.0532018 2.6010242 
Q8D2X5_WIGBR_4_125  0.7674348 0.7611983 1.0179016 0.7117723 0.0000000 0.2852316 0.2848811 0.2557335 0.4785559 0.6763769 0.8089913 1.2833960 1.1800713 1.1446877 1.7531783 1.4625757 1.6726256 1.6143737 1.9899479 2.1215767 1.4582718 1.2682867 1.1490447 1.1868297 1.3343342 1.3911648 1.3256177 1.2339744 1.2554532 1.5172606 1.0932972 1.2138948 1.1670541 2.0653183 1.7815644 1.9125846 2.1346430 2.4064282 1.7475344 2.2146575 2.5073739 
NUSA_BUCBP_4_125    0.8441446 0.9032615 0.9822382 0.6088246 0.2852316 0.0000000 0.2278529 0.2962389 0.4197054 0.6506633 0.7964155 1.4985845 1.1335036 1.0715541 1.6452460 1.3131664 1.4083548 1.6137172 1.9538692 2.2471465 1.4648539 1.2936594 1.1589322 1.0958239 1.2292256 1.2504242 1.4556375 1.2274433 1.3836067 1.5137606 1.1153219 1.2512620 1.2270238 1.9603028 1.9375881 2.0293673 2.2370554 2.3225510 1.7069251 2.5177556 2.5249101 
NUSA_BUCAI_4_125    0.7698727 0.7412387 0.9309134 0.5904250 0.2848811 0.2278529 0.0000000 0.2272246 0.3673856 0.6172055 0.7225934 1.3576726 1.1227776 1.1689849 1.5783049 1.4355296 1.4623876 1.5864768 2.0673521 2.1669857 1.4787499 1.2561062 1.1917068 1.1490925 1.3237199 1.3433649 1.4675608 1.2613422 1.3395794 1.6221488 1.0601392 1.2926668 1.2708488 1.9325221 1.9087966 2.0665944 2.1554259 2.4757661 1.6683746 2.2788916 2.6241996 
Q8EHL6_SHEON_4_129  0.6126891 0.7330006 0.8024772 0.5175686 0.2557335 0.2962389 0.2272246 0.0000000 0.3835566 0.5293244 0.5720879 1.3847056 1.0619899 1.1006156 1.5689253 1.2707147 1.5182705 1.4254634 2.1397371 1.9521390 1.4533047 1.1905443 1.1659645 1.1473836 1.2862265 1.3063988 1.4294814 1.2982982 1.3561570 1.6449601 1.0209112 1.2772085 1.1440752 1.9383359 1.6636005 1.7434317 2.2366096 2.4817064 1.6495285 2.4191202 2.6588545 
NUSA_HAEIN_4_125    0.8415469 0.8691146 0.9421652 0.8861398 0.4785559 0.4197054 0.3673856 0.3835566 0.0000000 0.8875582 0.9199242 1.5993189 1.2056850 1.1301736 1.7238625 1.1364139 1.6613764 1.8810383 2.4253201 2.4539324 1.7143533 1.3472750 1.3540535 1.3413983 1.6208580 1.5630228 1.5669353 1.4012978 1.4825773 1.7437140 1.3366721 1.7502697 1.4653176 2.1489973 1.7313235 1.8505326 2.3273249 3.2100508 1.7948653 2.4541983 2.5535343 
Q88DV6_PSEPK_4_127  0.6767416 0.9067519 0.7290833 0.5834063 0.6763769 0.6506633 0.6172055 0.5293244 0.8875582 0.0000000 0.5489526 1.4146265 1.1268280 1.0754065 1.4099200 1.2749590 1.2889527 1.4685622 1.5380393 2.1334828 1.1825171 1.0184289 0.9929738 0.8076642 1.1699635 1.2672143 1.4435286 1.1511683 1.1738344 1.5312105 1.0072197 1.3568668 1.1010916 1.8029287 1.7799971 1.8697556 1.8158488 2.5355358 1.7267698 2.4525896 2.6533869 
Q83BS0_COXBU_4_130  0.6825876 0.9790657 1.0928565 0.6058375 0.8089913 0.7964155 0.7225934 0.5720879 0.9199242 0.5489526 0.0000000 1.2851401 1.1567198 1.1944971 1.2106046 1.2455872 1.5033432 1.5454459 2.0196411 2.1014542 1.4380436 0.9344001 0.9871980 0.8932993 0.9794941 1.1700158 1.2267993 1.1346841 1.1556654 1.2373982 0.7837580 1.0003068 1.0905985 1.5380050 1.4133876 1.5026004 1.8312290 2.4190669 1.4837126 2.2466133 2.4994654 
NUSA_RICCN_8_129    1.3171438 1.3558114 1.4330052 1.2206536 1.2833960 1.4985845 1.3576726 1.3847056 1.5993189 1.4146265 1.2851401 0.0000000 0.8147786 0.9151287 1.2873518 1.5964252 1.5478468 1.5864056 2.3770880 1.9420627 1.3189830 1.0641688 1.0335607 1.0920442 1.1577132 1.2977499 1.1289316 0.9084432 1.0486649 1.3246411 1.2057072 1.4449281 1.0554838 1.6953254 1.5856504 1.5611793 2.3562480 2.4847838 1.6147986 2.1156277 2.4651274 
Q8FXT4_BRUSU_9_130  0.9069367 1.1903555 1.3479547 0.9929939 1.1800713 1.1335036 1.1227776 1.0619899 1.2056850 1.1268280 1.1567198 0.8147786 0.0000000 0.3964428 1.0481393 1.2931361 1.7319742 1.5142472 1.8675680 1.8834921 1.3779610 1.1089488 1.0262025 1.1121912 1.1102285 1.2070073 1.2191255 1.1789136 1.3821098 1.3137318 1.1603835 1.5141156 1.1454557 1.5264530 1.7029318 1.6466744 1.8137671 2.0667044 1.7194343 2.7698323 3.0219003 
Q89WA7_BRAJA_9_130  1.0374959 1.1038819 1.3378690 1.0689997 1.1446877 1.0715541 1.1689849 1.1006156 1.1301736 1.0754065 1.1944971 0.9151287 0.3964428 0.0000000 1.0533876 1.4329727 1.5801022 1.7732841 1.9986553 2.3071899 1.3694507 1.1089245 1.0787328 1.0537245 1.0609779 1.0382472 1.1035938 1.1844783 1.3880131 1.3751486 1.1430829 1.4162977 1.2536919 1.5443464 1.8408167 1.6616300 1.5446818 1.8830892 1.6610921 2.9835272 3.3296328 
Q9AC23_CAUCR_11_135 1.5908161 1.7930495 1.5952014 1.5872076 1.7531783 1.6452460 1.5783049 1.5689253 1.7238625 1.4099200 1.2106046 1.2873518 1.0481393 1.0533876 0.0000000 1.6514660 1.6935279 1.7847551 2.0805289 1.7631152 1.3734394 1.3174200 1.4212236 1.2436515 1.2655175 1.4885969 1.7882036 1.5735583 1.7601577 1.5613114 1.4113022 1.6040631 1.4288031 2.0441436 1.8196352 1.9159441 2.8319549 2.4911969 1.8272505 3.2580468 2.7313683 
O07364_CHLTR_4_125  1.1944202 1.4131357 1.5522404 1.3362669 1.4625757 1.3131664 1.4355296 1.2707147 1.1364139 1.2749590 1.2455872 1.5964252 1.2931361 1.4329727 1.6514660 0.0000000 1.1913300 1.3538105 1.5340282 1.8157144 1.4403992 1.0172196 1.2020045 1.0798133 1.3766811 1.3944051 1.4380081 1.2146701 1.3819153 1.6981508 1.1457183 1.4615877 1.4602694 1.7002714 1.4972381 1.4739059 1.8508493 2.2960993 2.1536654 2.2629744 2.0248142 
Q82K51_STRAW_2_105  1.3380964 1.8125213 1.1915603 1.6444953 1.6726256 1.4083548 1.4623876 1.5182705 1.6613764 1.2889527 1.5033432 1.5478468 1.7319742 1.5801022 1.6935279 1.1913300 0.0000000 0.6314229 0.8838093 1.2940602 0.8896016 0.9123275 0.7391704 0.8059285 0.9977342 0.9591183 1.2736438 1.1148247 1.1291618 1.2248824 0.8845562 1.1891565 1.3053582 1.7541198 2.0316762 1.8106457 1.5573845 2.0522493 1.9646731 2.6281629 2.0183925 
NUSA_MYCLE_2_102    1.4534534 1.7403129 1.5655088 1.5510178 1.6143737 1.6137172 1.5864768 1.4254634 1.8810383 1.4685622 1.5454459 1.5864056 1.5142472 1.7732841 1.7847551 1.3538105 0.6314229 0.0000000 1.2005960 0.9980547 1.0509107 0.9239035 0.8185085 1.0820456 1.1576830 1.0824810 1.6954338 1.1177219 1.0857659 1.0636025 0.8954890 1.3025943 1.1662310 1.9173375 1.4889786 1.7604847 1.5276003 2.0038510 2.3435412 3.2956224 2.1220622 
Q8G3Y6_BIFLO_2_112  1.9805125 2.1825922 1.9277586 1.7798907 1.9899479 1.9538692 2.0673521 2.1397371 2.4253201 1.5380393 2.0196411 2.3770880 1.8675680 1.9986553 2.0805289 1.5340282 0.8838093 1.2005960 0.0000000 1.6206142 1.4704733 1.4767686 1.3329303 1.0962177 1.3014710 1.2263526 1.4895397 1.8400229 1.9775664 1.6699803 1.5636593 2.0383521 1.9163272 1.6344123 2.1278101 1.9546243 1.8398005 2.9934592 2.9280571 3.0289360 2.7515147 
Q8FPA5_COREF_29_133 2.3544160 2.2714586 2.1579195 2.0369376 2.1215767 2.2471465 2.1669857 1.9521390 2.4539324 2.1334828 2.1014542 1.9420627 1.8834921 2.3071899 1.7631152 1.8157144 1.2940602 0.9980547 1.6206142 0.0000000 1.2165196 1.6346278 1.4576040 1.5723471 1.5213595 1.7597501 2.0652968 1.5121847 1.4944266 1.5208617 1.5366861 2.1524072 1.7844213 2.4258831 1.9585824 2.5020701 2.3904458 2.8984962 2.5720655 3.4192763 3.1220608 
Q8CPG5_STAES_5_126  1.1586302 1.3638673 1.3861581 1.1540402 1.4582718 1.4648539 1.4787499 1.4533047 1.7143533 1.1825171 1.4380436 1.3189830 1.3779610 1.3694507 1.3734394 1.4403992 0.8896016 1.0509107 1.4704733 1.2165196 0.0000000 0.7401249 0.5820922 0.7678763 0.8289857 0.9671275 1.2603414 0.9852939 1.0236828 1.1212573 0.8934971 1.4895772 1.3800207 1.4605190 1.8321228 1.5946369 1.2318654 1.8212634 2.3749944 1.9746399 2.2912537 
Q81WM0_BACAN_4_125  1.0452246 1.2487075 1.4102536 1.0499431 1.2682867 1.2936594 1.2561062 1.1905443 1.3472750 1.0184289 0.9344001 1.0641688 1.1089488 1.1089245 1.3174200 1.0172196 0.9123275 0.9239035 1.4767686 1.6346278 0.7401249 0.0000000 0.3534077 0.4168935 0.5630080 0.6203972 1.0023173 0.6772215 0.6133354 0.8019482 0.5283807 0.8446790 0.8350987 1.2634142 1.3633167 1.2547266 1.4333157 1.7312694 1.9880643 1.8531998 1.9591562 
Q8Y7F9_LISMO_4_125  1.0810443 1.3845444 1.3402415 0.9899758 1.1490447 1.1589322 1.1917068 1.1659645 1.3540535 0.9929738 0.9871980 1.0335607 1.0262025 1.0787328 1.4212236 1.2020045 0.7391704 0.8185085 1.3329303 1.4576040 0.5820922 0.3534077 0.0000000 0.4629184 0.5525332 0.6804857 0.8905030 0.6678585 0.7132343 0.7931865 0.5244630 0.8379119 0.8364696 1.4852708 1.4284729 1.2132111 1.1982115 1.6530397 1.9469330 1.8984881 2.0975307 
Q8EQU4_OCEIH_4_125  0.8100043 1.1680861 1.3509624 1.0086388 1.1868297 1.0958239 1.1490925 1.1473836 1.3413983 0.8076642 0.8932993 1.0920442 1.1121912 1.0537245 1.2436515 1.0798133 0.8059285 1.0820456 1.0962177 1.5723471 0.7678763 0.4168935 0.4629184 0.0000000 0.6037011 0.6813277 1.0058251 0.5681893 0.6180721 0.6838498 0.5033972 0.9279165 0.8293258 1.3145750 1.4973114 1.2961404 1.4199558 1.6339110 1.5653321 1.3179946 1.7710412 
Q88VK4_LACPL_4_125  1.1285002 1.2948806 1.5546765 0.8928900 1.3343342 1.2292256 1.3237199 1.2862265 1.6208580 1.1699635 0.9794941 1.1577132 1.1102285 1.0609779 1.2655175 1.3766811 0.9977342 1.1576830 1.3014710 1.5213595 0.8289857 0.5630080 0.5525332 0.6037011 0.0000000 0.2260993 0.6328269 0.7935435 0.9218169 0.8227745 0.5478679 0.8347891 0.7393611 0.8836021 1.5020744 1.2844280 1.6008078 1.4980887 1.5875571 1.8849528 2.1796460 
Q835V1_ENTFA_4_125  1.1987173 1.3445343 1.7631924 1.0029218 1.3911648 1.2504242 1.3433649 1.3063988 1.5630228 1.2672143 1.1700158 1.2977499 1.2070073 1.0382472 1.4885969 1.3944051 0.9591183 1.0824810 1.2263526 1.7597501 0.9671275 0.6203972 0.6804857 0.6813277 0.2260993 0.0000000 0.7275903 0.9265415 1.0662712 0.8863988 0.6008148 0.9513020 0.8861547 0.9042039 1.6099533 1.4039664 1.6122960 1.4790809 1.7347074 2.0177030 2.1583904 
Q9CHG7_LACLA_4_125  1.4237067 1.4701154 1.7263463 1.0655878 1.3256177 1.4556375 1.4675608 1.4294814 1.5669353 1.4435286 1.2267993 1.1289316 1.2191255 1.1035938 1.7882036 1.4380081 1.2736438 1.6954338 1.4895397 2.0652968 1.2603414 1.0023173 0.8905030 1.0058251 0.6328269 0.7275903 0.0000000 1.0848681 1.1001152 1.0941318 0.9493143 0.9889272 1.0395116 0.9634466 1.7500113 1.2100921 1.5360295 1.6486210 1.6030079 1.6681781 2.1677795 
Q97I54_CLOAB_4_129  1.0415642 1.3278984 1.5283778 1.0677355 1.2339744 1.2274433 1.2613422 1.2982982 1.4012978 1.1511683 1.1346841 0.9084432 1.1789136 1.1844783 1.5735583 1.2146701 1.1148247 1.1177219 1.8400229 1.5121847 0.9852939 0.6772215 0.6678585 0.5681893 0.7935435 0.9265415 1.0848681 0.0000000 0.1743046 0.4044159 0.4493501 0.8800816 0.7716765 1.5663676 1.6011846 1.6080659 1.6027267 1.5956606 1.7596746 1.5527951 1.8014637 
Q895K0_CLOTE_4_129  1.1684267 1.3733896 1.4353785 1.1840890 1.2554532 1.3836067 1.3395794 1.3561570 1.4825773 1.1738344 1.1556654 1.0486649 1.3821098 1.3880131 1.7601577 1.3819153 1.1291618 1.0857659 1.9775664 1.4944266 1.0236828 0.6133354 0.7132343 0.6180721 0.9218169 1.0662712 1.1001152 0.1743046 0.0000000 0.4826045 0.5132455 1.0153936 0.8590523 1.6107230 1.8136343 1.8515379 1.7109642 1.7919625 1.7468986 1.7170542 1.8898114 
Q8XJR5_CLOPE_4_129  1.5012029 2.0492893 1.8339348 1.3570384 1.5172606 1.5137606 1.6221488 1.6449601 1.7437140 1.5312105 1.2373982 1.3246411 1.3137318 1.3751486 1.5613114 1.6981508 1.2248824 1.0636025 1.6699803 1.5208617 1.1212573 0.8019482 0.7931865 0.6838498 0.8227745 0.8863988 1.0941318 0.4044159 0.4826045 0.0000000 0.5782911 0.8701797 0.9848031 1.3510185 1.5176055 1.8056128 1.6979090 1.4791252 1.8172358 2.0143412 1.6002452 
Q8RA34_THETN_4_125  0.9514473 1.3113271 1.4242353 0.9301234 1.0932972 1.1153219 1.0601392 1.0209112 1.3366721 1.0072197 0.7837580 1.2057072 1.1603835 1.1430829 1.4113022 1.1457183 0.8845562 0.8954890 1.5636593 1.5366861 0.8934971 0.5283807 0.5244630 0.5033972 0.5478679 0.6008148 0.9493143 0.4493501 0.5132455 0.5782911 0.0000000 0.5481883 0.6256066 1.2883732 1.6222710 1.6113050 1.4232516 1.7030272 1.6649350 1.8964842 1.7465496 
Q8RHJ5_FUSNN_8_131  1.4631337 1.6237377 1.5396698 1.2639628 1.2138948 1.2512620 1.2926668 1.2772085 1.7502697 1.3568668 1.0003068 1.4449281 1.5141156 1.4162977 1.6040631 1.4615877 1.1891565 1.3025943 2.0383521 2.1524072 1.4895772 0.8446790 0.8379119 0.9279165 0.8347891 0.9513020 0.9889272 0.8800816 1.0153936 0.8701797 0.5481883 0.0000000 0.8524591 1.5027859 1.4629565 1.5176098 1.6407028 1.9683964 1.8812816 1.9808293 1.8354798 
Q9X298_THEMA_4_125  1.1174887 1.2701970 1.3268868 1.1037206 1.1670541 1.2270238 1.2708488 1.1440752 1.4653176 1.1010916 1.0905985 1.0554838 1.1454557 1.2536919 1.4288031 1.4602694 1.3053582 1.1662310 1.9163272 1.7844213 1.3800207 0.8350987 0.8364696 0.8293258 0.7393611 0.8861547 1.0395116 0.7716765 0.8590523 0.9848031 0.6256066 0.8524591 0.0000000 1.3017561 1.3930754 1.4304434 1.7445884 1.7041266 1.4427437 1.9600692 2.2253311 
Q879I8_STRP3_4_125  1.7929083 1.8545505 2.0137133 1.4786651 2.0653183 1.9603028 1.9325221 1.9383359 2.1489973 1.8029287 1.5380050 1.6953254 1.5264530 1.5443464 2.0441436 1.7002714 1.7541198 1.9173375 1.6344123 2.4258831 1.4605190 1.2634142 1.4852708 1.3145750 0.8836021 0.9042039 0.9634466 1.5663676 1.6107230 1.3510185 1.2883732 1.5027859 1.3017561 0.0000000 2.2581393 1.3338276 1.7424160 1.8609446 2.4921606 2.2122595 2.5322514 
NUSA_THET8_4_135    1.8224893 2.1546052 2.1724818 1.7467828 1.7815644 1.9375881 1.9087966 1.6636005 1.7313235 1.7799971 1.4133876 1.5856504 1.7029318 1.8408167 1.8196352 1.4972381 2.0316762 1.4889786 2.1278101 1.9585824 1.8321228 1.3633167 1.4284729 1.4973114 1.5020744 1.6099533 1.7500113 1.6011846 1.8136343 1.5176055 1.6222710 1.4629565 1.3930754 2.2581393 0.0000000 0.8908571 1.7750505 2.2447064 2.6191539 2.4453162 2.2982130 
Q9RTG7_DEIRA_11_132 1.6016346 1.7961272 2.2160217 1.6591496 1.9125846 2.0293673 2.0665944 1.7434317 1.8505326 1.8697556 1.5026004 1.5611793 1.6466744 1.6616300 1.9159441 1.4739059 1.8106457 1.7604847 1.9546243 2.5020701 1.5946369 1.2547266 1.2132111 1.2961404 1.2844280 1.4039664 1.2100921 1.6080659 1.8515379 1.8056128 1.6113050 1.5176098 1.4304434 1.3338276 0.8908571 0.0000000 1.9073970 2.3208726 3.2254744 2.0532117 2.8531403 
Q8YQJ4_ANASP_11_143 2.0859606 2.0336133 2.0206262 2.0400746 2.1346430 2.2370554 2.1554259 2.2366096 2.3273249 1.8158488 1.8312290 2.3562480 1.8137671 1.5446818 2.8319549 1.8508493 1.5573845 1.5276003 1.8398005 2.3904458 1.2318654 1.4333157 1.1982115 1.4199558 1.6008078 1.6122960 1.5360295 1.6027267 1.7109642 1.6979090 1.4232516 1.6407028 1.7445884 1.7424160 1.7750505 1.9073970 0.0000000 1.7963750 2.8904248 3.2808407 2.2790199 
Q8F7K2_LEPIN_11_140 2.4768631 2.8473149 3.2019484 2.6289794 2.4064282 2.3225510 2.4757661 2.4817064 3.2100508 2.5355358 2.4190669 2.4847838 2.0667044 1.8830892 2.4911969 2.2960993 2.0522493 2.0038510 2.9934592 2.8984962 1.8212634 1.7312694 1.6530397 1.6339110 1.4980887 1.4790809 1.6486210 1.5956606 1.7919625 1.4791252 1.7030272 1.9683964 1.7041266 1.8609446 2.2447064 2.3208726 1.7963750 0.0000000 2.5095105 2.7335780 2.7920246 
Q9AG06_9RICK_23_148 1.6634346 1.7097688 1.8612589 1.9309787 1.7475344 1.7069251 1.6683746 1.6495285 1.7948653 1.7267698 1.4837126 1.6147986 1.7194343 1.6610921 1.8272505 2.1536654 1.9646731 2.3435412 2.9280571 2.5720655 2.3749944 1.9880643 1.9469330 1.5653321 1.5875571 1.7347074 1.6030079 1.7596746 1.7468986 1.8172358 1.6649350 1.8812816 1.4427437 2.4921606 2.6191539 3.2254744 2.8904248 2.5095105 0.0000000 2.3281134 2.6228637 
O83862_TREPA_3_123  1.8787113 2.3052699 2.9229254 2.0532018 2.2146575 2.5177556 2.2788916 2.4191202 2.4541983 2.4525896 2.2466133 2.1156277 2.7698323 2.9835272 3.2580468 2.2629744 2.6281629 3.2956224 3.0289360 3.4192763 1.9746399 1.8531998 1.8984881 1.3179946 1.8849528 2.0177030 1.6681781 1.5527951 1.7170542 2.0143412 1.8964842 1.9808293 1.9600692 2.2122595 2.4453162 2.0532117 3.2808407 2.7335780 2.3281134 0.0000000 2.0488250 
NUSA_BORBU_7_123    3.0503681 2.9804815 2.8117490 2.6010242 2.5073739 2.5249101 2.6241996 2.6588545 2.5535343 2.6533869 2.4994654 2.4651274 3.0219003 3.3296328 2.7313683 2.0248142 2.0183925 2.1220622 2.7515147 3.1220608 2.2912537 1.9591562 2.0975307 1.7710412 2.1796460 2.1583904 2.1677795 1.8014637 1.8898114 1.6002452 1.7465496 1.8354798 2.2253311 2.5322514 2.2982130 2.8531403 2.2790199 2.7920246 2.6228637 2.0488250 0.0000000 
