38
PSA_HUMAN_54_441      0.0000000 0.2942029 0.2933813 0.3199754 0.2677000 0.2456770 0.2491139 0.4001991 0.3396834 0.3019305 0.3723416 0.4745412 0.4290364 0.2897464 0.3644326 0.3621639 0.8621052 0.8786277 0.4236041 0.3673769 0.3882409 0.4474561 0.6819348 0.3781015 0.3833449 0.7877250 0.9095807 1.2556361 1.3069050 3.4304884 1.3928167 1.5637806 1.5775999 1.3489529 1.3794399 2.9003817 1.9278736 3.8888174 
APE2_YEAST_11_394     0.2942029 0.0000000 0.0148166 0.3460417 0.3663729 0.2701152 0.3133528 0.3803897 0.4010677 0.3875845 0.3610727 0.3950545 0.4501727 0.2644488 0.3905343 0.3652424 0.8199228 0.9622188 0.3916691 0.3877975 0.4063684 0.3901474 0.6138034 0.6847404 0.5881413 0.7511807 0.9201755 1.1632735 1.6946108 3.3961674 1.4714896 1.6321157 1.7426274 1.5259753 1.5197601 2.8244973 2.0388005 3.7737045 
AAP1_YEAST_6_389      0.2933813 0.0148166 0.0000000 0.3244353 0.3653955 0.2658048 0.3083911 0.3793448 0.4127956 0.3853021 0.3557321 0.4056273 0.4724493 0.2848539 0.4094045 0.3838101 0.8238265 0.9598786 0.4106216 0.4069333 0.4258629 0.4083783 0.6094529 0.7127831 0.5615715 0.7516089 0.9203056 1.1557467 1.6911509 3.4276247 1.4785083 1.6394522 1.7501125 1.5331392 1.5270430 2.8097036 2.0349632 3.7781194 
Q20627_CAEEL_16_402   0.3199754 0.3460417 0.3244353 0.0000000 0.3490545 0.3270170 0.3565028 0.4728008 0.3484613 0.3181411 0.3468701 0.5186052 0.4537490 0.3035498 0.4166185 0.4660250 0.7860203 0.7930530 0.4848315 0.6098183 0.5284666 0.4979894 0.7015611 0.7411190 0.6675637 0.6721247 1.0703664 1.5925395 1.3135981 3.6493546 1.4490845 1.7975990 1.8860485 1.6253502 1.6907257 2.6533769 2.0351133 4.5523859 
O93268_PSEAM_81_487   0.2677000 0.3663729 0.3653955 0.3490545 0.0000000 0.1794896 0.1297553 0.3717908 0.2752733 0.2353830 0.4081394 0.2958805 0.3338005 0.2835475 0.3336897 0.3661464 0.8477390 0.8891914 0.4037724 0.4300709 0.4246144 0.4166592 0.6735517 0.5068502 0.5849979 0.6947932 0.8395921 1.4310275 1.3466665 3.4863509 1.2276346 1.5045896 1.5628698 1.1459847 1.4326289 2.5958587 1.8828691 3.7643545 
AMPN_HUMAN_75_479     0.2456770 0.2701152 0.2658048 0.3270170 0.1794896 0.0000000 0.1003802 0.3257935 0.2991250 0.2700456 0.3015247 0.3993623 0.4128560 0.2427745 0.3707557 0.3459129 0.8466531 0.8864551 0.3434209 0.4196765 0.4035095 0.3782654 0.5615560 0.6554680 0.5821869 0.7012403 0.7813874 1.2536869 1.3775727 2.9900302 1.2502067 1.7260071 1.6892118 1.3834927 1.4922240 2.6568579 1.8883614 4.3346078 
O57579_CHICK_75_478   0.2491139 0.3133528 0.3083911 0.3565028 0.1297553 0.1003802 0.0000000 0.3711137 0.3006942 0.2022689 0.3110216 0.3762598 0.4058408 0.2200260 0.3104180 0.3386485 0.7996227 0.9365866 0.3973397 0.4309806 0.4155246 0.4009654 0.5517099 0.5640649 0.5755959 0.7061727 0.8370658 1.2885913 1.4451119 3.4423553 1.3557762 1.6902805 1.6759018 1.3270477 1.5800536 2.4271200 1.8712080 4.2843685 
AMPE_MOUSE_85_474     0.4001991 0.3803897 0.3793448 0.4728008 0.3717908 0.3257935 0.3711137 0.0000000 0.3971642 0.5390799 0.5175215 0.4725985 0.5031853 0.3913382 0.4100815 0.4021256 1.0158387 1.1176015 0.5467921 0.5299283 0.6000883 0.5397321 0.8097621 0.7452153 0.7047806 0.9343660 0.9103921 1.2229760 1.6422447 3.5060282 1.4014882 1.6757573 1.6438935 1.4002582 1.6734679 2.5750791 1.7368249 3.0188796 
LCAP_HUMAN_168_552    0.3396834 0.4010677 0.4127956 0.3484613 0.2752733 0.2991250 0.3006942 0.3971642 0.0000000 0.3266494 0.4372587 0.3467353 0.4197894 0.3425285 0.3330186 0.3573561 0.7938024 0.9590307 0.4307146 0.4621950 0.4624330 0.4730709 0.7335038 0.6984620 0.6790112 0.6391120 0.8920833 1.5619128 1.2516383 2.7325363 1.2070702 1.2649898 1.2545063 1.0991595 1.4218154 2.7265338 1.8070350 4.1432664 
Q22317_CAEEL_86_486   0.3019305 0.3875845 0.3853021 0.3181411 0.2353830 0.2700456 0.2022689 0.5390799 0.3266494 0.0000000 0.1710035 0.4547430 0.4145491 0.2995253 0.3261843 0.3377628 0.9161212 0.7405425 0.4807470 0.4888797 0.4647728 0.4304467 0.6019512 0.6807665 0.5877831 0.5088939 0.7536024 1.3747338 1.5746656 3.2800730 1.2901565 1.3241698 1.5018979 1.3282184 1.3706757 2.6079369 1.9405197 4.2548145 
AMPN_HAECO_70_468     0.3723416 0.3610727 0.3557321 0.3468701 0.4081394 0.3015247 0.3110216 0.5175215 0.4372587 0.1710035 0.0000000 0.4894655 0.3520595 0.2569949 0.2464814 0.2790589 0.9045752 0.7621504 0.4673156 0.5116906 0.4137148 0.3857859 0.5608068 0.8774959 0.7377048 0.5058294 0.8305442 1.2637604 1.6642362 3.5297858 1.5814138 1.3787453 1.5585639 1.6218035 1.4421250 2.6307302 2.1905962 4.5819518 
AMP11_ENCCU_30_416    0.4745412 0.3950545 0.4056273 0.5186052 0.2958805 0.3993623 0.3762598 0.4725985 0.3467353 0.4547430 0.4894655 0.0000000 0.4294814 0.3876317 0.3890308 0.4245924 0.8920625 0.8324839 0.5459662 0.5739134 0.5289484 0.5435425 0.7023561 0.7075414 0.8021849 0.6832088 1.0275137 1.4644807 1.6076046 3.6491702 1.2022748 1.3814373 1.5099580 1.1461840 1.4087631 2.3896048 2.0181301 3.4174832 
AMPN_LACLC_5_377      0.4290364 0.4501727 0.4724493 0.4537490 0.3338005 0.4128560 0.4058408 0.5031853 0.4197894 0.4145491 0.3520595 0.4294814 0.0000000 0.2281444 0.1863355 0.2221865 1.0251391 0.7159727 0.5987347 0.5715744 0.5386477 0.5162854 0.7617268 0.8067204 0.7810869 0.7098975 1.1799797 1.5437840 1.6355972 3.5554366 1.3790212 1.4439436 1.5549278 1.4231416 1.5925370 2.8155519 2.2189672 3.3141688 
AMPN2_LACLA_7_384     0.2897464 0.2644488 0.2848539 0.3035498 0.2835475 0.2427745 0.2200260 0.3913382 0.3425285 0.2995253 0.2569949 0.3876317 0.2281444 0.0000000 0.1145881 0.1323691 0.8832192 0.9037857 0.3494859 0.4252642 0.3666716 0.3782411 0.5729462 0.6577536 0.6905238 0.6554266 0.9872847 1.2279759 1.6247734 3.6851303 1.4613777 1.7156674 1.6750395 1.5539033 1.5758020 2.6933773 1.9145857 4.5271083 
AMPN_LACHE_6_379      0.3644326 0.3905343 0.4094045 0.4166185 0.3336897 0.3707557 0.3104180 0.4100815 0.3330186 0.3261843 0.2464814 0.3890308 0.1863355 0.1145881 0.0000000 0.0444609 0.9770834 0.8574729 0.4482190 0.4906876 0.4220154 0.4060850 0.6612779 0.7002666 0.6610629 0.6587636 1.0591088 1.3873660 1.5485796 3.8757912 1.4723912 1.4426678 1.4642796 1.3475099 1.4247126 2.4428380 2.2012626 3.8083374 
AMPN_LACDL_5_377      0.3621639 0.3652424 0.3838101 0.4660250 0.3661464 0.3459129 0.3386485 0.4021256 0.3573561 0.3377628 0.2790589 0.4245924 0.2221865 0.1323691 0.0444609 0.0000000 0.9569548 0.8873769 0.4463910 0.4814019 0.4359536 0.3920257 0.7100442 0.7573148 0.6600417 0.7292245 1.0485040 1.3678311 1.6353719 3.8028744 1.4431321 1.3937313 1.4747938 1.4062090 1.4251127 2.5542065 2.1651619 4.1395863 
TRHDE_RAT_142_531     0.8621052 0.8199228 0.8238265 0.7860203 0.8477390 0.8466531 0.7996227 1.0158387 0.7938024 0.9161212 0.9045752 0.8920625 1.0251391 0.8832192 0.9770834 0.9569548 0.0000000 1.1143526 0.9422715 0.8324599 0.7909983 0.7633298 1.0053727 1.1850493 1.1422502 1.1426540 1.1935604 1.7892430 1.7219465 3.8377502 1.6515546 1.8333279 1.9278518 1.9031825 2.0322380 3.3518020 2.8477048 3.7946358 
Q9Z656_ZYMMO_13_393   0.8786277 0.9622188 0.9598786 0.7930530 0.8891914 0.8864551 0.9365866 1.1176015 0.9590307 0.7405425 0.7621504 0.8324839 0.7159727 0.9037857 0.8574729 0.8873769 1.1143526 0.0000000 1.1532178 1.2721279 1.1709162 1.1160410 1.2449359 1.7328366 1.5633079 0.9087985 1.1691136 2.0499748 1.5664345 5.3116370 1.7234347 1.9528222 2.0445559 1.9991874 1.8506986 2.7850164 2.5047298 4.3756760 
AMPM_HELVI_61_463     0.4236041 0.3916691 0.4106216 0.4848315 0.4037724 0.3434209 0.3973397 0.5467921 0.4307146 0.4807470 0.4673156 0.5459662 0.5987347 0.3494859 0.4482190 0.4463910 0.9422715 1.1532178 0.0000000 0.1677116 0.1848659 0.1968256 0.6367735 0.7206481 0.7355108 0.7695035 1.0291334 1.6020686 1.6897007 3.1407994 1.1685667 1.5589149 1.5848684 1.5191864 1.7064667 2.9165452 1.8004073 5.1844286 
O17484_PLOIN_65_470   0.3673769 0.3877975 0.4069333 0.6098183 0.4300709 0.4196765 0.4309806 0.5299283 0.4621950 0.4888797 0.5116906 0.5739134 0.5715744 0.4252642 0.4906876 0.4814019 0.8324599 1.2721279 0.1677116 0.0000000 0.2012869 0.1901688 0.7079537 0.7189367 0.6965153 0.8609593 0.9483974 1.4814852 1.9116308 3.3431558 1.4478660 1.6873686 1.6847961 1.6188632 1.7260165 2.8830884 2.1247843 4.8508517 
O76803_BOMMO_45_449   0.3882409 0.4063684 0.4258629 0.5284666 0.4246144 0.4035095 0.4155246 0.6000883 0.4624330 0.4647728 0.4137148 0.5289484 0.5386477 0.3666716 0.4220154 0.4359536 0.7909983 1.1709162 0.1848659 0.2012869 0.0000000 0.0802273 0.5711774 0.6855303 0.7114766 0.8879238 0.9798851 1.6027108 1.7984698 2.9556997 1.3004986 1.6298707 1.6568476 1.5786771 1.8179088 2.7011279 1.9389045 4.7342033 
O16851_PLUXY_48_453   0.4474561 0.3901474 0.4083783 0.4979894 0.4166592 0.3782654 0.4009654 0.5397321 0.4730709 0.4304467 0.3857859 0.5435425 0.5162854 0.3782411 0.4060850 0.3920257 0.7633298 1.1160410 0.1968256 0.1901688 0.0802273 0.0000000 0.5600477 0.7658823 0.7200928 0.8297034 1.0834007 1.5351632 1.9015174 2.7918162 1.2018463 1.5357836 1.5517445 1.5235012 1.6958581 2.7066881 2.0709986 4.6963825 
O46156_PLUXY_44_450   0.6819348 0.6138034 0.6094529 0.7015611 0.6735517 0.5615560 0.5517099 0.8097621 0.7335038 0.6019512 0.5608068 0.7023561 0.7617268 0.5729462 0.6612779 0.7100442 1.0053727 1.2449359 0.6367735 0.7079537 0.5711774 0.5600477 0.0000000 1.0695549 1.0010433 1.0499173 1.2671683 1.8507032 2.0073884 3.8708507 1.6613594 2.1440877 2.0000499 1.6750851 2.1197854 2.7967133 2.4951577 4.2907880 
O76151_BOMMO_36_428   0.3781015 0.6847404 0.7127831 0.7411190 0.5068502 0.6554680 0.5640649 0.7452153 0.6984620 0.6807665 0.8774959 0.7075414 0.8067204 0.6577536 0.7002666 0.7573148 1.1850493 1.7328366 0.7206481 0.7189367 0.6855303 0.7658823 1.0695549 0.0000000 0.1282326 1.1497255 1.3534667 1.8466315 1.9177111 4.0592566 1.8685321 1.9029818 2.1978107 1.7711973 1.9588396 2.9645432 2.4008996 4.3576275 
AMPN_PLUXY_36_432     0.3833449 0.5881413 0.5615715 0.6675637 0.5849979 0.5821869 0.5755959 0.7047806 0.6790112 0.5877831 0.7377048 0.8021849 0.7810869 0.6905238 0.6610629 0.6600417 1.1422502 1.5633079 0.7355108 0.6965153 0.7114766 0.7200928 1.0010433 0.1282326 0.0000000 1.0310193 1.2732322 1.7946229 1.7987401 3.3919399 1.6566195 1.8841130 2.1594971 1.8337986 1.9129396 2.9529169 2.3232278 4.2195229 
Q21673_CAEEL_32_415   0.7877250 0.7511807 0.7516089 0.6721247 0.6947932 0.7012403 0.7061727 0.9343660 0.6391120 0.5088939 0.5058294 0.6832088 0.7098975 0.6554266 0.6587636 0.7292245 1.1426540 0.9087985 0.7695035 0.8609593 0.8879238 0.8297034 1.0499173 1.1497255 1.0310193 0.0000000 1.0553439 1.8226378 1.7169690 3.5979132 1.5166246 1.4261265 1.5316291 1.3554299 1.4009834 2.7678534 2.9114317 3.8902218 
Q22531_CAEEL_998_1402 0.9095807 0.9201755 0.9203056 1.0703664 0.8395921 0.7813874 0.8370658 0.9103921 0.8920833 0.7536024 0.8305442 1.0275137 1.1799797 0.9872847 1.0591088 1.0485040 1.1935604 1.1691136 1.0291334 0.9483974 0.9798851 1.0834007 1.2671683 1.3534667 1.2732322 1.0553439 0.0000000 1.5611037 2.5037291 4.6838437 2.2007044 2.2384962 2.3277636 1.9751673 2.0334548 3.5468316 2.9650174 4.7893142 
YIN7_YEAST_8_426      1.2556361 1.1632735 1.1557467 1.5925395 1.4310275 1.2536869 1.2885913 1.2229760 1.5619128 1.3747338 1.2637604 1.4644807 1.5437840 1.2279759 1.3873660 1.3678311 1.7892430 2.0499748 1.6020686 1.4814852 1.6027108 1.5351632 1.8507032 1.8466315 1.7946229 1.8226378 1.5611037 0.0000000 3.4125919 6.5212704 3.0952207 2.4653637 2.8141406 2.6775521 2.5773745 4.6389083 2.5445615 3.9315193 
P74527_SYNY3_29_395   1.3069050 1.6946108 1.6911509 1.3135981 1.3466665 1.3775727 1.4451119 1.6422447 1.2516383 1.5746656 1.6642362 1.6076046 1.6355972 1.6247734 1.5485796 1.6353719 1.7219465 1.5664345 1.6897007 1.9116308 1.7984698 1.9015174 2.0073884 1.9177111 1.7987401 1.7169690 2.5037291 3.4125919 0.0000000 4.2291796 1.5027478 2.0850102 2.0569715 1.8642375 2.0607207 3.0734963 2.4963089 4.9475031 
Q17405_CAEEL_156_583  3.4304884 3.3961674 3.4276247 3.6493546 3.4863509 2.9900302 3.4423553 3.5060282 2.7325363 3.2800730 3.5297858 3.6491702 3.5554366 3.6851303 3.8757912 3.8028744 3.8377502 5.3116370 3.1407994 3.3431558 2.9556997 2.7918162 3.8708507 4.0592566 3.3919399 3.5979132 4.6838437 6.5212704 4.2291796 0.0000000 3.3636213 5.6242136 5.1405526 4.6197941 5.6842090 8.9999983 4.2096145 4.1758778 
AMPB_RAT_32_417       1.3928167 1.4714896 1.4785083 1.4490845 1.2276346 1.2502067 1.3557762 1.4014882 1.2070702 1.2901565 1.5814138 1.2022748 1.3790212 1.4613777 1.4723912 1.4431321 1.6515546 1.7234347 1.1685667 1.4478660 1.3004986 1.2018463 1.6613594 1.8685321 1.6566195 1.5166246 2.2007044 3.0952207 1.5027478 3.3636213 0.0000000 0.4661006 0.4085187 0.5333423 0.5782042 2.6465179 2.0114749 5.5802672 
O44969_CAEEL_15_390   1.5637806 1.6321157 1.6394522 1.7975990 1.5045896 1.7260071 1.6902805 1.6757573 1.2649898 1.3241698 1.3787453 1.3814373 1.4439436 1.7156674 1.4426678 1.3937313 1.8333279 1.9528222 1.5589149 1.6873686 1.6298707 1.5357836 2.1440877 1.9029818 1.8841130 1.4261265 2.2384962 2.4653637 2.0850102 5.6242136 0.4661006 0.0000000 0.2565494 0.4422963 0.4422062 2.2557004 2.2868983 4.5880807 
LKHA4_RAT_12_385      1.5775999 1.7426274 1.7501125 1.8860485 1.5628698 1.6892118 1.6759018 1.6438935 1.2545063 1.5018979 1.5585639 1.5099580 1.5549278 1.6750395 1.4642796 1.4747938 1.9278518 2.0445559 1.5848684 1.6847961 1.6568476 1.5517445 2.0000499 2.1978107 2.1594971 1.5316291 2.3277636 2.8141406 2.0569715 5.1405526 0.4085187 0.2565494 0.0000000 0.4222419 0.4339283 2.2784353 2.3978429 4.7205239 
LKHA4_YEAST_64_432    1.3489529 1.5259753 1.5331392 1.6253502 1.1459847 1.3834927 1.3270477 1.4002582 1.0991595 1.3282184 1.6218035 1.1461840 1.4231416 1.5539033 1.3475099 1.4062090 1.9031825 1.9991874 1.5191864 1.6188632 1.5786771 1.5235012 1.6750851 1.7711973 1.8337986 1.3554299 1.9751673 2.6775521 1.8642375 4.6197941 0.5333423 0.4422963 0.4222419 0.0000000 0.2306271 3.0841638 2.1636560 3.4864241 
LKHA4_SCHPO_13_385    1.3794399 1.5197601 1.5270430 1.6907257 1.4326289 1.4922240 1.5800536 1.6734679 1.4218154 1.3706757 1.4421250 1.4087631 1.5925370 1.5758020 1.4247126 1.4251127 2.0322380 1.8506986 1.7064667 1.7260165 1.8179088 1.6958581 2.1197854 1.9588396 1.9129396 1.4009834 2.0334548 2.5773745 2.0607207 5.6842090 0.5782042 0.4422062 0.4339283 0.2306271 0.0000000 2.7687593 2.4282810 5.8058111 
AMPN_HAEIN_14_385     2.9003817 2.8244973 2.8097036 2.6533769 2.5958587 2.6568579 2.4271200 2.5750791 2.7265338 2.6079369 2.6307302 2.3896048 2.8155519 2.6933773 2.4428380 2.5542065 3.3518020 2.7850164 2.9165452 2.8830884 2.7011279 2.7066881 2.7967133 2.9645432 2.9529169 2.7678534 3.5468316 4.6389083 3.0734963 8.9999983 2.6465179 2.2557004 2.2784353 3.0841638 2.7687593 0.0000000 5.1053161 8.9999984 
O69971_STRCO_51_417   1.9278736 2.0388005 2.0349632 2.0351133 1.8828691 1.8883614 1.8712080 1.7368249 1.8070350 1.9405197 2.1905962 2.0181301 2.2189672 1.9145857 2.2012626 2.1651619 2.8477048 2.5047298 1.8004073 2.1247843 1.9389045 2.0709986 2.4951577 2.4008996 2.3232278 2.9114317 2.9650174 2.5445615 2.4963089 4.2096145 2.0114749 2.2868983 2.3978429 2.1636560 2.4282810 5.1053161 0.0000000 6.5160931 
YKG7_CAEEL_172_556    3.8888174 3.7737045 3.7781194 4.5523859 3.7643545 4.3346078 4.2843685 3.0188796 4.1432664 4.2548145 4.5819518 3.4174832 3.3141688 4.5271083 3.8083374 4.1395863 3.7946358 4.3756760 5.1844286 4.8508517 4.7342033 4.6963825 4.2907880 4.3576275 4.2195229 3.8902218 4.7893142 3.9315193 4.9475031 4.1758778 5.5802672 4.5880807 4.7205239 3.4864241 5.8058111 8.9999984 6.5160931 0.0000000 
