6
NHAB_RHOER_1_211 0.0000000 0.5249172 1.6684245 1.3751317 1.3504508 1.8351791 
NHAB_PSECL_1_212 0.5249172 0.0000000 1.7616204 1.8045334 1.5208900 2.0560526 
NHAB_RHOSO_1_227 1.6684245 1.7616204 0.0000000 0.9051149 1.0431629 1.5876416 
NHB2_RHORH_1_226 1.3751317 1.8045334 0.9051149 0.0000000 1.0566319 1.3603006 
NHAB_PSEPU_1_217 1.3504508 1.5208900 1.0431629 1.0566319 0.0000000 1.2090640 
NHB1_RHORH_1_229 1.8351791 2.0560526 1.5876416 1.3603006 1.2090640 0.0000000 
