6
Q9MLH9_9TREM_1_85 0.0000000 0.5184806 1.0307567 1.2224905 0.9419387 2.3374186 
Q9GA65_FASHE_5_90 0.5184806 0.0000000 1.1060401 1.3512250 1.0278186 2.5690804 
Q9B8W8_9CEST_1_86 1.0307567 1.1060401 0.0000000 0.4402637 0.4362576 1.9759534 
Q953M9_ECHGR_1_86 1.2224905 1.3512250 0.4402637 0.0000000 0.5002876 2.7108549 
Q958I7_HYMDI_1_86 0.9419387 1.0278186 0.4362576 0.5002876 0.0000000 3.2385832 
Q9B8V0_9TREM_2_87 2.3374186 2.5690804 1.9759534 2.7108549 3.2385832 0.0000000 
