25
Y1408_METJA_233_289  0.0000000 0.6805802 1.1256366 1.1070298 1.0251162 0.9135569 1.4733740 1.3285019 1.4429804 1.4580210 1.8272173 1.0843771 0.9529039 1.2537150 1.2815945 1.3988498 1.1153453 1.3231654 1.1136814 1.5170398 2.0751968 2.4500551 1.3783173 3.4903446 2.9346163 
Q9V0G4_PYRAB_234_291 0.6805802 0.0000000 0.9928897 1.2512823 1.0366734 1.3502955 1.3403868 1.7004748 1.8870674 1.9397513 2.3318926 1.3516620 1.2534968 1.6601238 1.3567172 1.7983118 1.4094801 1.6837201 1.4875032 1.9291542 2.0301546 1.8993952 1.9696870 2.4864240 2.4751078 
Q8TQZ5_METAC_227_283 1.1256366 0.9928897 0.0000000 1.3307269 1.2607689 1.2028305 1.1577434 1.2339129 1.7575123 1.3693415 1.6601971 1.0636755 1.3544728 1.4644511 0.9622961 1.6548147 1.3626103 1.5206900 1.2548072 1.7501608 2.2047461 2.1997703 2.2709821 3.5606734 2.8950766 
O26946_METTH_229_285 1.1070298 1.2512823 1.3307269 0.0000000 1.3686847 1.0531214 1.4142603 1.3827540 1.7686738 1.4858782 1.3590819 1.2978399 1.5480517 1.3977111 1.3951104 1.6539430 1.5729250 1.2198211 1.5083989 1.8249249 2.3456504 2.0776368 1.5668638 2.5184980 3.5771730 
Q8ZSQ9_PYRAE_235_291 1.0251162 1.0366734 1.2607689 1.3686847 0.0000000 0.8527756 1.6052401 1.4104061 1.7256082 1.8127289 2.3987494 1.3192629 1.5195085 1.5762281 1.5984877 1.6609876 1.7793298 1.4983012 1.8650327 2.0041955 1.6376008 1.3699433 1.7172964 2.8322834 2.5874636 
O29821_ARCFU_220_276 0.9135569 1.3502955 1.2028305 1.0531214 0.8527756 0.0000000 1.0162564 1.2575233 1.2658193 1.5411475 1.9422005 1.2748077 1.4586647 1.3914459 1.3666032 1.6723184 1.7475194 1.6527846 1.4486279 1.5281810 2.3065560 2.1474819 1.8036525 2.3366834 2.4691465 
Q8TZC7_METKA_240_296 1.4733740 1.3403868 1.1577434 1.4142603 1.6052401 1.0162564 0.0000000 1.2167953 1.5283925 1.6037233 1.7821758 1.5200036 1.6700258 1.5883937 1.3295888 1.7378250 1.6603395 1.4988518 1.3901240 1.4326450 2.7628824 2.3021700 2.1406941 2.5887499 2.5414954 
Q9HMD6_HALSA_230_287 1.3285019 1.7004748 1.2339129 1.3827540 1.4104061 1.2575233 1.2167953 0.0000000 1.8675496 1.2683229 1.6112768 1.6487520 1.8623822 1.4416721 1.8191996 1.8851551 2.0744767 2.0108453 2.0879994 1.4904507 2.9914731 2.5874154 2.3007350 3.8551719 2.5493158 
Q7QSD4_GIALA_235_291 1.4429804 1.8870674 1.7575123 1.7686738 1.7256082 1.2658193 1.5283925 1.8675496 0.0000000 0.9424066 1.2805299 1.0808585 1.0303673 1.0680214 1.0943111 1.2300489 1.3279297 0.9221262 0.9181814 1.3137787 2.2407081 2.0192123 1.7352994 3.2104116 2.7778508 
Q8LIM1_ORYSA_235_292 1.4580210 1.9397513 1.3693415 1.4858782 1.8127289 1.5411475 1.6037233 1.2683229 0.9424066 0.0000000 0.2801931 0.5327677 0.5696063 0.5391420 0.6557978 0.5898231 0.6787138 0.5928482 0.8401656 0.8545446 2.5921201 2.3382747 1.8281774 3.1114859 2.4993297 
Q9SY72_ARATH_264_320 1.8272173 2.3318926 1.6601971 1.3590819 2.3987494 1.9422005 1.7821758 1.6112768 1.2805299 0.2801931 0.0000000 0.9613094 0.9105271 0.9272012 0.9504242 0.9519168 1.0617220 0.8420638 1.3854641 1.2278681 2.2294990 2.1050030 2.1707864 3.8071624 2.8788445 
Q7QIT0_ANOGA_235_292 1.0843771 1.3516620 1.0636755 1.2978399 1.3192629 1.2748077 1.5200036 1.6487520 1.0808585 0.5327677 0.9613094 0.0000000 0.2641121 0.4908735 0.4615487 0.4462204 0.4423997 0.5503352 0.4631370 0.8567740 2.3264174 2.2371995 1.7158106 2.6788604 2.5049602 
NOG1_DROME_235_292   0.9529039 1.2534968 1.3544728 1.5480517 1.5195085 1.4586647 1.6700258 1.8623822 1.0303673 0.5696063 0.9105271 0.2641121 0.0000000 0.4032474 0.3766608 0.4145282 0.4253850 0.5103647 0.4538446 0.9052265 2.4434849 2.1023592 1.7540810 2.6402424 2.0170443 
NOG1_TRYBB_236_293   1.2537150 1.6601238 1.4644511 1.3977111 1.5762281 1.3914459 1.5883937 1.4416721 1.0680214 0.5391420 0.9272012 0.4908735 0.4032474 0.0000000 0.5156094 0.6025500 0.5462503 0.6355155 0.6086481 0.9005291 2.4837274 2.4836733 1.8886640 3.0706362 2.5671178 
NOG1_MOUSE_234_291   1.2815945 1.3567172 0.9622961 1.3951104 1.5984877 1.3666032 1.3295888 1.8191996 1.0943111 0.6557978 0.9504242 0.4615487 0.3766608 0.5156094 0.0000000 0.6727428 0.6530976 0.6168423 0.5830348 0.9159843 2.7957059 1.8639578 1.8641264 2.0618401 1.7887072 
NOG1_SCHPO_235_292   1.3988498 1.7983118 1.6548147 1.6539430 1.6609876 1.6723184 1.7378250 1.8851551 1.2300489 0.5898231 0.9519168 0.4462204 0.4145282 0.6025500 0.6727428 0.0000000 0.3347297 0.4874410 0.7685226 0.7751991 2.7297488 2.2511352 1.5484687 2.7700306 2.3002370 
NOG1_YEAST_234_291   1.1153453 1.4094801 1.3626103 1.5729250 1.7793298 1.7475194 1.6603395 2.0744767 1.3279297 0.6787138 1.0617220 0.4423997 0.4253850 0.5462503 0.6530976 0.3347297 0.0000000 0.5169979 0.6967526 0.9256941 2.4567498 2.2813009 2.0262112 2.8064506 2.7895719 
Q7S908_NEUCR_232_289 1.3231654 1.6837201 1.5206900 1.2198211 1.4983012 1.6527846 1.4988518 2.0108453 0.9221262 0.5928482 0.8420638 0.5503352 0.5103647 0.6355155 0.6168423 0.4874410 0.5169979 0.0000000 0.6187441 0.8727184 2.7839366 1.9212261 1.7322159 2.9513014 2.6110399 
NOG1_CAEEL_236_293   1.1136814 1.4875032 1.2548072 1.5083989 1.8650327 1.4486279 1.3901240 2.0879994 0.9181814 0.8401656 1.3854641 0.4631370 0.4538446 0.6086481 0.5830348 0.7685226 0.6967526 0.6187441 0.0000000 1.0458438 2.5015329 1.8108329 1.6633619 3.1852424 2.7281032 
NOG1_ENCCU_234_290   1.5170398 1.9291542 1.7501608 1.8249249 2.0041955 1.5281810 1.4326450 1.4904507 1.3137787 0.8545446 1.2278681 0.8567740 0.9052265 0.9005291 0.9159843 0.7751991 0.9256941 0.8727184 1.0458438 0.0000000 2.4127048 2.1636257 1.7128076 2.5353785 2.6452952 
Q979Q1_THEVO_231_287 2.0751968 2.0301546 2.2047461 2.3456504 1.6376008 2.3065560 2.7628824 2.9914731 2.2407081 2.5921201 2.2294990 2.3264174 2.4434849 2.4837274 2.7957059 2.7297488 2.4567498 2.7839366 2.5015329 2.4127048 0.0000000 0.4291933 1.4067752 4.1145878 4.4575406 
Q9HJM6_THEAC_234_290 2.4500551 1.8993952 2.1997703 2.0776368 1.3699433 2.1474819 2.3021700 2.5874154 2.0192123 2.3382747 2.1050030 2.2371995 2.1023592 2.4836733 1.8639578 2.2511352 2.2813009 1.9212261 1.8108329 2.1636257 0.4291933 0.0000000 1.5995713 3.3715983 3.4071534 
Q970W1_SULTO_223_278 1.3783173 1.9696870 2.2709821 1.5668638 1.7172964 1.8036525 2.1406941 2.3007350 1.7352994 1.8281774 2.1707864 1.7158106 1.7540810 1.8886640 1.8641264 1.5484687 2.0262112 1.7322159 1.6633619 1.7128076 1.4067752 1.5995713 0.0000000 3.5037502 3.3895735 
Q8I1U1_PLAF7_518_578 3.4903446 2.4864240 3.5606734 2.5184980 2.8322834 2.3366834 2.5887499 3.8551719 3.2104116 3.1114859 3.8071624 2.6788604 2.6402424 3.0706362 2.0618401 2.7700306 2.8064506 2.9513014 3.1852424 2.5353785 4.1145878 3.3715983 3.5037502 0.0000000 2.2285981 
Q9SAI3_ARATH_306_363 2.9346163 2.4751078 2.8950766 3.5771730 2.5874636 2.4691465 2.5414954 2.5493158 2.7778508 2.4993297 2.8788445 2.5049602 2.0170443 2.5671178 1.7887072 2.3002370 2.7895719 2.6110399 2.7281032 2.6452952 4.4575406 3.4071534 3.3895735 2.2285981 0.0000000 
