50
Q5DU90_PSEFL_12_434 0.0000000 0.3425107 0.6675525 0.6973010 0.8268365 0.9476290 0.9624432 0.8909995 1.1645915 1.2796378 1.6371737 0.8180737 0.9362654 0.9843462 1.2496927 1.2539221 1.1154553 1.5042675 1.5556116 1.5982871 1.3659929 1.2819037 1.2394891 1.3250541 1.3877984 1.5037785 1.3545690 1.1944418 1.3526949 1.3775687 1.5551475 1.3706131 1.3201764 1.0296161 1.1449908 1.3263327 1.3565099 1.3794228 1.2585517 1.1906195 1.7785490 1.4718074 1.8521632 2.2640885 1.7224296 1.7240931 1.6504713 2.0061222 1.6073093 2.5698790 
Q88NK1_PSEPK_5_420  0.3425107 0.0000000 0.5251352 0.6489368 0.7893589 0.8056720 0.9179129 0.7807017 1.0223040 1.1721164 1.6995744 0.7224988 0.9372524 1.0016051 1.1846611 1.2351570 1.0964956 1.4153260 1.5623643 1.3603518 1.3073533 1.2339362 1.2772122 1.3829607 1.3256445 1.4015844 1.3112361 1.1400215 1.2530013 1.2033634 1.4389706 1.1940116 1.0927116 0.8996378 1.0470202 1.1239849 1.3640573 1.3113920 1.1613326 1.1113896 1.5315198 1.2757203 2.0126440 2.1902731 1.8057097 1.6511922 1.6430565 2.0294443 1.5383309 2.5261515 
Q83V23_PSEFL_5_411  0.6675525 0.5251352 0.0000000 0.7504661 0.9412320 0.8905488 0.9516450 0.9275073 1.1242371 1.3638670 1.7633912 0.9062762 1.0439780 1.0460991 1.2177479 1.3698062 1.1258932 1.6940260 1.6187292 1.3006014 1.2521051 1.1272755 1.0897392 1.2228936 1.3196269 1.2696951 1.2852115 1.1563140 1.2261093 1.1557307 1.1792143 1.2397683 1.2064856 0.9545558 0.9819071 1.0843116 1.1310966 1.3092227 1.1466379 1.0160500 1.4755988 1.3389256 1.7754374 1.9621188 1.7070552 1.7904094 1.6225812 2.0381813 1.4629144 2.4954003 
PORD_PSEAE_5_442    0.6973010 0.6489368 0.7504661 0.0000000 0.3709676 0.9257579 0.9462957 0.8080294 0.8984408 1.1563583 1.3531814 0.7817038 0.9174088 0.7884397 1.0161269 0.9591336 0.9387603 0.9983947 1.8908842 1.3202455 1.2727636 1.1899152 1.1516927 1.2642531 1.2665209 1.3041274 1.2182158 1.1697761 1.2990901 1.1903294 1.4694363 1.2656128 1.0942500 0.9399198 1.0189002 1.1587937 1.2962714 1.2415198 1.2197896 1.1280940 1.3610990 1.4424848 1.6950286 2.0159941 1.5479748 1.3874760 1.4698618 1.7281688 1.5278191 2.4668477 
Q87Y25_PSESM_5_447  0.8268365 0.7893589 0.9412320 0.3709676 0.0000000 1.1068759 1.1881799 1.0093192 0.9725753 1.1482860 1.3776807 0.8465824 0.9445062 0.8872178 1.1952543 1.1971411 1.1124907 1.1767144 2.0798156 1.5180577 1.5036491 1.3918626 1.3397170 1.4312306 1.4155976 1.4139436 1.3053575 1.2709945 1.4084666 1.4351259 1.7429410 1.3928225 1.2834395 1.1882604 1.2188467 1.3074609 1.5751533 1.4065537 1.4868130 1.4911977 1.8566865 1.5862227 1.7533814 2.1161056 1.5881653 1.3717082 1.4168940 1.8959851 1.6313955 2.2939768 
Q88R66_PSEPK_5_438  0.9476290 0.8056720 0.8905488 0.9257579 1.1068759 0.0000000 0.3828048 0.3340140 1.3576251 1.4046435 1.6782495 1.0526994 1.1808224 1.1067298 1.3979418 1.7731266 1.4366385 1.8174248 1.6565250 1.3313246 1.2786728 1.2209613 1.1942812 1.2202826 1.3976312 1.3637688 1.3714812 1.4139278 1.4081921 1.3976578 1.2566481 1.2454174 1.1094262 1.1393819 1.1817326 1.1963739 1.1610847 1.2969591 1.2748525 1.2028923 1.8544085 1.6314535 2.0257726 2.3577873 2.0679602 1.7078967 1.7517961 1.9732114 1.0561842 2.1861030 
Q87UB4_PSESM_5_423  0.9624432 0.9179129 0.9516450 0.9462957 1.1881799 0.3828048 0.0000000 0.3986765 1.4096109 1.5208543 1.6083446 1.2126314 1.0997154 1.2560075 1.4948546 1.7244805 1.4987030 1.7324437 1.8835866 1.2882051 1.3579864 1.2388901 1.2410573 1.4075504 1.5277629 1.5280606 1.4778385 1.4739677 1.6432985 1.4432641 1.4974089 1.3260329 1.3302745 1.2518246 1.3545817 1.3835606 1.4173063 1.5557301 1.3459443 1.1928567 1.7853054 1.6066189 1.9564033 2.3600458 2.2397051 1.8862491 1.7658407 2.2154138 1.1323621 2.2970159 
O24779_PSEAE_5_424  0.8909995 0.7807017 0.9275073 0.8080294 1.0093192 0.3340140 0.3986765 0.0000000 1.3406531 1.4253829 1.7532295 1.1356421 1.1654203 1.2390565 1.4915136 1.8576328 1.5553890 1.7993983 1.9964923 1.4261864 1.3869502 1.2601417 1.1798621 1.3538554 1.4117290 1.4526011 1.3994965 1.4725425 1.5108462 1.4534409 1.5510387 1.3784925 1.3272204 1.3096460 1.3839543 1.4186410 1.4513855 1.5372208 1.3310953 1.2854414 1.8564187 1.7521901 2.1633360 2.4981347 2.1497470 1.7877454 1.7679784 2.2036971 1.0734688 2.3012839 
Q9I6X0_PSEAE_6_443  1.1645915 1.0223040 1.1242371 0.8984408 0.9725753 1.3576251 1.4096109 1.3406531 0.0000000 0.4486840 0.9772373 0.7520423 0.9133643 0.7571449 0.9285714 1.3870419 1.1595431 1.2401220 1.7422525 1.5797104 1.4866927 1.3740218 1.4055646 1.4888816 1.3979021 1.4414647 1.2251048 1.1811754 1.4776351 1.2646463 1.5153457 1.3387900 1.3382628 1.1916246 1.1267982 1.0690107 1.3577020 1.4641375 1.2342105 1.2916020 1.3870804 1.3548055 1.8577408 2.1869205 1.5459000 1.4346109 1.6259528 1.9152451 1.8432796 2.4433919 
Q88PP9_PSEPK_6_443  1.2796378 1.1721164 1.3638670 1.1563583 1.1482860 1.4046435 1.5208543 1.4253829 0.4486840 0.0000000 1.1252724 0.8443012 1.0661044 0.7977828 1.0802607 1.4259970 1.3847172 1.3329597 1.8935125 1.6192441 1.6451980 1.5649109 1.6699085 1.7200869 1.8091168 1.7086909 1.4414453 1.2556937 1.5241214 1.3104651 1.6644034 1.5666769 1.3785225 1.1407019 1.2851019 1.2812562 1.6115323 1.5115599 1.4642128 1.4881743 1.5107747 1.6534145 1.7133683 1.8783360 1.5776398 1.6875504 1.7265358 1.9848502 1.9452676 2.1871703 
Q9I161_PSEAE_8_471  1.6371737 1.6995744 1.7633912 1.3531814 1.3776807 1.6782495 1.6083446 1.7532295 0.9772373 1.1252724 0.0000000 1.0262765 1.2494774 1.1648578 1.4311802 1.3464655 1.3986451 1.4565695 1.9818532 1.9146792 2.1396186 1.8426177 1.9061573 1.8996361 2.1300405 1.6775861 1.5337636 1.7313375 1.8979026 1.7402147 1.8830807 1.8457877 1.6396516 1.4616302 1.6334059 1.6258504 1.8285681 1.5394107 2.0983320 1.9455563 1.9901294 2.1105657 2.0737213 2.3509810 1.9753380 1.7209148 1.7791228 2.2832265 2.1915892 2.4573159 
Q88GT7_PSEPK_5_446  0.8180737 0.7224988 0.9062762 0.7817038 0.8465824 1.0526994 1.2126314 1.1356421 0.7520423 0.8443012 1.0262765 0.0000000 0.3605248 0.3583397 1.0080160 1.1890583 1.0464521 1.2401251 1.9093643 1.4966282 1.5132158 1.3470419 1.2710356 1.4879762 1.5855934 1.3684413 1.3574325 1.1759799 1.4153759 1.2487325 1.5629054 1.3183012 1.1771758 1.1086096 1.1479129 1.0480095 1.2628440 1.4129977 1.2886218 1.2666286 1.3941491 1.3241020 1.7155716 1.9820303 1.4148503 1.4493409 1.4918987 1.9260464 1.7328747 2.4803382 
Q88AM0_PSESM_5_440  0.9362654 0.9372524 1.0439780 0.9174088 0.9445062 1.1808224 1.0997154 1.1654203 0.9133643 1.0661044 1.2494774 0.3605248 0.0000000 0.4267795 0.9687059 1.4051767 1.2869517 1.3773091 2.0691586 1.4898232 1.5945807 1.4684728 1.3249757 1.4401699 1.5138445 1.6135119 1.3764361 1.3011077 1.3751215 1.3604888 1.6287271 1.3336133 1.2273224 1.2300740 1.3409932 1.2768214 1.3961190 1.5817994 1.3855138 1.2331664 1.5960018 1.5838970 2.0063465 1.9372196 1.5921427 1.3979651 1.4337351 2.0270063 1.7673565 2.3671476 
Q9ALQ9_PSEFL_2_437  0.9843462 1.0016051 1.0460991 0.7884397 0.8872178 1.1067298 1.2560075 1.2390565 0.7571449 0.7977828 1.1648578 0.3583397 0.4267795 0.0000000 1.0066391 1.2478241 1.1525689 1.2377405 1.9278585 1.4595595 1.4340701 1.2609765 1.3021393 1.4669084 1.4432134 1.4018507 1.2941265 1.1402816 1.4153735 1.2977178 1.5213444 1.3606782 1.1670932 1.0713820 1.0553785 1.0572196 1.0883164 1.4299671 1.2235878 1.1609410 1.4158862 1.4449623 1.5370967 1.7759797 1.3999894 1.4598383 1.4590082 1.9227418 1.7175644 2.6026018 
Q88J95_PSEPK_37_477 1.2496927 1.1846611 1.2177479 1.0161269 1.1952543 1.3979418 1.4948546 1.4915136 0.9285714 1.0802607 1.4311802 1.0080160 0.9687059 1.0066391 0.0000000 1.0646549 1.1510529 1.2979888 1.7424360 1.3769635 1.3863047 1.2533560 1.3303932 1.3913688 1.2865089 1.3688987 1.3821270 1.2663124 1.5157222 1.2214274 1.4919274 1.4571457 1.2623046 1.2174027 1.2666476 1.2507446 1.4793920 1.4528063 1.4616891 1.3737220 1.6824348 1.3909766 1.5638283 1.9486980 1.6622967 1.6320358 1.8652872 2.1168762 2.0212310 2.7619960 
Q9I0E2_PSEAE_8_433  1.2539221 1.2351570 1.3698062 0.9591336 1.1971411 1.7731266 1.7244805 1.8576328 1.3870419 1.4259970 1.3464655 1.1890583 1.4051767 1.2478241 1.0646549 0.0000000 0.6080169 1.1218249 2.1477665 1.8216146 1.8984922 1.6734762 1.6703969 1.7526257 1.6633712 1.5401237 1.4851034 1.4823005 1.7243128 1.4678292 2.0110101 1.8046850 1.4230285 1.4286256 1.4847325 1.4519222 1.6633563 1.3759847 1.5565168 1.5279610 1.7304690 1.8052176 1.7536201 2.2373508 1.8926143 1.7742572 1.6619092 2.0271586 2.1548387 3.3043901 
Q88CD1_PSEPK_9_418  1.1154553 1.0964956 1.1258932 0.9387603 1.1124907 1.4366385 1.4987030 1.5553890 1.1595431 1.3847172 1.3986451 1.0464521 1.2869517 1.1525689 1.1510529 0.6080169 0.0000000 1.2449766 2.1404404 1.7200117 1.5463595 1.3869573 1.4060713 1.4420205 1.5954866 1.4072859 1.3690695 1.2291114 1.5942324 1.4773083 1.4638601 1.5956424 1.5366310 1.4407746 1.4094450 1.3964468 1.4363845 1.2767060 1.4806375 1.4201488 1.6261388 1.6189418 1.8147633 2.3105551 2.1792647 1.7511162 1.8270494 1.8684357 2.0204643 3.1661125 
Q9I6U5_PSEAE_5_451  1.5042675 1.4153260 1.6940260 0.9983947 1.1767144 1.8174248 1.7324437 1.7993983 1.2401220 1.3329597 1.4565695 1.2401251 1.3773091 1.2377405 1.2979888 1.1218249 1.2449766 0.0000000 2.0461991 1.5354407 1.9360126 1.7661987 1.9217235 2.0412042 1.7930131 1.6949771 1.5526929 1.4322038 1.7123971 1.5158704 2.0321396 1.7428660 1.5576408 1.6664042 1.5486699 1.6731281 1.8376986 1.6994624 1.8045097 1.6067948 2.0364563 2.2229826 2.0241049 2.5189709 2.0252579 1.8273109 1.6935127 2.4069683 2.0646238 3.1130799 
Q88EJ7_PSEPK_5_449  1.5556116 1.5623643 1.6187292 1.8908842 2.0798156 1.6565250 1.8835866 1.9964923 1.7422525 1.8935125 1.9818532 1.9093643 2.0691586 1.9278585 1.7424360 2.1477665 2.1404404 2.0461991 0.0000000 1.5046734 1.4494210 1.3281333 1.4741238 1.5046010 1.5104893 1.5493097 1.7225927 1.2658480 1.3882530 1.2973750 1.1131299 1.3067990 1.4627506 1.2527639 1.2367745 1.3022454 1.3363244 1.3015567 1.4549682 1.3510672 1.7747118 1.7345250 1.8900280 2.0876236 1.9070860 2.2008435 2.2094299 2.3862866 2.4231645 2.0530684 
Q9AQN9_PSERE_9_417  1.5982871 1.3603518 1.3006014 1.3202455 1.5180577 1.3313246 1.2882051 1.4261864 1.5797104 1.6192441 1.9146792 1.4966282 1.4898232 1.4595595 1.3769635 1.8216146 1.7200117 1.5354407 1.5046734 0.0000000 1.1549179 1.0218065 1.1201695 1.1369878 1.2128685 1.3146325 1.3342722 1.0944953 1.1535722 1.2524816 1.1942083 1.1059035 0.9970369 0.9336190 1.0850905 1.0668228 1.3698039 1.1351397 1.1788406 0.9824325 1.3238107 1.3462902 1.7091648 1.8054326 1.5586635 2.0177275 1.7937323 2.1754566 1.9665546 1.4138201 
Q888H0_PSESM_9_421  1.3659929 1.3073533 1.2521051 1.2727636 1.5036491 1.2786728 1.3579864 1.3869502 1.4866927 1.6451980 2.1396186 1.5132158 1.5945807 1.4340701 1.3863047 1.8984922 1.5463595 1.9360126 1.4494210 1.1549179 0.0000000 0.2084189 0.2588747 0.2718432 0.3431150 0.4014437 0.7606615 0.7745727 0.8573306 0.8114157 1.0673395 1.0766995 1.0360353 0.8624921 0.8306390 0.9348008 1.1179788 1.0944029 1.1720524 1.0505133 1.2505778 1.2718177 1.4111124 1.6189261 1.4226879 2.0052740 1.8768548 2.2722281 1.7066333 2.2886113 
Q883L3_PSESM_10_417 1.2819037 1.2339362 1.1272755 1.1899152 1.3918626 1.2209613 1.2388901 1.2601417 1.3740218 1.5649109 1.8426177 1.3470419 1.4684728 1.2609765 1.2533560 1.6734762 1.3869573 1.7661987 1.3281333 1.0218065 0.2084189 0.0000000 0.1754185 0.2524680 0.3527322 0.3835854 0.7970737 0.7173671 0.8761418 0.8852093 1.0211640 1.0211213 0.9994495 0.8176857 0.8334575 0.8580760 1.0164142 1.0084316 1.0105426 0.8925246 1.2024200 1.1102917 1.3001874 1.5955220 1.4658443 1.8489995 1.9024018 2.2849276 1.7440756 2.1902560 
Q88N33_PSEPK_9_417  1.2394891 1.2772122 1.0897392 1.1516927 1.3397170 1.1942812 1.2410573 1.1798621 1.4055646 1.6699085 1.9061573 1.2710356 1.3249757 1.3021393 1.3303932 1.6703969 1.4060713 1.9217235 1.4741238 1.1201695 0.2588747 0.1754185 0.0000000 0.1803983 0.3661564 0.3760244 0.7861019 0.7827714 0.9039789 0.8289539 0.9592979 1.0504024 1.0239711 0.8304899 0.8307053 0.8982500 1.0095603 1.0160744 1.0178103 0.9566664 1.1224355 1.0336609 1.4020521 1.4312727 1.4493033 1.8931569 1.8842093 2.4978644 1.7018117 2.1601137 
Q88NN4_PSEPK_8_411  1.3250541 1.3829607 1.2228936 1.2642531 1.4312306 1.2202826 1.4075504 1.3538554 1.4888816 1.7200869 1.8996361 1.4879762 1.4401699 1.4669084 1.3913688 1.7526257 1.4420205 2.0412042 1.5046010 1.1369878 0.2718432 0.2524680 0.1803983 0.0000000 0.3783698 0.3852551 0.8150038 0.8084589 0.8500438 0.8617757 0.9758228 1.1591955 1.0212743 0.8757855 0.8499552 0.9768229 1.0743000 1.0843893 1.0704891 1.0350191 1.2840776 1.0735480 1.4729192 1.5354982 1.6298583 2.0852026 2.0212320 2.2985655 1.7948684 2.2869928 
Q88JX6_PSEPK_7_409  1.3877984 1.3256445 1.3196269 1.2665209 1.4155976 1.3976312 1.5277629 1.4117290 1.3979021 1.8091168 2.1300405 1.5855934 1.5138445 1.4432134 1.2865089 1.6633712 1.5954866 1.7930131 1.5104893 1.2128685 0.3431150 0.3527322 0.3661564 0.3783698 0.0000000 0.4414556 0.7646149 0.8729337 0.9011297 0.9349932 1.1197533 1.2699819 1.0603059 1.0229555 0.9745729 1.0026618 1.1847718 1.0223000 1.1832843 1.1584305 1.3442208 1.2935810 1.5027769 1.7245927 1.6121108 2.1036563 1.8413222 2.2803799 1.8982837 2.4737304 
Q9I6P8_PSEAE_8_420  1.5037785 1.4015844 1.2696951 1.3041274 1.4139436 1.3637688 1.5280606 1.4526011 1.4414647 1.7086909 1.6775861 1.3684413 1.6135119 1.4018507 1.3688987 1.5401237 1.4072859 1.6949771 1.5493097 1.3146325 0.4014437 0.3835854 0.3760244 0.3852551 0.4414556 0.0000000 0.6726710 0.8526746 1.1460157 0.9721189 1.1673353 1.2926678 0.9916293 0.9421994 0.9711139 0.8810984 1.0888609 1.0257058 1.2182615 1.1944081 1.4271926 1.1837006 1.3815726 1.5076509 1.4908317 2.0056845 1.9953141 2.2757802 1.6551246 2.4646385 
Q9HUR5_PSEAE_5_417  1.3545690 1.3112361 1.2852115 1.2182158 1.3053575 1.3714812 1.4778385 1.3994965 1.2251048 1.4414453 1.5337636 1.3574325 1.3764361 1.2941265 1.3821270 1.4851034 1.3690695 1.5526929 1.7225927 1.3342722 0.7606615 0.7970737 0.7861019 0.8150038 0.7646149 0.6726710 0.0000000 0.7935597 0.9444784 0.8809916 1.2137815 1.2140078 1.0029621 0.9082306 0.9446799 1.0135283 1.1214122 1.1226416 1.2635822 1.1645262 1.3003875 1.3461342 1.5033654 1.6479764 1.4647357 2.0675035 1.8181907 2.1029337 2.1806293 2.4150905 
Q9I1Q4_PSEAE_10_415 1.1944418 1.1400215 1.1563140 1.1697761 1.2709945 1.4139278 1.4739677 1.4725425 1.1811754 1.2556937 1.7313375 1.1759799 1.3011077 1.1402816 1.2663124 1.4823005 1.2291114 1.4322038 1.2658480 1.0944953 0.7745727 0.7173671 0.7827714 0.8084589 0.8729337 0.8526746 0.7935597 0.0000000 0.8381386 0.8182369 0.9198872 0.9080373 0.7954108 0.7112408 0.7326516 0.8097044 0.8936574 0.8137961 0.9316646 0.8078047 1.0391100 1.0970954 1.2411190 1.6660858 1.3836522 1.8107030 1.9067433 2.0726553 1.7193294 2.2559484 
Q9AQP8_9PSED_6_416  1.3526949 1.2530013 1.2261093 1.2990901 1.4084666 1.4081921 1.6432985 1.5108462 1.4776351 1.5241214 1.8979026 1.4153759 1.3751215 1.4153735 1.5157222 1.7243128 1.5942324 1.7123971 1.3882530 1.1535722 0.8573306 0.8761418 0.9039789 0.8500438 0.9011297 1.1460157 0.9444784 0.8381386 0.0000000 0.4139866 1.1336208 1.1036755 0.9881632 0.9117917 0.9109378 1.0343139 1.0723911 1.1160245 1.1028000 1.0185184 1.3657046 1.2033562 1.6573226 1.6764934 1.4494717 2.0043609 1.7978601 2.1582076 2.0229998 2.0521983 
Q88I33_PSEPK_5_415  1.3775687 1.2033634 1.1557307 1.1903294 1.4351259 1.3976578 1.4432641 1.4534409 1.2646463 1.3104651 1.7402147 1.2487325 1.3604888 1.2977178 1.2214274 1.4678292 1.4773083 1.5158704 1.2973750 1.2524816 0.8114157 0.8852093 0.8289539 0.8617757 0.9349932 0.9721189 0.8809916 0.8182369 0.4139866 0.0000000 0.9964875 0.8884588 0.8918839 0.8331448 0.8320292 0.8984490 1.0121413 1.0889390 0.9926371 0.9556287 1.0345703 1.0366851 1.4447605 1.6116947 1.3525390 1.7528462 1.5963558 2.0004349 1.8347704 1.9611635 
Q51510_PSEAE_7_459  1.5551475 1.4389706 1.1792143 1.4694363 1.7429410 1.2566481 1.4974089 1.5510387 1.5153457 1.6644034 1.8830807 1.5629054 1.6287271 1.5213444 1.4919274 2.0110101 1.4638601 2.0321396 1.1131299 1.1942083 1.0673395 1.0211640 0.9592979 0.9758228 1.1197533 1.1673353 1.2137815 0.9198872 1.1336208 0.9964875 0.0000000 0.7079807 0.9911898 0.8546955 0.8860318 0.7820710 1.0617956 1.0229572 0.9389819 0.9507087 1.2172860 1.1165551 1.7247280 1.5770782 1.6907598 1.9805510 1.8502213 2.4702850 2.0000994 2.0211627 
Q88L77_PSEPK_6_416  1.3706131 1.1940116 1.2397683 1.2656128 1.3928225 1.2454174 1.3260329 1.3784925 1.3387900 1.5666769 1.8457877 1.3183012 1.3336133 1.3606782 1.4571457 1.8046850 1.5956424 1.7428660 1.3067990 1.1059035 1.0766995 1.0211213 1.0504024 1.1591955 1.2699819 1.2926678 1.2140078 0.9080373 1.1036755 0.8884588 0.7079807 0.0000000 0.8447512 0.7698486 0.8640618 0.9388081 1.0159877 1.0814457 1.0395382 0.9226997 1.1786537 0.9974426 1.7014818 1.7622882 1.5360640 1.7469507 1.7043140 2.2934177 2.1231082 2.2747007 
Q9I4U9_PSEAE_4_415  1.3201764 1.0927116 1.2064856 1.0942500 1.2834395 1.1094262 1.3302745 1.3272204 1.3382628 1.3785225 1.6396516 1.1771758 1.2273224 1.1670932 1.2623046 1.4230285 1.5366310 1.5576408 1.4627506 0.9970369 1.0360353 0.9994495 1.0239711 1.0212743 1.0603059 0.9916293 1.0029621 0.7954108 0.9881632 0.8918839 0.9911898 0.8447512 0.0000000 0.3333006 0.7025976 0.6506826 0.9261732 0.6748124 0.8581140 0.7944532 1.0970963 1.0686046 1.2661982 1.5714094 1.5228549 1.8535489 1.9176019 2.2129109 1.8768289 2.0949900 
Q9HZH0_PSEAE_9_420  1.0296161 0.8996378 0.9545558 0.9399198 1.1882604 1.1393819 1.2518246 1.3096460 1.1916246 1.1407019 1.4616302 1.1086096 1.2300740 1.0713820 1.2174027 1.4286256 1.4407746 1.6664042 1.2527639 0.9336190 0.8624921 0.8176857 0.8304899 0.8757855 1.0229555 0.9421994 0.9082306 0.7112408 0.9117917 0.8331448 0.8546955 0.7698486 0.3333006 0.0000000 0.6033396 0.5419714 0.9506160 0.6806291 0.7580141 0.6450306 1.0164303 0.9717747 1.3154140 1.4404283 1.3879694 1.7074192 1.8159645 2.0860256 1.7317032 1.8837985 
Q88MZ9_PSEPK_21_428 1.1449908 1.0470202 0.9819071 1.0189002 1.2188467 1.1817326 1.3545817 1.3839543 1.1267982 1.2851019 1.6334059 1.1479129 1.3409932 1.0553785 1.2666476 1.4847325 1.4094450 1.5486699 1.2367745 1.0850905 0.8306390 0.8334575 0.8307053 0.8499552 0.9745729 0.9711139 0.9446799 0.7326516 0.9109378 0.8320292 0.8860318 0.8640618 0.7025976 0.6033396 0.0000000 0.3951754 0.5365873 0.7635200 0.7535588 0.6422860 0.9724246 0.9626327 1.2922177 1.5697968 1.3463518 1.7177355 1.7304046 2.1543410 1.7721403 2.1846157 
Q9I5H4_PSEAE_19_426 1.3263327 1.1239849 1.0843116 1.1587937 1.3074609 1.1963739 1.3835606 1.4186410 1.0690107 1.2812562 1.6258504 1.0480095 1.2768214 1.0572196 1.2507446 1.4519222 1.3964468 1.6731281 1.3022454 1.0668228 0.9348008 0.8580760 0.8982500 0.9768229 1.0026618 0.8810984 1.0135283 0.8097044 1.0343139 0.8984490 0.7820710 0.9388081 0.6506826 0.5419714 0.3951754 0.0000000 0.6775673 0.5972772 0.8002733 0.7837039 0.9241646 0.9757991 1.2245092 1.6126118 1.2227002 1.7129619 1.7907675 2.1117544 1.7184347 2.0920995 
Q88GG0_PSEPK_15_432 1.3565099 1.3640573 1.1310966 1.2962714 1.5751533 1.1610847 1.4173063 1.4513855 1.3577020 1.6115323 1.8285681 1.2628440 1.3961190 1.0883164 1.4793920 1.6633563 1.4363845 1.8376986 1.3363244 1.3698039 1.1179788 1.0164142 1.0095603 1.0743000 1.1847718 1.0888609 1.1214122 0.8936574 1.0723911 1.0121413 1.0617956 1.0159877 0.9261732 0.9506160 0.5365873 0.6775673 0.0000000 0.9953847 0.8891839 0.8961295 1.1615788 1.0773360 1.2087700 1.6476191 1.6890452 1.7643726 1.9517964 2.0592124 1.7598365 2.3484587 
Q9HY38_PSEAE_8_415  1.3794228 1.3113920 1.3092227 1.2415198 1.4065537 1.2969591 1.5557301 1.5372208 1.4641375 1.5115599 1.5394107 1.4129977 1.5817994 1.4299671 1.4528063 1.3759847 1.2767060 1.6994624 1.3015567 1.1351397 1.0944029 1.0084316 1.0160744 1.0843893 1.0223000 1.0257058 1.1226416 0.8137961 1.1160245 1.0889390 1.0229572 1.0814457 0.6748124 0.6806291 0.7635200 0.5972772 0.9953847 0.0000000 1.0088872 0.9187144 1.1689485 1.2471804 1.3339180 1.7301270 1.6572997 2.0256740 2.1071370 2.5897245 2.2800034 2.0789326 
O84986_PSEPU_12_416 1.2585517 1.1613326 1.1466379 1.2197896 1.4868130 1.2748525 1.3459443 1.3310953 1.2342105 1.4642128 2.0983320 1.2886218 1.3855138 1.2235878 1.4616891 1.5565168 1.4806375 1.8045097 1.4549682 1.1788406 1.1720524 1.0105426 1.0178103 1.0704891 1.1832843 1.2182615 1.2635822 0.9316646 1.1028000 0.9926371 0.9389819 1.0395382 0.8581140 0.7580141 0.7535588 0.8002733 0.8891839 1.0088872 0.0000000 0.1929453 1.1429658 0.9899545 1.4888484 1.8011730 1.5689352 1.7788584 1.9838477 2.3654947 1.9066214 2.1172569 
Q70IL4_9PSED_5_407  1.1906195 1.1113896 1.0160500 1.1280940 1.4911977 1.2028923 1.1928567 1.2854414 1.2916020 1.4881743 1.9455563 1.2666286 1.2331664 1.1609410 1.3737220 1.5279610 1.4201488 1.6067948 1.3510672 0.9824325 1.0505133 0.8925246 0.9566664 1.0350191 1.1584305 1.1944081 1.1645262 0.8078047 1.0185184 0.9556287 0.9507087 0.9226997 0.7944532 0.6450306 0.6422860 0.7837039 0.8961295 0.9187144 0.1929453 0.0000000 1.0909857 0.9737725 1.5811951 1.7933931 1.6073430 1.7649712 1.8839709 2.2615743 1.7816800 2.1651906 
Q88HG8_PSEPK_6_426  1.7785490 1.5315198 1.4755988 1.3610990 1.8566865 1.8544085 1.7853054 1.8564187 1.3870804 1.5107747 1.9901294 1.3941491 1.5960018 1.4158862 1.6824348 1.7304690 1.6261388 2.0364563 1.7747118 1.3238107 1.2505778 1.2024200 1.1224355 1.2840776 1.3442208 1.4271926 1.3003875 1.0391100 1.3657046 1.0345703 1.2172860 1.1786537 1.0970963 1.0164303 0.9724246 0.9241646 1.1615788 1.1689485 1.1429658 1.0909857 0.0000000 0.7812431 1.8222221 1.5794608 1.5510882 2.0970556 2.2493838 2.6698572 2.1237388 2.2263342 
Q88GR2_PSEPK_5_420  1.4718074 1.2757203 1.3389256 1.4424848 1.5862227 1.6314535 1.6066189 1.7521901 1.3548055 1.6534145 2.1105657 1.3241020 1.5838970 1.4449623 1.3909766 1.8052176 1.6189418 2.2229826 1.7345250 1.3462902 1.2718177 1.1102917 1.0336609 1.0735480 1.2935810 1.1837006 1.3461342 1.0970954 1.2033562 1.0366851 1.1165551 0.9974426 1.0686046 0.9717747 0.9626327 0.9757991 1.0773360 1.2471804 0.9899545 0.9737725 0.7812431 0.0000000 1.8868305 1.4572837 1.7893619 2.1919785 2.3275121 2.5419417 2.0421840 2.3080001 
Q8P5U4_XANCP_5_418  1.8521632 2.0126440 1.7754374 1.6950286 1.7533814 2.0257726 1.9564033 2.1633360 1.8577408 1.7133683 2.0737213 1.7155716 2.0063465 1.5370967 1.5638283 1.7536201 1.8147633 2.0241049 1.8900280 1.7091648 1.4111124 1.3001874 1.4020521 1.4729192 1.5027769 1.3815726 1.5033654 1.2411190 1.6573226 1.4447605 1.7247280 1.7014818 1.2661982 1.3154140 1.2922177 1.2245092 1.2087700 1.3339180 1.4888484 1.5811951 1.8222221 1.8868305 0.0000000 2.0261722 1.6041891 2.4019856 2.3958964 2.3495428 2.4289717 2.4216736 
O24843_ACIAD_5_409  2.2640885 2.1902731 1.9621188 2.0159941 2.1161056 2.3577873 2.3600458 2.4981347 2.1869205 1.8783360 2.3509810 1.9820303 1.9372196 1.7759797 1.9486980 2.2373508 2.3105551 2.5189709 2.0876236 1.8054326 1.6189261 1.5955220 1.4312727 1.5354982 1.7245927 1.5076509 1.6479764 1.6660858 1.6764934 1.6116947 1.5770782 1.7622882 1.5714094 1.4404283 1.5697968 1.6126118 1.6476191 1.7301270 1.8011730 1.7933931 1.5794608 1.4572837 2.0261722 0.0000000 1.0464363 2.8873324 2.6784646 2.5747945 2.5771934 2.3961903 
Q6FBJ8_ACIAD_2_415  1.7224296 1.8057097 1.7070552 1.5479748 1.5881653 2.0679602 2.2397051 2.1497470 1.5459000 1.5776398 1.9753380 1.4148503 1.5921427 1.3999894 1.6622967 1.8926143 2.1792647 2.0252579 1.9070860 1.5586635 1.4226879 1.4658443 1.4493033 1.6298583 1.6121108 1.4908317 1.4647357 1.3836522 1.4494717 1.3525390 1.6907598 1.5360640 1.5228549 1.3879694 1.3463518 1.2227002 1.6890452 1.6572997 1.5689352 1.6073430 1.5510882 1.7893619 1.6041891 1.0464363 0.0000000 2.3377577 2.1537833 2.3687205 2.2969458 2.2142314 
Q88PG7_PSEPK_5_458  1.7240931 1.6511922 1.7904094 1.3874760 1.3717082 1.7078967 1.8862491 1.7877454 1.4346109 1.6875504 1.7209148 1.4493409 1.3979651 1.4598383 1.6320358 1.7742572 1.7511162 1.8273109 2.2008435 2.0177275 2.0052740 1.8489995 1.8931569 2.0852026 2.1036563 2.0056845 2.0675035 1.8107030 2.0043609 1.7528462 1.9805510 1.7469507 1.8535489 1.7074192 1.7177355 1.7129619 1.7643726 2.0256740 1.7788584 1.7649712 2.0970556 2.1919785 2.4019856 2.8873324 2.3377577 0.0000000 0.3845002 1.6106789 1.6932723 2.3827147 
Q87WI6_PSESM_5_458  1.6504713 1.6430565 1.6225812 1.4698618 1.4168940 1.7517961 1.7658407 1.7679784 1.6259528 1.7265358 1.7791228 1.4918987 1.4337351 1.4590082 1.8652872 1.6619092 1.8270494 1.6935127 2.2094299 1.7937323 1.8768548 1.9024018 1.8842093 2.0212320 1.8413222 1.9953141 1.8181907 1.9067433 1.7978601 1.5963558 1.8502213 1.7043140 1.9176019 1.8159645 1.7304046 1.7907675 1.9517964 2.1071370 1.9838477 1.8839709 2.2493838 2.3275121 2.3958964 2.6784646 2.1537833 0.3845002 0.0000000 1.4890299 1.7179170 2.5032088 
Q62DR9_BURMA_37_479 2.0061222 2.0294443 2.0381813 1.7281688 1.8959851 1.9732114 2.2154138 2.2036971 1.9152451 1.9848502 2.2832265 1.9260464 2.0270063 1.9227418 2.1168762 2.0271586 1.8684357 2.4069683 2.3862866 2.1754566 2.2722281 2.2849276 2.4978644 2.2985655 2.2803799 2.2757802 2.1029337 2.0726553 2.1582076 2.0004349 2.4702850 2.2934177 2.2129109 2.0860256 2.1543410 2.1117544 2.0592124 2.5897245 2.3654947 2.2615743 2.6698572 2.5419417 2.3495428 2.5747945 2.3687205 1.6106789 1.4890299 0.0000000 2.0335657 2.8602700 
Q6FFF1_ACIAD_5_432  1.6073093 1.5383309 1.4629144 1.5278191 1.6313955 1.0561842 1.1323621 1.0734688 1.8432796 1.9452676 2.1915892 1.7328747 1.7673565 1.7175644 2.0212310 2.1548387 2.0204643 2.0646238 2.4231645 1.9665546 1.7066333 1.7440756 1.7018117 1.7948684 1.8982837 1.6551246 2.1806293 1.7193294 2.0229998 1.8347704 2.0000994 2.1231082 1.8768289 1.7317032 1.7721403 1.7184347 1.7598365 2.2800034 1.9066214 1.7816800 2.1237388 2.0421840 2.4289717 2.5771934 2.2969458 1.6932723 1.7179170 2.0335657 0.0000000 2.5839351 
Q6FCB4_ACIAD_7_415  2.5698790 2.5261515 2.4954003 2.4668477 2.2939768 2.1861030 2.2970159 2.3012839 2.4433919 2.1871703 2.4573159 2.4803382 2.3671476 2.6026018 2.7619960 3.3043901 3.1661125 3.1130799 2.0530684 1.4138201 2.2886113 2.1902560 2.1601137 2.2869928 2.4737304 2.4646385 2.4150905 2.2559484 2.0521983 1.9611635 2.0211627 2.2747007 2.0949900 1.8837985 2.1846157 2.0920995 2.3484587 2.0789326 2.1172569 2.1651906 2.2263342 2.3080001 2.4216736 2.3961903 2.2142314 2.3827147 2.5032088 2.8602700 2.5839351 0.0000000 
