9
O85665_NEIGO_56_433 0.0000000 1.6934712 2.2859933 2.3826477 1.8331600 1.8452438 1.9586189 2.1348982 2.1972244 
DAC_ACTSP_96_487    1.6934712 0.0000000 1.0440372 1.7314487 1.9861700 2.0636971 2.0174467 2.0283463 1.6252116 
PBP_BACSU_79_469    2.2859933 1.0440372 0.0000000 1.6162833 2.3604364 2.1004307 2.3961397 2.2981224 1.8319663 
Q55728_SYNY3_88_453 2.3826477 1.7314487 1.6162833 0.0000000 2.1816939 2.2715531 2.5337983 2.3658233 2.0246626 
PBP4_HAEIN_67_449   1.8331600 1.9861700 2.3604364 2.1816939 0.0000000 0.6414842 2.0789296 2.1777021 1.7871310 
PBP4_ECOLI_60_446   1.8452438 2.0636971 2.1004307 2.2715531 0.6414842 0.0000000 2.1308488 2.2192700 1.6485214 
O06380_MYCTU_95_437 1.9586189 2.0174467 2.3961397 2.5337983 2.0789296 2.1308488 0.0000000 0.1740505 1.8079444 
O69539_MYCLE_95_437 2.1348982 2.0283463 2.2981224 2.3658233 2.1777021 2.2192700 0.1740505 0.0000000 1.9553556 
Q9Z541_STRCO_89_426 2.1972244 1.6252116 1.8319663 2.0246626 1.7871310 1.6485214 1.8079444 1.9553556 0.0000000 
