15
MST1_SCHPO_237_423   0.0000000 0.2378779 0.6434911 0.5742458 0.5375583 0.7165577 0.6607914 0.7458705 0.7329422 0.8420131 0.7501853 1.0507384 1.3278215 1.3161030 1.7700090 
ESA1_YEAST_220_406   0.2378779 0.0000000 0.5658063 0.4896501 0.4717446 0.6616530 0.5024927 0.7660892 0.6435350 0.7106196 0.7743952 0.9190123 1.1098767 1.3085364 1.7297493 
O80378_DAUCA_215_401 0.6434911 0.5658063 0.0000000 0.5193382 0.3981821 0.5444892 0.4460999 0.7340712 0.5399255 0.6686093 0.7043643 0.8547275 1.1198402 1.1939376 1.5091545 
Q9TYU5_CAEEL_226_417 0.5742458 0.4896501 0.5193382 0.0000000 0.2697720 0.6021993 0.4994488 0.6493124 0.5688079 0.7751937 0.6650328 0.9309393 1.3047490 1.2024181 1.5857612 
TIP60_HUMAN_285_477  0.5375583 0.4717446 0.3981821 0.2697720 0.0000000 0.5005063 0.3613944 0.5718570 0.5095569 0.6174544 0.7477203 0.8371927 1.2077736 1.1038317 1.5205076 
MOF_DROME_596_784    0.7165577 0.6616530 0.5444892 0.6021993 0.5005063 0.0000000 0.3746040 0.8108478 0.6073553 0.6843979 0.5283453 1.1297294 1.1763200 0.7813356 1.4222590 
MYST1_MOUSE_232_418  0.6607914 0.5024927 0.4460999 0.4994488 0.3613944 0.3746040 0.0000000 0.6023423 0.4766799 0.5786025 0.5878799 0.8861985 1.0335823 1.0148549 1.3465378 
MST2_SCHPO_156_342   0.7458705 0.7660892 0.7340712 0.6493124 0.5718570 0.8108478 0.6023423 0.0000000 0.6325567 0.6785866 0.9643674 0.6903813 1.1309380 1.4896394 1.6801904 
MYST3_HUMAN_562_749  0.7329422 0.6435350 0.5399255 0.5688079 0.5095569 0.6073553 0.4766799 0.6325567 0.0000000 0.3133991 0.7668723 0.8385229 0.8943268 1.0481625 1.7115899 
Q9W1A9_DROME_765_953 0.8420131 0.7106196 0.6686093 0.7751937 0.6174544 0.6843979 0.5786025 0.6785866 0.3133991 0.0000000 0.9019204 0.8259781 0.9690320 1.1928511 1.7969572 
Q9U3C3_CAEEL_241_443 0.7501853 0.7743952 0.7043643 0.6650328 0.7477203 0.5283453 0.5878799 0.9643674 0.7668723 0.9019204 0.0000000 1.1577151 1.2993961 0.9310918 1.4504888 
SAS3_YEAST_325_521   1.0507384 0.9190123 0.8547275 0.9309393 0.8371927 1.1297294 0.8861985 0.6903813 0.8385229 0.8259781 1.1577151 0.0000000 1.0979109 1.9273808 2.3158436 
Q21789_CAEEL_266_458 1.3278215 1.1098767 1.1198402 1.3047490 1.2077736 1.1763200 1.0335823 1.1309380 0.8943268 0.9690320 1.2993961 1.0979109 0.0000000 1.4325602 2.2550911 
Q9VAV6_DROME_199_386 1.3161030 1.3085364 1.1939376 1.2024181 1.1038317 0.7813356 1.0148549 1.4896394 1.0481625 1.1928511 0.9310918 1.9273808 1.4325602 0.0000000 1.8066857 
SAS2_YEAST_126_314   1.7700090 1.7297493 1.5091545 1.5857612 1.5205076 1.4222590 1.3465378 1.6801904 1.7115899 1.7969572 1.4504888 2.3158436 2.2550911 1.8066857 0.0000000 
