7
PCP2_AMPCA_57_202    0.0000000 0.1039785 0.1713090 0.2264174 2.0623897 2.0959546 1.3842259 
PCP1_AMPCA_58_203    0.1039785 0.0000000 0.0959292 0.1455256 1.8681644 1.8322978 1.3326709 
O00941_GONPO_60_205  0.1713090 0.0959292 0.0000000 0.1494046 1.7509170 1.7461678 1.3260547 
PCP_SYMSP_53_198     0.2264174 0.1455256 0.1494046 0.0000000 1.7726358 1.7972798 1.3166688 
O76183_AMPCA_228_377 2.0623897 1.8681644 1.7509170 1.7726358 0.0000000 0.1145019 0.7474272 
PCP3_AMPCA_174_322   2.0959546 1.8322978 1.7461678 1.7972798 0.1145019 0.0000000 0.7823312 
PCP3_AMPCA_1_149     1.3842259 1.3326709 1.3260547 1.3166688 0.7474272 0.7823312 0.0000000 
