20
PHLC_MYCTU_52_433   0.0000000 0.3111144 0.2160771 0.2759560 0.7745672 0.7018963 0.8844620 0.8681276 1.0672776 0.9912392 0.9609836 0.8574690 1.4649070 1.2665612 1.5877322 1.4825431 1.6203072 2.6439218 3.7658089 2.7919775 
PHLA_MYCTU_51_431   0.3111144 0.0000000 0.1531401 0.3021584 0.4927251 0.5627890 0.5874561 0.7040953 1.0242184 1.0943716 0.8979918 1.0145050 1.8076669 1.3422472 1.9579972 1.6256978 2.0149869 2.7767635 3.1032898 2.6212126 
PHLB_MYCTU_52_435   0.2160771 0.1531401 0.0000000 0.2869244 0.4564486 0.5868331 0.7360472 0.7401925 1.0800692 1.0919256 0.8253950 0.8699884 1.6989688 1.0945799 1.7717484 1.4494683 1.5273234 2.7170129 3.2640814 2.7120668 
PHLD_MYCTU_50_429   0.2759560 0.3021584 0.2869244 0.0000000 0.6389826 0.6886164 0.7935621 0.7450781 1.1214381 0.9779436 1.0596992 0.8631387 1.5658242 1.2243916 1.7577718 1.5087166 1.6840351 1.9382924 3.1761433 2.9484538 
PHLN_BURPS_47_438   0.7745672 0.4927251 0.4564486 0.6389826 0.0000000 0.4521210 0.3789403 0.5699246 1.0195794 1.0744079 0.8435620 0.9838760 1.6438629 1.2185891 2.0523748 1.7894209 1.4160709 2.6820187 3.1477696 2.4693788 
PHLN_PSEAE_48_422   0.7018963 0.5627890 0.5868331 0.6886164 0.4521210 0.0000000 0.2763553 0.4586854 1.6362606 1.4797580 1.1596057 1.1027840 2.0872013 1.3548861 2.1391240 1.8216015 1.2862846 2.3257398 3.1395406 2.7363510 
Q9A412_CAUCR_40_437 0.8844620 0.5874561 0.7360472 0.7935621 0.3789403 0.2763553 0.0000000 0.5982744 1.5388087 1.2323057 1.2477705 1.1695619 2.3230148 1.3671658 2.2095547 1.7284644 1.5198928 3.1694639 2.9939313 3.2311451 
PHLC_PSEAE_51_437   0.8681276 0.7040953 0.7401925 0.7450781 0.5699246 0.4586854 0.5982744 0.0000000 1.4907221 1.7238090 1.4389318 1.3543700 1.8082218 1.4129509 2.1580504 1.6412617 1.7578923 2.6234917 3.5088370 2.6668646 
O81020_ARATH_27_389 1.0672776 1.0242184 1.0800692 1.1214381 1.0195794 1.6362606 1.5388087 1.4907221 0.0000000 0.3048310 0.4446281 0.3434110 0.7269809 1.4826413 1.8734024 2.1087618 2.5696997 1.5443842 2.8598283 3.2908761 
Q9LML5_ARATH_38_396 0.9912392 1.0943716 1.0919256 0.9779436 1.0744079 1.4797580 1.2323057 1.7238090 0.3048310 0.0000000 0.3813010 0.2647120 0.6671175 1.1820366 1.9366947 1.7401538 2.3733119 1.1166022 2.6997069 2.8568335 
Q9SRQ6_ARATH_16_381 0.9609836 0.8979918 0.8253950 1.0596992 0.8435620 1.1596057 1.2477705 1.4389318 0.4446281 0.3813010 0.0000000 0.2877040 0.8831231 1.3200835 2.1674848 1.9206603 2.0769327 1.5439781 3.7919875 3.2961371 
Q9S816_ARATH_13_380 0.8574690 1.0145050 0.8699884 0.8631387 0.9838760 1.1027840 1.1695619 1.3543700 0.3434110 0.2647120 0.2877040 0.0000000 0.7340178 1.3353911 2.2350416 1.9068703 2.0447284 1.4985371 2.8268694 3.4484265 
Q9SMN8_ARATH_1_336  1.4649070 1.8076669 1.6989688 1.5658242 1.6438629 2.0872013 2.3230148 1.8082218 0.7269809 0.6671175 0.8831231 0.7340178 0.0000000 1.3869168 2.1787408 2.2273150 2.7298722 1.8370994 3.4275082 3.6629420 
Q97V43_SULSO_27_365 1.2665612 1.3422472 1.0945799 1.2243916 1.2185891 1.3548861 1.3671658 1.4129509 1.4826413 1.1820366 1.3200835 1.3353911 1.3869168 0.0000000 1.4775501 1.4728693 1.4655248 2.1520276 2.6318801 2.6617042 
Q983N8_RHILO_60_507 1.5877322 1.9579972 1.7717484 1.7577718 2.0523748 2.1391240 2.2095547 2.1580504 1.8734024 1.9366947 2.1674848 2.2350416 2.1787408 1.4775501 0.0000000 0.4836268 1.5740962 2.0810878 2.7932923 2.7628583 
Q9KH04_BURMA_84_547 1.4825431 1.6256978 1.4494683 1.5087166 1.7894209 1.8216015 1.7284644 1.6412617 2.1087618 1.7401538 1.9206603 1.9068703 2.2273150 1.4728693 0.4836268 0.0000000 1.2467993 2.3042604 2.2565131 2.5075560 
Q47936_FRANO_55_471 1.6203072 2.0149869 1.5273234 1.6840351 1.4160709 1.2862846 1.5198928 1.7578923 2.5696997 2.3733119 2.0769327 2.0447284 2.7298722 1.4655248 1.5740962 1.2467993 0.0000000 2.2733697 3.4381780 2.2969027 
Q98ES1_RHILO_58_274 2.6439218 2.7767635 2.7170129 1.9382924 2.6820187 2.3257398 3.1694639 2.6234917 1.5443842 1.1166022 1.5439781 1.4985371 1.8370994 2.1520276 2.0810878 2.3042604 2.2733697 0.0000000 3.2953626 1.8592799 
O53361_MYCTU_50_282 3.7658089 3.1032898 3.2640814 3.1761433 3.1477696 3.1395406 2.9939313 3.5088370 2.8598283 2.6997069 3.7919875 2.8268694 3.4275082 2.6318801 2.7932923 2.2565131 3.4381780 3.2953626 0.0000000 4.2206891 
PHOX_KLULA_65_312   2.7919775 2.6212126 2.7120668 2.9484538 2.4693788 2.7363510 3.2311451 2.6668646 3.2908761 2.8568335 3.2961371 3.4484265 3.6629420 2.6617042 2.7628583 2.5075560 2.2969027 1.8592799 4.2206891 0.0000000 
