13
O56254_TYMV_777_878  0.0000000 0.0482595 0.0482595 0.0117621 0.8140170 1.0767063 1.2786231 1.3172309 1.4220778 1.8919783 1.8391302 1.9298827 1.9141088 
POLR_TYMVC_777_885   0.0482595 0.0000000 0.0000010 0.0606077 0.8528027 1.0711630 1.2028086 1.3264236 1.4448984 1.8738921 1.8432634 1.9021125 1.8542841 
POLR_TYMV_777_885    0.0482595 0.0000010 0.0000000 0.0606077 0.8528027 1.0711630 1.2028086 1.3264236 1.4448984 1.8738921 1.8432634 1.9021125 1.8542841 
POLR_TYMVA_777_885   0.0117621 0.0606077 0.0606077 0.0000000 0.8381945 1.0717404 1.3110916 1.3110978 1.3881224 1.8831380 1.8369053 1.9273531 1.9116415 
POLR_KYMVJ_804_912   0.8140170 0.8528027 0.8528027 0.8381945 0.0000000 1.3087919 1.3139997 1.5785391 0.9671040 2.4319723 2.0868659 2.2892572 1.9468978 
Q9QCX3_9VIRU_764_863 1.0767063 1.0711630 1.0711630 1.0717404 1.3087919 0.0000000 0.9635638 1.0383739 1.4721320 1.7440339 2.2329482 1.6284067 1.8405350 
O91260_PHMV_865_972  1.2786231 1.2028086 1.2028086 1.3110916 1.3139997 0.9635638 0.0000000 0.9408952 1.2650883 2.4465024 2.6102530 1.9203633 2.6021029 
POLR_EPMV_772_877    1.3172309 1.3264236 1.3264236 1.3110978 1.5785391 1.0383739 0.9408952 0.0000000 1.5049900 1.4194037 2.4301956 2.7756868 2.4517082 
POLR_OYMV_705_810    1.4220778 1.4448984 1.4448984 1.3881224 0.9671040 1.4721320 1.2650883 1.5049900 0.0000000 2.3876007 2.3670224 2.4282036 2.6211900 
Q8UZB6_9VIRU_808_916 1.8919783 1.8738921 1.8738921 1.8831380 2.4319723 1.7440339 2.4465024 1.4194037 2.3876007 0.0000000 1.7308707 1.5260733 1.8051915 
P89920_9VIRU_733_842 1.8391302 1.8432634 1.8432634 1.8369053 2.0868659 2.2329482 2.6102530 2.4301956 2.3670224 1.7308707 0.0000000 1.1081872 1.0766581 
Q9IW08_9VIRU_731_832 1.9298827 1.9021125 1.9021125 1.9273531 2.2892572 1.6284067 1.9203633 2.7756868 2.4282036 1.5260733 1.1081872 0.0000000 0.9821514 
Q91TW9_9VIRU_715_811 1.9141088 1.8542841 1.8542841 1.9116415 1.9468978 1.8405350 2.6021029 2.4517082 2.6211900 1.8051915 1.0766581 0.9821514 0.0000000 
