14
Q9YMF2_9VIRU_1_243  0.0000000 0.0215696 0.0304002 0.0304963 0.0305589 0.0306121 0.0260700 0.0349570 0.0215055 0.0303312 0.1205677 2.3321479 2.3765344 2.3361615 
Q9YMF1_9VIRU_1_243  0.0215696 0.0000000 0.0217090 0.0260471 0.0261003 0.0261458 0.0216482 0.0262108 0.0258150 0.0346762 0.1203674 2.3448977 2.3896478 2.3489646 
Q9YMF0_9VIRU_1_243  0.0304002 0.0217090 0.0000000 0.0302786 0.0303404 0.0303928 0.0258844 0.0259465 0.0346508 0.0436379 0.1245005 2.3211588 2.3654186 2.3251432 
Q9YME9_9VIRU_1_243  0.0304963 0.0260471 0.0302786 0.0000000 0.0172484 0.0172786 0.0215942 0.0215809 0.0302932 0.0392397 0.1100891 2.3228612 2.3670234 2.3268397 
Q9YME7_9VIRU_1_243  0.0305589 0.0261003 0.0303404 0.0172484 0.0000000 0.0173136 0.0216380 0.0216247 0.0303550 0.0303753 0.1049843 2.3149870 2.3591175 2.3189501 
Q9YME6_9VIRU_1_243  0.0306121 0.0261458 0.0303928 0.0172786 0.0173136 0.0000000 0.0216758 0.0216624 0.0304075 0.0393883 0.1006666 2.2932043 2.3366611 2.2970739 
Q9YME8_9VIRU_1_243  0.0260700 0.0216482 0.0258844 0.0215942 0.0216380 0.0216758 0.0000000 0.0259899 0.0303339 0.0392927 0.1150912 2.3195373 2.3637982 2.3235193 
POLA_CHPVU_1_243    0.0349570 0.0262108 0.0259465 0.0215809 0.0216247 0.0216624 0.0259899 0.0000000 0.0347238 0.0437306 0.1150295 2.2930837 2.3364890 2.2969484 
Q9YME5_9VIRU_1_243  0.0215055 0.0258150 0.0346508 0.0302932 0.0303550 0.0304075 0.0303339 0.0347238 0.0000000 0.0171304 0.1245829 2.2932820 2.3366354 2.2971424 
Q9YME4_9VIRU_1_243  0.0303312 0.0346762 0.0436379 0.0392397 0.0303753 0.0393883 0.0392927 0.0437306 0.0171304 0.0000000 0.1348919 2.3195634 2.3636531 2.3235301 
POLA_CHPVE_1_243    0.1205677 0.1203674 0.1245005 0.1100891 0.1049843 0.1006666 0.1150912 0.1150295 0.1245829 0.1348919 0.0000000 2.1717952 2.2129175 2.1479934 
Q9QDE2_9VIRU_41_292 2.3321479 2.3448977 2.3211588 2.3228612 2.3149870 2.2932043 2.3195373 2.2930837 2.2932820 2.3195634 2.1717952 0.0000000 0.0089013 0.0225350 
Q9QDE1_9VIRU_41_292 2.3765344 2.3896478 2.3654186 2.3670234 2.3591175 2.3366611 2.3637982 2.3364890 2.3366354 2.3636531 2.2129175 0.0089013 0.0000000 0.0224854 
Q9IF58_9VIRU_41_287 2.3361615 2.3489646 2.3251432 2.3268397 2.3189501 2.2970739 2.3235193 2.2969484 2.2971424 2.3235301 2.1479934 0.0225350 0.0224854 0.0000000 
