11
Q21733_CAEEL_343_524 0.0000000 1.3795765 1.5027163 1.6487786 1.5271613 1.7403022 1.9923696 2.1066026 2.0347612 2.9457305 1.5051261 
SMAD3_RAT_226_403    1.3795765 0.0000000 0.2053872 0.3159855 0.6828676 0.6005018 0.8404484 1.1174159 1.4374209 1.6396507 1.9233177 
MAD_DROME_255_433    1.5027163 0.2053872 0.0000000 0.2770070 0.5134914 0.5945339 0.8467133 1.2155361 1.3776814 1.6582523 2.1629191 
SMA2_CAEEL_216_396   1.6487786 0.3159855 0.2770070 0.0000000 0.6205832 0.8790157 0.9766189 1.4629061 1.5240740 2.0284182 2.1585821 
SMA3_CAEEL_191_370   1.5271613 0.6828676 0.5134914 0.6205832 0.0000000 0.8103107 0.9886115 1.3826068 1.3107412 1.4215005 2.2148442 
SMAD4_RAT_317_532    1.7403022 0.6005018 0.5945339 0.8790157 0.8103107 0.0000000 0.6332051 1.0805402 1.2487369 1.5806041 1.4580970 
SMA4_CAEEL_344_553   1.9923696 0.8404484 0.8467133 0.9766189 0.9886115 0.6332051 0.0000000 1.7994607 1.6164467 1.9600065 1.8377903 
O57475_XENLA_183_354 2.1066026 1.1174159 1.2155361 1.4629061 1.3826068 1.0805402 1.7994607 0.0000000 0.4687281 1.1661169 2.1670174 
SMAD7_HUMAN_255_426  2.0347612 1.4374209 1.3776814 1.5240740 1.3107412 1.2487369 1.6164467 0.4687281 0.0000000 1.3829377 1.8397015 
O15968_DROME_394_567 2.9457305 1.6396507 1.6582523 2.0284182 1.4215005 1.5806041 1.9600065 1.1661169 1.3829377 0.0000000 2.7657113 
O17532_CAEEL_555_763 1.5051261 1.9233177 2.1629191 2.1585821 2.2148442 1.4580970 1.8377903 2.1670174 1.8397015 2.7657113 0.0000000 
