9
PIV6_ADEG1_3_223   0.0000000 0.9547034 1.2722660 1.3203760 2.0429533 1.9172695 1.8822940 2.0258964 2.2340212 
Q9WLF9_9ADEN_2_231 0.9547034 0.0000000 1.2433232 1.2454324 2.3925979 1.7220669 2.0392030 1.9048536 1.7840036 
Q83904_ADEO7_3_221 1.2722660 1.2433232 0.0000000 0.4422517 1.8573606 1.7651236 1.7670230 2.0561064 2.0453517 
O11420_9ADEN_3_230 1.3203760 1.2454324 0.4422517 0.0000000 1.8378765 1.7666570 1.5334090 2.0116785 1.8513499 
PIV6_ADECR_6_238   2.0429533 2.3925979 1.8573606 1.8378765 0.0000000 0.6120498 0.6265135 0.6524830 0.8902532 
PIV6_ADE12_6_265   1.9172695 1.7220669 1.7651236 1.7666570 0.6120498 0.0000000 0.2161595 0.6350387 0.9442638 
PIV6_ADE02_6_250   1.8822940 2.0392030 1.7670230 1.5334090 0.6265135 0.2161595 0.0000000 0.6183539 0.9306647 
PIV6_ADEM1_5_237   2.0258964 1.9048536 2.0561064 2.0116785 0.6524830 0.6350387 0.6183539 0.0000000 0.9830134 
O71100_ADEB3_6_263 2.2340212 1.7840036 2.0453517 1.8513499 0.8902532 0.9442638 0.9306647 0.9830134 0.0000000 
