9
Q9I4G2_PSEAE_3_81   0.0000000 1.0274887 1.3998726 1.3914402 2.1298333 1.6781346 2.1019934 1.6036308 1.7662290 
Q9KLR5_VIBCH_16_94  1.0274887 0.0000000 1.3703748 1.3909526 1.5364841 2.0900847 2.1656694 1.6299829 1.6883169 
Q9Z3V0_RHOSP_37_115 1.3998726 1.3703748 0.0000000 0.4438461 1.3028807 1.4455305 1.4859980 1.2203971 1.9678633 
Q9F5L4_BRAJA_32_110 1.3914402 1.3909526 0.4438461 0.0000000 1.4479691 1.4723843 1.4155126 1.2810969 1.6904159 
Q9Z3W5_9RHIZ_4_81   2.1298333 1.5364841 1.3028807 1.4479691 0.0000000 1.3260097 1.7437938 1.9560987 2.2968095 
NAPD_PARPN_28_105   1.6781346 2.0900847 1.4455305 1.4723843 1.3260097 0.0000000 1.5475685 1.8441591 2.7206929 
O86475_RHOSH_4_81   2.1019934 2.1656694 1.4859980 1.4155126 1.7437938 1.5475685 0.0000000 1.8209182 2.6668638 
NAPD_SHIFL_3_82     1.6036308 1.6299829 1.2203971 1.2810969 1.9560987 1.8441591 1.8209182 0.0000000 1.1325738 
NAPD_HAEIN_12_91    1.7662290 1.6883169 1.9678633 1.6904159 2.2968095 2.7206929 2.6668638 1.1325738 0.0000000 
