11
MYCB2_HUMAN_1197_1348  0.0000000 0.3880723 0.7178900 1.5353208 1.3858664 1.4668932 1.3828337 2.2738552 1.9961827 2.4122340 1.7495214 
HIW_DROME_1436_1587    0.3880723 0.0000000 0.9906910 1.9422209 1.7483867 1.6448327 1.6086817 2.5084352 2.0037442 2.4125509 1.5419203 
RPM1_CAEEL_1056_1204   0.7178900 0.9906910 0.0000000 1.4788400 1.3005574 1.2224371 1.0549721 2.2746293 2.0432039 2.5869466 1.8671982 
Q8CHC1_MOUSE_401_547   1.5353208 1.9422209 1.4788400 0.0000000 0.1494871 0.9995266 1.0216827 1.9269893 2.7683949 2.2401987 1.9671234 
Q7QB19_ANOGA_327_473   1.3858664 1.7483867 1.3005574 0.1494871 0.0000000 0.9091146 0.9624937 1.9241497 2.3717742 2.4362186 1.7942740 
BTBD1_MOUSE_339_488    1.4668932 1.6448327 1.2224371 0.9995266 0.9091146 0.0000000 0.4824254 2.1534845 2.3097396 2.5482536 1.9497297 
Q20183_CAEEL_453_599   1.3828337 1.6086817 1.0549721 1.0216827 0.9624937 0.4824254 0.0000000 1.8438333 2.4589677 2.8279271 1.8356417 
RPM1_CAEEL_1503_1656   2.2738552 2.5084352 2.2746293 1.9269893 1.9241497 2.1534845 1.8438333 0.0000000 1.9876203 1.8151875 1.4954483 
Q7QHG6_ANOGA_1668_1829 1.9961827 2.0037442 2.0432039 2.7683949 2.3717742 2.3097396 2.4589677 1.9876203 0.0000000 0.3502171 0.7853375 
HIW_DROME_2014_2169    2.4122340 2.4125509 2.5869466 2.2401987 2.4362186 2.5482536 2.8279271 1.8151875 0.3502171 0.0000000 0.8866147 
MYCB2_HUMAN_1688_1846  1.7495214 1.5419203 1.8671982 1.9671234 1.7942740 1.9497297 1.8356417 1.4954483 0.7853375 0.8866147 0.0000000 
