6
Q9VVT9_DROME_32_181  0.0000000 1.3485768 1.3532368 1.5180547 1.9529528 1.7398198 
Q9VG35_DROME_1_148   1.3485768 0.0000000 0.9487586 1.1082360 1.2313441 1.2877100 
Q9VTB5_DROME_119_235 1.3532368 0.9487586 0.0000000 1.3040810 1.7588045 1.9906485 
NINJ1_MOUSE_33_148   1.5180547 1.1082360 1.3040810 0.0000000 0.6178579 0.6654520 
NINJ2_HUMAN_19_134   1.9529528 1.2313441 1.7588045 0.6178579 0.0000000 0.1517409 
NINJ2_MOUSE_20_135   1.7398198 1.2877100 1.9906485 0.6654520 0.1517409 0.0000000 
