7
Q8R762_THETN_3_284 0.0000000 1.0231248 0.8902507 0.9035261 1.3142819 1.4361022 1.4503695 
Q8XIA4_CLOPE_1_293 1.0231248 0.0000000 0.6508624 0.6059679 1.7851613 1.4886008 1.5507489 
Q97F48_CLOAB_1_299 0.8902507 0.6508624 0.0000000 0.4627857 1.6719246 1.7006829 1.5553202 
Q899A6_CLOTE_6_299 0.9035261 0.6059679 0.4627857 0.0000000 1.4615826 1.5380225 1.4537308 
Q8EU40_OCEIH_3_285 1.3142819 1.7851613 1.6719246 1.4615826 0.0000000 0.6650815 0.6996566 
YABG_BACSU_3_290   1.4361022 1.4886008 1.7006829 1.5380225 0.6650815 0.0000000 0.8118734 
Q9KGK3_BACHD_3_285 1.4503695 1.5507489 1.5553202 1.4537308 0.6996566 0.8118734 0.0000000 
