23
Q9Z5U6_ZYMMO_3_325  0.0000000 0.9148309 1.0373407 1.2220191 1.3293611 1.5122778 1.4463634 1.6135033 1.2251054 1.3547692 1.4433110 1.4998522 1.4104637 1.3728939 1.6070099 1.5132811 1.8311954 1.8065652 1.6826897 1.7197945 1.8811474 1.9747409 3.1996183 
Q9ABL6_CAUCR_38_367 0.9148309 0.0000000 0.7820533 1.2989460 1.1419260 1.5402619 1.5238731 1.5780534 1.3713621 1.4301494 1.4440464 1.4513909 1.2215451 1.3913296 1.5097706 1.4801298 1.7742019 1.6369295 1.6586082 1.7130526 1.6550645 2.1002010 3.4138226 
Q8DMK5_SYNEL_4_341  1.0373407 0.7820533 0.0000000 1.0614310 1.1177636 1.4930028 1.3578273 1.4798549 1.2981599 1.3055548 1.2629173 1.3604761 1.2616201 1.3281783 1.3344889 1.3803043 1.5857499 1.5396294 1.5594346 1.6568422 1.4996388 1.8673436 3.3709084 
Q8KCB6_CHLTE_6_345  1.2220191 1.2989460 1.0614310 0.0000000 1.1514517 1.3445939 1.2118415 1.4682838 1.1233051 1.1622485 1.1739391 1.4138634 1.3332114 1.1490903 1.1389301 1.1807075 1.5380915 1.5510923 1.5864619 1.6392057 1.2275285 1.6835453 2.8380508 
Q9RRX3_DEIRA_19_349 1.3293611 1.1419260 1.1177636 1.1514517 0.0000000 1.7020334 1.5251212 1.8045304 1.4954199 1.5357764 1.3630462 1.7893879 1.5405125 1.6360877 1.8056441 1.5293196 1.4676353 1.6505801 1.5031974 1.6457288 1.8871936 2.1060967 2.7038430 
AGUA1_LISMO_13_362  1.5122778 1.5402619 1.4930028 1.3445939 1.7020334 0.0000000 0.3322291 0.4099101 0.6001568 0.6055102 0.5970665 0.7012015 0.6308109 0.7822949 0.8191521 0.8231960 1.4013877 1.7382106 1.6564808 1.7678080 1.5106938 2.0445728 3.2292708 
AGUA_LACSS_13_362   1.4463634 1.5238731 1.3578273 1.2118415 1.5251212 0.3322291 0.0000000 0.4088725 0.5688113 0.5936909 0.6542094 0.6695067 0.6604152 0.6756483 0.6612647 0.6884801 1.2818961 1.6497597 1.5934427 1.7434682 1.5960956 1.9960190 3.3290994 
AGUA2_LISMO_13_362  1.6135033 1.5780534 1.4798549 1.4682838 1.8045304 0.4099101 0.4088725 0.0000000 0.7027859 0.7476910 0.7517267 0.8038189 0.7885277 0.8177546 0.8784375 0.6839181 1.5994954 1.6571850 1.6860704 1.8455892 1.5040855 2.0940744 3.6624700 
AGUA_PSEAE_13_363   1.2251054 1.3713621 1.2981599 1.1233051 1.4954199 0.6001568 0.5688113 0.7027859 0.0000000 0.2087925 0.4657587 0.7419321 0.7346674 0.5627138 0.6844881 0.8299426 1.0752300 1.4230219 1.2919600 1.6680363 1.4553975 2.0338266 2.9242128 
AGUA_PSESM_13_363   1.3547692 1.4301494 1.3055548 1.1622485 1.5357764 0.6055102 0.5936909 0.7476910 0.2087925 0.0000000 0.5963636 0.7052276 0.7944673 0.6153960 0.7101242 0.9141068 1.1539398 1.4353453 1.2742142 1.8130025 1.4421026 1.9423709 3.2880113 
AGUA_ARATH_13_372   1.4433110 1.4440464 1.2629173 1.1739391 1.3630462 0.5970665 0.6542094 0.7517267 0.4657587 0.5963636 0.0000000 0.7612244 0.7966460 0.6896662 0.8539762 0.8558499 1.1809753 1.6709436 1.5258427 1.7846441 1.5959076 1.9477962 3.0848510 
AGUA_STRMU_15_367   1.4998522 1.4513909 1.3604761 1.4138634 1.7893879 0.7012015 0.6695067 0.8038189 0.7419321 0.7052276 0.7612244 0.0000000 0.3608689 0.7596318 1.0530859 0.8894210 1.3200753 1.5708882 1.6198567 1.6132423 1.5033804 1.8917550 3.1753047 
AGUA_LACLA_15_363   1.4104637 1.2215451 1.2616201 1.3332114 1.5405125 0.6308109 0.6604152 0.7885277 0.7346674 0.7944673 0.7966460 0.3608689 0.0000000 0.8891231 1.0040927 0.7682195 1.4414254 1.6514232 1.5767038 1.4756046 1.5820444 1.8268594 3.0393812 
AGUA_YERPE_16_363   1.3728939 1.3913296 1.3281783 1.1490903 1.6360877 0.7822949 0.6756483 0.8177546 0.5627138 0.6153960 0.6896662 0.7596318 0.8891231 0.0000000 0.7248086 0.9799097 1.5333928 1.5440714 1.5663849 1.7169742 1.3731631 1.8133158 2.4344942 
AGUA_VIBPA_12_359   1.6070099 1.5097706 1.3344889 1.1389301 1.8056441 0.8191521 0.6612647 0.8784375 0.6844881 0.7101242 0.8539762 1.0530859 1.0040927 0.7248086 0.0000000 0.9147114 1.6292695 1.3784674 1.3406677 1.8190171 1.3712339 2.0324900 2.4680929 
AGUA_STRR6_10_360   1.5132811 1.4801298 1.3803043 1.1807075 1.5293196 0.8231960 0.6884801 0.6839181 0.8299426 0.9141068 0.8558499 0.8894210 0.7682195 0.9799097 0.9147114 0.0000000 1.3509098 1.5605231 1.5123313 1.4728481 1.6549716 2.0605695 3.1979680 
AGUA_STRCO_3_337    1.8311954 1.7742019 1.5857499 1.5380915 1.4676353 1.4013877 1.2818961 1.5994954 1.0752300 1.1539398 1.1809753 1.3200753 1.4414254 1.5333928 1.6292695 1.3509098 0.0000000 1.9530516 1.9749644 2.5009124 2.4547040 3.1728896 4.2011784 
Q87BJ3_XYLFT_23_357 1.8065652 1.6369295 1.5396294 1.5510923 1.6505801 1.7382106 1.6497597 1.6571850 1.4230219 1.4353453 1.6709436 1.5708882 1.6514232 1.5440714 1.3784674 1.5605231 1.9530516 0.0000000 0.2745360 1.2471510 0.8530168 1.5863169 3.2295174 
Q8PK74_XANAC_5_338  1.6826897 1.6586082 1.5594346 1.5864619 1.5031974 1.6564808 1.5934427 1.6860704 1.2919600 1.2742142 1.5258427 1.6198567 1.5767038 1.5663849 1.3406677 1.5123313 1.9749644 0.2745360 0.0000000 1.2822614 0.9208020 1.7277908 2.9638237 
O24890_HELPY_2_330  1.7197945 1.7130526 1.6568422 1.6392057 1.6457288 1.7678080 1.7434682 1.8455892 1.6680363 1.8130025 1.7846441 1.6132423 1.4756046 1.7169742 1.8190171 1.4728481 2.5009124 1.2471510 1.2822614 0.0000000 1.0480241 1.0678034 2.7935896 
Q8A9D9_BACTN_34_366 1.8811474 1.6550645 1.4996388 1.2275285 1.8871936 1.5106938 1.5960956 1.5040855 1.4553975 1.4421026 1.5959076 1.5033804 1.5820444 1.3731631 1.3712339 1.6549716 2.4547040 0.8530168 0.9208020 1.0480241 0.0000000 1.3212277 3.5163115 
Q9PNY4_CAMJE_2_321  1.9747409 2.1002010 1.8673436 1.6835453 2.1060967 2.0445728 1.9960190 2.0940744 2.0338266 1.9423709 1.9477962 1.8917550 1.8268594 1.8133158 2.0324900 2.0605695 3.1728896 1.5863169 1.7277908 1.0678034 1.3212277 0.0000000 3.4976791 
PAD_PORGI_55_357    3.1996183 3.4138226 3.3709084 2.8380508 2.7038430 3.2292708 3.3290994 3.6624700 2.9242128 3.2880113 3.0848510 3.1753047 3.0393812 2.4344942 2.4680929 3.1979680 4.2011784 3.2295174 2.9638237 2.7935896 3.5163115 3.4976791 0.0000000 
