8
O64603_ARATH_145_428 0.0000000 1.8777026 1.9902691 2.2900485 2.7284533 2.6617629 3.1801085 2.9682526 
S29A1_HUMAN_143_453  1.8777026 0.0000000 0.2157222 0.6938769 1.9747434 1.6238795 2.4546218 2.6730842 
S29A1_RAT_143_454    1.9902691 0.2157222 0.0000000 0.7134539 1.9470843 1.5420071 2.5318541 2.5109122 
S29A2_HUMAN_131_454  2.2900485 0.6938769 0.7134539 0.0000000 2.3080179 2.1043888 2.3900470 2.5074357 
Q21145_CAEEL_434_723 2.7284533 1.9747434 1.9470843 2.3080179 0.0000000 0.9387347 1.8337765 3.8863140 
Q23599_CAEEL_151_441 2.6617629 1.6238795 1.5420071 2.1043888 0.9387347 0.0000000 1.0970627 3.7438150 
Q19495_CAEEL_137_426 3.1801085 2.4546218 2.5318541 2.3900470 1.8337765 1.0970627 0.0000000 5.4143904 
FUN26_YEAST_180_510  2.9682526 2.6730842 2.5109122 2.5074357 3.8863140 3.7438150 5.4143904 0.0000000 
