18
Q6BQX9_DEBHA_41_172 0.0000000 0.2570425 0.3074369 0.4906432 0.4402387 0.5231581 0.3256929 0.6704779 0.7151724 0.8700550 0.9926019 1.1644814 0.9063779 0.9121456 0.8905638 0.9006753 1.3007755 1.1528141 
NOG2_KLULA_41_171   0.2570425 0.0000000 0.1957415 0.4031253 0.3154653 0.4824197 0.3500782 0.5255798 0.6040583 0.7855677 0.8915186 1.1721799 0.7923278 0.8895106 0.8946020 0.9149518 1.3823932 1.2575096 
NOG2_ASHGO_41_171   0.3074369 0.1957415 0.0000000 0.2573703 0.2494094 0.4224782 0.3961869 0.5291221 0.6613201 0.7634543 1.0039207 1.0724067 0.8335617 0.9592321 0.9545216 0.9193756 1.4163497 1.3493486 
NOG2_YEAST_41_171   0.4906432 0.4031253 0.2573703 0.0000000 0.2014132 0.5331954 0.4268388 0.5446858 0.6414768 0.7435959 1.0415004 1.0432050 0.8234336 0.8532330 0.9381939 0.8593518 1.4396664 1.4869771 
NOG2_CANGA_41_171   0.4402387 0.3154653 0.2494094 0.2014132 0.0000000 0.4935902 0.4066364 0.5682219 0.5615194 0.6824690 1.0588050 0.9556828 0.8172677 0.8128633 0.8575070 0.8016124 1.4604217 1.4764273 
NOG2_SCHPO_43_171   0.5231581 0.4824197 0.4224782 0.5331954 0.4935902 0.0000000 0.4359780 0.6062851 0.5874918 0.5534602 0.9249177 1.0224640 0.9244581 0.7994312 0.8433974 0.9031735 1.1772919 1.5246684 
NOG2_YARLI_43_171   0.3256929 0.3500782 0.3961869 0.4268388 0.4066364 0.4359780 0.0000000 0.6117494 0.6319324 0.7629188 0.9501369 1.1676240 0.8398604 0.8409053 0.8517839 0.9111447 1.3498813 1.4453403 
Q5NKI9_CRYNE_51_184 0.6704779 0.5255798 0.5291221 0.5446858 0.5682219 0.6062851 0.6117494 0.0000000 0.5634584 0.7202806 1.0198332 1.1166689 0.9814965 1.0616961 1.0835290 1.0396937 1.2103270 1.3261466 
NOG2_NEUCR_40_173   0.7151724 0.6040583 0.6613201 0.6414768 0.5615194 0.5874918 0.6319324 0.5634584 0.0000000 0.6080565 1.2197911 1.2109940 1.0789334 0.9730182 1.0518393 0.9887428 1.3151572 1.2218937 
NOG2_PNECA_30_158   0.8700550 0.7855677 0.7634543 0.7435959 0.6824690 0.5534602 0.7629188 0.7202806 0.6080565 0.0000000 0.9019917 1.1392100 0.8624823 0.9745389 1.1895095 1.0952664 1.0873040 1.5478504 
Q9C923_ARATH_43_169 0.9926019 0.8915186 1.0039207 1.0415004 1.0588050 0.9249177 0.9501369 1.0198332 1.2197911 0.9019917 0.0000000 1.4010051 1.0378923 0.9940711 1.1853888 1.0439582 1.2638138 1.3878676 
Q9V844_DROME_49_179 1.1644814 1.1721799 1.0724067 1.0432050 0.9556828 1.0224640 1.1676240 1.1166689 1.2109940 1.1392100 1.4010051 0.0000000 0.7754130 0.6482923 0.8168700 0.7750764 1.5441777 1.6161413 
Q61XC3_CAEBR_60_190 0.9063779 0.7923278 0.8335617 0.8234336 0.8172677 0.9244581 0.8398604 0.9814965 1.0789334 0.8624823 1.0378923 0.7754130 0.0000000 0.6640758 0.8241098 0.7601726 1.3932579 1.3986612 
P70410_MOUSE_43_174 0.9121456 0.8895106 0.9592321 0.8532330 0.8128633 0.7994312 0.8409053 1.0616961 0.9730182 0.9745389 0.9940711 0.6482923 0.6640758 0.0000000 0.1793668 0.1536380 1.4839788 1.6112496 
Q7SZQ9_BRARE_43_174 0.8905638 0.8946020 0.9545216 0.9381939 0.8575070 0.8433974 0.8517839 1.0835290 1.0518393 1.1895095 1.1853888 0.8168700 0.8241098 0.1793668 0.0000000 0.1499264 1.4907421 1.6750571 
Q6NX19_XENTR_43_174 0.9006753 0.9149518 0.9193756 0.8593518 0.8016124 0.9031735 0.9111447 1.0396937 0.9887428 1.0952664 1.0439582 0.7750764 0.7601726 0.1536380 0.1499264 0.0000000 1.6209814 1.5190498 
Q8STM3_ENCCU_23_145 1.3007755 1.3823932 1.4163497 1.4396664 1.4604217 1.1772919 1.3498813 1.2103270 1.3151572 1.0873040 1.2638138 1.5441777 1.3932579 1.4839788 1.4907421 1.6209814 0.0000000 2.2637579 
Q7R0W1_GIALA_30_156 1.1528141 1.2575096 1.3493486 1.4869771 1.4764273 1.5246684 1.4453403 1.3261466 1.2218937 1.5478504 1.3878676 1.6161413 1.3986612 1.6112496 1.6750571 1.5190498 2.2637579 0.0000000 
