28
Q8AFL5_SIVCZ_224_326  0.0000000 1.4123626 0.7964437 0.9702056 0.8703122 1.0534389 0.9303599 0.8928449 1.0669797 0.9430238 0.9194044 1.3152229 0.9463744 0.9937322 0.7974804 1.3805671 1.4138715 1.1648660 1.3979393 1.4299321 1.4987844 1.2589957 2.1114352 2.6561573 2.7242128 2.8458263 2.9959155 3.0039032 
Q9QEG0_9HIV1_898_1000 1.4123626 0.0000000 0.4286625 0.7240382 1.0375010 0.7950588 0.9962299 1.2759576 1.8142913 1.3293944 1.1976968 1.4579580 1.2603896 1.3829360 1.5861054 1.3971050 1.3069625 1.7117136 1.7452031 1.9674785 1.6989584 2.0749940 2.3503780 3.4225460 2.3095111 2.3401654 3.2030162 3.3746295 
Q90RQ5_9HIV1_317_419  0.7964437 0.4286625 0.0000000 0.4669609 0.5633856 0.5260727 0.5279498 0.7784483 1.0943729 0.7499248 0.5806943 0.8933755 0.7077641 0.7845037 0.9148205 0.9928261 1.0411798 1.0731918 1.0863078 1.2817930 1.4868852 1.3558566 1.8444080 2.8850429 2.0960625 2.0722249 2.6060466 2.6501928 
O40444_9HIV1_317_419  0.9702056 0.7240382 0.4669609 0.0000000 0.5337661 0.6379330 0.5906927 0.7001225 0.9260237 0.7207135 0.7824613 0.8867401 0.8249357 0.8393121 0.9555000 1.0596618 1.1237191 1.0643526 1.2846899 1.5236547 1.1251291 1.2790706 2.0667126 2.6016386 2.7952825 2.5989862 2.9082975 2.8473144 
Q87622_SIVCZ_483_585  0.8703122 1.0375010 0.5633856 0.5337661 0.0000000 0.3485067 0.6462132 0.6413237 0.7731034 0.6196830 0.5345148 0.8956806 0.9242734 0.7078207 0.6538965 1.2922409 1.2549057 1.2337537 1.4487005 1.4435787 1.4284639 1.2629728 2.3599564 3.2835033 2.9555002 2.8674408 4.0723401 4.4031167 
Q8AII1_SIVCZ_468_570  1.0534389 0.7950588 0.5260727 0.6379330 0.3485067 0.0000000 0.5730418 0.6983673 0.7552301 0.6649654 0.5203319 0.8265831 0.7997826 0.9032890 0.8601294 1.2954151 1.2226621 1.2669796 1.3475936 1.2317220 1.4293183 1.2614991 2.5959484 2.9266375 2.8136053 2.7880045 3.9219542 4.3530577 
Q90PW5_SIVCZ_490_592  0.9303599 0.9962299 0.5279498 0.5906927 0.6462132 0.5730418 0.0000000 0.2614640 0.4365015 0.4222656 0.3849753 0.5121384 0.5942784 0.7380012 0.7544937 1.0522046 1.2048857 0.8992574 1.1945745 1.1320154 1.4400665 1.1150272 2.0707110 2.5194384 2.4795411 2.4724184 2.9734632 3.4175867 
Q8Q7J4_SIVCZ_484_586  0.8928449 1.2759576 0.7784483 0.7001225 0.6413237 0.6983673 0.2614640 0.0000000 0.4387670 0.3660269 0.4612265 0.6347555 0.6540910 0.6272718 0.6970110 1.1998563 1.2303830 1.1423092 1.2368461 1.2487362 1.4153194 1.1623607 2.3305070 2.8207109 2.7546138 2.5441832 2.9518071 3.3020466 
POL_SIVVT_529_630     1.0669797 1.8142913 1.0943729 0.9260237 0.7731034 0.7552301 0.4365015 0.4387670 0.0000000 0.3143552 0.5671542 0.5151531 0.5246805 0.7942517 0.7998071 1.3665358 1.3037856 1.0808736 1.7211501 1.7486699 1.5107320 1.6019020 2.9150513 3.1010234 2.7935839 2.8313686 4.5453010 4.6533594 
POL_SIVV1_508_609     0.9430238 1.3293944 0.7499248 0.7207135 0.6196830 0.6649654 0.4222656 0.3660269 0.3143552 0.0000000 0.3777389 0.5105979 0.4923890 0.5524205 0.5510969 1.0459556 1.1806516 0.9800902 1.1771080 1.3663563 1.3839633 1.2999456 2.2253871 2.8510507 3.1357800 2.9605623 3.9878846 4.1937850 
Q87108_SIVSA_504_606  0.9194044 1.1976968 0.5806943 0.7824613 0.5345148 0.5203319 0.3849753 0.4612265 0.5671542 0.3777389 0.0000000 0.6152034 0.7427343 0.6965474 0.5707571 1.1685905 1.2344290 1.0071487 1.1692855 1.2629222 1.3135594 1.2385019 1.9526794 2.7177995 3.1162179 2.9461733 3.1720440 3.1870050 
P89904_SIVTA_540_641  1.3152229 1.4579580 0.8933755 0.8867401 0.8956806 0.8265831 0.5121384 0.6347555 0.5151531 0.5105979 0.6152034 0.0000000 0.6891136 1.0061103 0.8918271 1.6831654 1.6677893 1.2480491 1.2153578 1.3188976 1.4619285 1.5255249 2.2061719 3.1088454 2.9971508 2.6660156 3.8003889 3.8213203 
POL_SIVG1_512_613     0.9463744 1.2603896 0.7077641 0.8249357 0.9242734 0.7997826 0.5942784 0.6540910 0.5246805 0.4923890 0.7427343 0.6891136 0.0000000 0.7090969 0.9484887 1.0409474 1.1174162 1.2111659 1.4999009 1.5100320 1.7690177 1.7458129 2.5386287 3.1283179 2.9394848 2.6773398 4.9214120 5.1785308 
Q9YTU0_9HIV2_520_621  0.9937322 1.3829360 0.7845037 0.8393121 0.7078207 0.9032890 0.7380012 0.6272718 0.7942517 0.5524205 0.6965474 1.0061103 0.7090969 0.0000000 0.2341940 1.2281865 1.3116083 1.4298031 1.4534314 1.6976775 1.6612541 1.4695032 2.5804966 3.2688677 2.6424828 2.4833767 2.6272050 2.8174502 
O11404_9PLVG_524_625  0.7974804 1.5861054 0.9148205 0.9555000 0.6538965 0.8601294 0.7544937 0.6970110 0.7998071 0.5510969 0.5707571 0.8918271 0.9484887 0.2341940 0.0000000 1.4682907 1.4568377 1.3960922 1.2927736 1.5690895 1.4612121 1.2694858 2.3962512 2.7641602 2.9713393 2.7776849 2.8346987 2.8312206 
O90273_SIVCZ_502_603  1.3805671 1.3971050 0.9928261 1.0596618 1.2922409 1.2954151 1.0522046 1.1998563 1.3665358 1.0459556 1.1685905 1.6831654 1.0409474 1.2281865 1.4682907 0.0000000 0.4620125 0.5629644 1.5931670 2.3552305 1.7089587 1.1664500 2.3182554 2.8461238 2.3095653 2.3802015 2.9259395 3.3994141 
Q9WPP5_SIVCZ_502_603  1.4138715 1.3069625 1.0411798 1.1237191 1.2549057 1.2226621 1.2048857 1.2303830 1.3037856 1.1806516 1.2344290 1.6677893 1.1174162 1.3116083 1.4568377 0.4620125 0.0000000 0.7310628 1.5228945 2.0978599 1.8041558 1.4604928 2.4469912 2.7798231 2.3596838 2.6740655 3.4251311 3.5813123 
POL_SIVGB_482_583     1.1648660 1.7117136 1.0731918 1.0643526 1.2337537 1.2669796 0.8992574 1.1423092 1.0808736 0.9800902 1.0071487 1.2480491 1.2111659 1.4298031 1.3960922 0.5629644 0.7310628 0.0000000 1.6069603 1.9916292 1.6607216 1.6185567 2.0119551 2.6770524 2.7675793 2.7617143 3.2497964 3.3068319 
Q8JAH1_SIVCZ_483_585  1.3979393 1.7452031 1.0863078 1.2846899 1.4487005 1.3475936 1.1945745 1.2368461 1.7211501 1.1771080 1.1692855 1.2153578 1.4999009 1.4534314 1.2927736 1.5931670 1.5228945 1.6069603 0.0000000 1.0548536 1.2979491 1.7341416 2.6465575 2.8858048 3.2599579 3.3451682 3.2637427 3.3625419 
Q03261_SIVCZ_500_603  1.4299321 1.9674785 1.2817930 1.5236547 1.4435787 1.2317220 1.1320154 1.2487362 1.7486699 1.3663563 1.2629222 1.3188976 1.5100320 1.6976775 1.5690895 2.3552305 2.0978599 1.9916292 1.0548536 0.0000000 1.9957374 2.4172886 2.9769373 3.0873231 3.2107550 3.0309689 4.5104131 4.8385048 
Q99FI1_SIVCZ_453_554  1.4987844 1.6989584 1.4868852 1.1251291 1.4284639 1.4293183 1.4400665 1.4153194 1.5107320 1.3839633 1.3135594 1.4619285 1.7690177 1.6612541 1.4612121 1.7089587 1.8041558 1.6607216 1.2979491 1.9957374 0.0000000 1.8445057 2.7979177 2.6451073 2.5299981 2.4500705 2.9227524 3.0925753 
Q8AFL4_SIVCZ_225_325  1.2589957 2.0749940 1.3558566 1.2790706 1.2629728 1.2614991 1.1150272 1.1623607 1.6019020 1.2999456 1.2385019 1.5255249 1.7458129 1.4695032 1.2694858 1.1664500 1.4604928 1.6185567 1.7341416 2.4172886 1.8445057 0.0000000 2.8247290 2.3214918 3.3298636 2.9453751 2.8545657 3.2149571 
POL_FIVPE_472_576     2.1114352 2.3503780 1.8444080 2.0667126 2.3599564 2.5959484 2.0707110 2.3305070 2.9150513 2.2253871 1.9526794 2.2061719 2.5386287 2.5804966 2.3962512 2.3182554 2.4469912 2.0119551 2.6465575 2.9769373 2.7979177 2.8247290 0.0000000 0.5781412 2.4129984 2.2696979 2.0644783 2.0611711 
Q84809_9RETR_420_522  2.6561573 3.4225460 2.8850429 2.6016386 3.2835033 2.9266375 2.5194384 2.8207109 3.1010234 2.8510507 2.7177995 3.1088454 3.1283179 3.2688677 2.7641602 2.8461238 2.7798231 2.6770524 2.8858048 3.0873231 2.6451073 2.3214918 0.5781412 0.0000000 2.2600106 2.5226935 2.0804443 2.0052084 
Q992J6_9RETR_490_591  2.7242128 2.3095111 2.0960625 2.7952825 2.9555002 2.8136053 2.4795411 2.7546138 2.7935839 3.1357800 3.1162179 2.9971508 2.9394848 2.6424828 2.9713393 2.3095653 2.3596838 2.7675793 3.2599579 3.2107550 2.5299981 3.3298636 2.4129984 2.2600106 0.0000000 0.1632189 2.7125060 3.0174919 
O89468_9RETR_502_603  2.8458263 2.3401654 2.0722249 2.5989862 2.8674408 2.7880045 2.4724184 2.5441832 2.8313686 2.9605623 2.9461733 2.6660156 2.6773398 2.4833767 2.7776849 2.3802015 2.6740655 2.7617143 3.3451682 3.0309689 2.4500705 2.9453751 2.2696979 2.5226935 0.1632189 0.0000000 2.8090761 3.0958570 
POL_VILV_458_545      2.9959155 3.2030162 2.6060466 2.9082975 4.0723401 3.9219542 2.9734632 2.9518071 4.5453010 3.9878846 3.1720440 3.8003889 4.9214120 2.6272050 2.8346987 2.9259395 3.4251311 3.2497964 3.2637427 4.5104131 2.9227524 2.8545657 2.0644783 2.0804443 2.7125060 2.8090761 0.0000000 0.1983841 
POL_CAEVC_463_559     3.0039032 3.3746295 2.6501928 2.8473144 4.4031167 4.3530577 3.4175867 3.3020466 4.6533594 4.1937850 3.1870050 3.8213203 5.1785308 2.8174502 2.8312206 3.3994141 3.5813123 3.3068319 3.3625419 4.8385048 3.0925753 3.2149571 2.0611711 2.0052084 3.0174919 3.0958570 0.1983841 0.0000000 
