13
Q8KPS4_SYNP7_6_85  0.0000000 0.2421451 0.5760796 0.8502692 1.0794527 0.7995105 0.9053980 0.7427023 1.0022951 1.1749382 1.1562420 0.8626754 2.2193952 
Q87NP8_VIBPA_11_90 0.2421451 0.0000000 0.5003449 0.7067473 0.7660479 0.7359468 0.6075845 0.7103397 1.0320137 1.3106305 0.9061429 0.8383366 2.1863358 
YOEB_SHIFL_5_84    0.5760796 0.5003449 0.0000000 1.0209528 0.7931096 0.9845632 0.7766749 0.7807189 0.9550564 1.0596192 0.6739824 0.6857011 1.1131580 
Q8DNR3_STRR6_5_84  0.8502692 0.7067473 1.0209528 0.0000000 0.4953217 1.0684476 0.7848267 1.2421193 1.1578187 1.7923341 1.4526057 1.3320456 2.0417637 
Q8DX49_STRA5_4_83  1.0794527 0.7660479 0.7931096 0.4953217 0.0000000 1.0906161 0.6071744 1.0099964 1.0700945 1.5894256 1.3661753 1.1965392 1.4521255 
Y3393_MYCBO_6_85   0.7995105 0.7359468 0.9845632 1.0684476 1.0906161 0.0000000 0.7428951 0.5664000 0.9671091 1.2477798 1.1122477 1.2954348 1.3882240 
Q93KY2_STRVR_5_84  0.9053980 0.6075845 0.7766749 0.7848267 0.6071744 0.7428951 0.0000000 0.7560064 0.9539589 1.4176692 1.0540011 1.0843683 1.3273454 
Q9Z4V8_STRCO_5_84  0.7427023 0.7103397 0.7807189 1.2421193 1.0099964 0.5664000 0.7560064 0.0000000 0.9113485 1.0878449 1.0343148 1.1208224 1.5861895 
Q88IR0_PSEPK_3_82  1.0022951 1.0320137 0.9550564 1.1578187 1.0700945 0.9671091 0.9539589 0.9113485 0.0000000 0.5891532 0.9432978 1.5487799 1.9487315 
Q88AQ0_PSESM_3_82  1.1749382 1.3106305 1.0596192 1.7923341 1.5894256 1.2477798 1.4176692 1.0878449 0.5891532 0.0000000 1.1970659 1.9149389 2.1369905 
Q8UDV2_AGRT5_5_88  1.1562420 0.9061429 0.6739824 1.4526057 1.3661753 1.1122477 1.0540011 1.0343148 0.9432978 1.1970659 0.0000000 1.1181465 1.4935910 
Q8NV15_STAAW_8_88  0.8626754 0.8383366 0.6857011 1.3320456 1.1965392 1.2954348 1.0843683 1.1208224 1.5487799 1.9149389 1.1181465 0.0000000 2.0824264 
Q8Z0C7_ANASP_2_81  2.2193952 2.1863358 1.1131580 2.0417637 1.4521255 1.3882240 1.3273454 1.5861895 1.9487315 2.1369905 1.4935910 2.0824264 0.0000000 
