19
O57769_PYRHO_107_275 0.0000000 0.6266467 0.6412963 0.8142426 1.1511607 0.9469337 1.0412085 0.9930809 0.8852261 1.7750128 1.1815272 1.0658154 2.0295437 1.2294752 1.1791844 1.6017232 3.2500507 2.2851248 4.5647658 
NADC_METJA_105_278   0.6266467 0.0000000 0.8666158 0.4901109 0.9404903 0.6297432 0.8108513 0.9995014 0.8431449 1.4577672 1.0314581 0.9478884 1.6679696 1.1505129 1.1232790 1.3560963 3.7944553 2.3387652 3.0220325 
NADC_ARCFU_86_255    0.6412963 0.8666158 0.0000000 0.6991752 1.1902354 0.9102701 0.7297331 0.9132914 0.8816166 1.1392047 1.0947677 1.1959805 2.3232379 1.2628241 0.9220943 1.2755273 4.2981541 2.6837647 4.0647186 
NADC_METTH_102_274   0.8142426 0.4901109 0.6991752 0.0000000 1.1498585 0.8503393 0.9197263 1.2315685 0.8856642 1.2134351 1.4864952 1.2378040 1.8709488 1.2710303 1.1465795 1.3720889 3.4224379 3.0617743 3.8172290 
NADC_MYCTU_117_284   1.1511607 0.9404903 1.1902354 1.1498585 0.0000000 0.3851773 0.9127184 0.7865404 0.6337557 0.9707002 0.6917574 0.6850520 1.2540933 1.0177879 1.2974938 1.5384588 3.1152746 2.6470409 3.5952156 
NADC_RHORU_119_285   0.9469337 0.6297432 0.9102701 0.8503393 0.3851773 0.0000000 0.6750832 0.6013685 0.4603601 0.7217169 0.6333743 0.7061959 1.0723465 0.7375592 1.0591366 1.4471929 3.0378309 2.3986671 4.0148567 
O67029_AQUAE_107_272 1.0412085 0.8108513 0.7297331 0.9197263 0.9127184 0.6750832 0.0000000 0.6907836 0.8186534 0.7690851 1.0197670 1.0822491 1.9982982 1.0139307 1.1648611 1.3359092 3.5478348 2.6586478 3.8749645 
Q9ZU32_ARATH_151_332 0.9930809 0.9995014 0.9132914 1.2315685 0.7865404 0.6013685 0.6907836 0.0000000 0.6083205 0.8245222 0.6906871 0.7207262 1.2597018 1.0506302 1.0171453 1.5234740 3.3656399 2.9876633 3.7749766 
NADC_BACSU_108_273   0.8852261 0.8431449 0.8816166 0.8856642 0.6337557 0.4603601 0.8186534 0.6083205 0.0000000 0.8163283 0.7956097 0.5909512 1.1754886 0.9833498 0.8800062 1.4223628 2.9952883 2.8984655 4.5826631 
NADC_SYNY3_123_291   1.7750128 1.4577672 1.1392047 1.2134351 0.9707002 0.7217169 0.7690851 0.8245222 0.8163283 0.0000000 0.9488132 1.0342886 1.5405310 0.9032228 1.0912255 1.3528947 3.9369185 3.3216530 4.1851354 
NADC_ECOLI_130_294   1.1815272 1.0314581 1.0947677 1.4864952 0.6917574 0.6333743 1.0197670 0.6906871 0.7956097 0.9488132 0.0000000 0.4694514 0.8413231 1.1176067 1.2605359 1.7916077 3.1615753 2.2992644 3.1563202 
Q9ZFQ8_BURCE_111_275 1.0658154 0.9478884 1.1959805 1.2378040 0.6850520 0.7061959 1.0822491 0.7207262 0.5909512 1.0342886 0.4694514 0.0000000 0.7278783 1.4231289 1.2398285 1.8934973 3.1420167 2.7570438 3.9962388 
Q9ZB87_PSEAE_115_280 2.0295437 1.6679696 2.3232379 1.8709488 1.2540933 1.0723465 1.9982982 1.2597018 1.1754886 1.5405310 0.8413231 0.7278783 0.0000000 2.0972058 2.0268064 2.8218777 3.4521265 3.3241110 4.9350722 
NADC_HELPY_103_271   1.2294752 1.1505129 1.2628241 1.2710303 1.0177879 0.7375592 1.0139307 1.0506302 0.9833498 0.9032228 1.1176067 1.4231289 2.0972058 0.0000000 1.4476849 1.6382333 3.1404970 3.1077661 4.0635909 
NADC_HUMAN_114_284   1.1791844 1.1232790 0.9220943 1.1465795 1.2974938 1.0591366 1.1648611 1.0171453 0.8800062 1.0912255 1.2605359 1.2398285 2.0268064 1.4476849 0.0000000 0.8532436 4.1313289 3.7116123 4.0574625 
NADC_YEAST_119_292   1.6017232 1.3560963 1.2755273 1.3720889 1.5384588 1.4471929 1.3359092 1.5234740 1.4223628 1.3528947 1.7916077 1.8934973 2.8218777 1.6382333 0.8532436 0.0000000 3.0888123 3.0507407 3.4788063 
MODD_ECO27_116_278   3.2500507 3.7944553 4.2981541 3.4224379 3.1152746 3.0378309 3.5478348 3.3656399 2.9952883 3.9369185 3.1615753 3.1420167 3.4521265 3.1404970 4.1313289 3.0888123 0.0000000 0.7688078 7.7709406 
MODD_HAEIN_106_277   2.2851248 2.3387652 2.6837647 3.0617743 2.6470409 2.3986671 2.6586478 2.9876633 2.8984655 3.3216530 2.2992644 2.7570438 3.3241110 3.1077661 3.7116123 3.0507407 0.7688078 0.0000000 7.1411040 
O29437_ARCFU_108_295 4.5647658 3.0220325 4.0647186 3.8172290 3.5952156 4.0148567 3.8749645 3.7749766 4.5826631 4.1851354 3.1563202 3.9962388 4.9350722 4.0635909 4.0574625 3.4788063 7.7709406 7.1411040 0.0000000 
