32
HCP_METTH_1_426     0.0000000 0.4474754 1.0979589 1.2819089 1.4324754 1.2852645 1.2042865 1.4529926 1.3683963 1.2552539 1.3838271 1.4266986 1.2997444 1.3414227 1.4094457 1.3299191 1.2969719 1.2596042 1.7274834 3.0150179 2.8306616 3.9249604 3.2305111 4.1858409 3.8907918 3.6954748 3.4498454 3.0820947 3.7123012 3.9687689 3.8699431 4.5031962 
HCP_THEMA_3_429     0.4474754 0.0000000 0.7857499 1.0004342 1.2009342 1.0806267 1.0355822 1.1271473 1.1289410 0.9542820 1.0419574 1.0983481 1.0157249 1.2246858 1.2015602 1.1113346 0.9450143 1.1773995 1.4127378 3.0023736 3.0994878 3.8796604 3.1112894 3.3750097 3.7093969 3.4030149 3.8432399 3.0954248 3.2428163 4.0383009 3.3030395 4.3261145 
Q9V000_PYRAB_1_429  1.0979589 0.7857499 0.0000000 0.8060831 0.9283552 0.9102617 0.9083580 1.0476873 1.1116744 0.9208315 0.9715578 1.0216037 0.9653115 0.9965565 0.9437003 0.8153919 1.0138841 1.0633759 1.0790184 4.1198951 3.7965115 3.7569311 3.3827245 3.3782861 3.8516775 3.4026314 4.0028236 3.8298344 4.0693391 3.4662744 3.1938857 3.7606828 
Q8WR14_ENTHI_4_539  1.2819089 1.0004342 0.8060831 0.0000000 0.7280828 0.7755466 0.7089172 0.5220300 0.5570649 0.5997752 0.5377593 0.5281486 0.5731771 0.5410964 0.6243283 0.7060855 0.6880917 0.7543257 0.8203382 4.5334093 4.6792228 4.6994244 3.3586524 4.1476175 3.3761027 3.6977619 4.6184117 3.8673688 4.0737305 3.6925091 3.2925287 3.4296520 
HCP_ECOLI_1_548     1.4324754 1.2009342 0.9283552 0.7280828 0.0000000 0.2028312 0.6700543 0.9103099 0.7594094 0.7620312 0.7842077 0.8191621 0.7977092 0.9452011 0.8581464 0.8134208 0.7442775 0.9275394 0.9632530 3.9326429 3.5413444 3.3957043 3.7498834 4.1916594 4.2731398 3.1126156 3.9974968 3.9898057 3.6683613 3.9878336 3.4192567 3.3023866 
HCP_YERPE_1_548     1.2852645 1.0806267 0.9102617 0.7755466 0.2028312 0.0000000 0.7319008 0.8369194 0.8204513 0.7311768 0.7802585 0.7788597 0.7391134 0.8947727 0.7879772 0.8814846 0.7620178 0.9565580 0.9337499 3.9240774 3.5662335 3.2812914 3.7139099 4.2553670 4.1394285 3.3723269 3.7557727 4.0518251 4.0521499 3.8443739 3.5701821 3.5897657 
HCP_THIFE_2_552     1.2042865 1.0355822 0.9083580 0.7089172 0.6700543 0.7319008 0.0000000 0.8483176 0.9027305 0.7839180 0.8167269 0.9034850 0.8385910 0.8511002 0.7969293 0.8057227 0.8121565 0.8949556 0.9629316 3.9798170 3.6644397 3.3291959 3.3356506 4.0350414 3.9142478 3.6965777 4.7796602 3.9220019 3.7909118 3.5714714 3.5459867 3.2710570 
HCP_FUSNN_4_557     1.4529926 1.1271473 1.0476873 0.5220300 0.9103099 0.8369194 0.8483176 0.0000000 0.2709654 0.3001422 0.2802956 0.2705856 0.2587688 0.3286472 0.3937494 0.4356829 0.4526148 0.3901465 0.9844057 3.3389159 3.5290315 3.5517192 2.8503918 3.4806804 3.0306559 3.4773138 4.4549200 3.3684544 3.3242400 3.9464594 3.1592779 3.5815566 
HCP_DESDE_4_543     1.3683963 1.1289410 1.1116744 0.5570649 0.7594094 0.8204513 0.9027305 0.2709654 0.0000000 0.1546558 0.1820952 0.1512236 0.0991261 0.1585366 0.2673064 0.2818528 0.2422019 0.3938909 0.9445938 3.4832611 3.2912090 3.3914463 3.0094498 3.6936056 3.0348023 3.5617020 4.7028661 3.8878222 3.6883413 3.9393217 3.3047529 3.6372355 
HCP2_CLOAB_3_565    1.2552539 0.9542820 0.9208315 0.5997752 0.7620312 0.7311768 0.7839180 0.3001422 0.1546558 0.0000000 0.1618104 0.2053627 0.0655603 0.2467766 0.2457033 0.2419596 0.2218658 0.4074695 0.9403448 3.7671056 3.5295167 3.4691097 2.9854950 3.5689862 3.2573303 3.5956280 4.7994439 3.7043413 3.5183070 3.7546385 3.3495121 3.5010118 
Q8VNW0_CLOPE_3_545  1.3838271 1.0419574 0.9715578 0.5377593 0.7842077 0.7802585 0.8167269 0.2802956 0.1820952 0.1618104 0.0000000 0.1780225 0.1165669 0.2387634 0.2768038 0.3593294 0.2644815 0.4047383 0.9839976 3.6671769 3.5533334 3.1765621 2.9590560 3.7075372 2.9628786 3.3217037 4.2282044 3.4289004 3.3138050 3.5880272 3.0763597 3.1339889 
HCP_THETN_3_547     1.4266986 1.0983481 1.0216037 0.5281486 0.8191621 0.7788597 0.9034850 0.2705856 0.1512236 0.2053627 0.1780225 0.0000000 0.1425079 0.2003719 0.2350165 0.2582571 0.2483811 0.3454839 0.8843732 3.4986811 3.2142355 3.2892052 2.9669101 3.6771467 3.1131071 3.5042456 4.6012100 3.6519530 3.5906705 3.8758617 3.3028067 3.6326289 
HCP1_CLOAB_3_528    1.2997444 1.0157249 0.9653115 0.5731771 0.7977092 0.7391134 0.8385910 0.2587688 0.0991261 0.0655603 0.1165669 0.1425079 0.0000000 0.1566774 0.1872181 0.2316260 0.1793804 0.3285669 0.9379034 3.5340433 3.4065356 3.2953485 2.9546241 3.6194834 3.0377685 3.4361969 4.5005679 3.6045317 3.4585853 3.8396704 3.3582681 3.6458804 
HCP_DESVH_1_550     1.3414227 1.2246858 0.9965565 0.5410964 0.9452011 0.8947727 0.8511002 0.3286472 0.1585366 0.2467766 0.2387634 0.2003719 0.1566774 0.0000000 0.1871154 0.2844933 0.3188574 0.3101076 1.0561795 3.8171278 3.6340090 3.9111190 3.1329904 3.9130290 3.1565955 3.3918627 4.4824353 3.5924579 3.5301033 3.6292353 3.1966514 3.5389376 
HCP_CHLTE_1_536     1.4094457 1.2015602 0.9437003 0.6243283 0.8581464 0.7879772 0.7969293 0.3937494 0.2673064 0.2457033 0.2768038 0.2350165 0.1872181 0.1871154 0.0000000 0.3532030 0.3271821 0.3308888 0.9656739 4.2550007 3.8542936 3.5375829 3.2094386 4.2796914 3.1934623 3.7069062 4.8782358 4.4545252 4.1740470 3.7299101 3.2675897 3.6281290 
HCP_METJA_1_538     1.3299191 1.1113346 0.8153919 0.7060855 0.8134208 0.8814846 0.8057227 0.4356829 0.2818528 0.2419596 0.3593294 0.2582571 0.2316260 0.2844933 0.3532030 0.0000000 0.2725680 0.4622499 0.9531810 4.0548540 3.4400134 3.7118163 3.2666518 3.6807613 3.6092314 3.4122194 4.5868504 3.6827200 3.3445847 4.1775833 3.6233648 3.9150684 
HCP_METMA_1_539     1.2969719 0.9450143 1.0138841 0.6880917 0.7442775 0.7620178 0.8121565 0.4526148 0.2422019 0.2218658 0.2644815 0.2483811 0.1793804 0.3188574 0.3271821 0.2725680 0.0000000 0.4903944 0.9999902 3.5207307 3.3261243 3.4270546 3.0398465 3.5828457 3.0336147 2.9558589 4.3482581 3.6909334 3.5559141 3.8527383 3.5401202 3.7856581 
Q8WR12_TRIVA_1_514  1.2596042 1.1773995 1.0633759 0.7543257 0.9275394 0.9565580 0.8949556 0.3901465 0.3938909 0.4074695 0.4047383 0.3454839 0.3285669 0.3101076 0.3308888 0.4622499 0.4903944 0.0000000 1.2611280 4.1330524 3.7803477 3.9407146 3.5759061 4.1067963 3.7115672 4.0588067 4.6396652 4.1600668 4.2103478 3.6875458 3.1333561 3.3762615 
Q8WR13_GIALA_1_556  1.7274834 1.4127378 1.0790184 0.8203382 0.9632530 0.9337499 0.9629316 0.9844057 0.9445938 0.9403448 0.9839976 0.8843732 0.9379034 1.0561795 0.9656739 0.9531810 0.9999902 1.2611280 0.0000000 4.3296983 3.8115120 3.8973753 3.8860452 4.4313840 3.6707691 4.1553532 5.0680155 5.1120556 5.3561760 5.2521730 4.6289108 4.8458619 
COOS_ARCFU_47_606   3.0150179 3.0023736 4.1198951 4.5334093 3.9326429 3.9240774 3.9798170 3.3389159 3.4832611 3.7671056 3.6671769 3.4986811 3.5340433 3.8171278 4.2550007 4.0548540 3.5207307 4.1330524 4.3296983 0.0000000 0.5281954 0.7028192 1.1749906 1.5294222 2.0359878 1.5466959 1.7529248 1.5970673 1.6701580 3.8487755 4.2144642 4.5185109 
COOS2_METMA_53_618  2.8306616 3.0994878 3.7965115 4.6792228 3.5413444 3.5662335 3.6644397 3.5290315 3.2912090 3.5295167 3.5533334 3.2142355 3.4065356 3.6340090 3.8542936 3.4400134 3.3261243 3.7803477 3.8115120 0.5281954 0.0000000 0.7663955 1.7055070 1.8867772 2.0130182 1.8435651 1.9598345 2.0005711 1.9233187 3.8745125 3.8544382 4.2696426 
Q97G71_CLOAB_53_622 3.9249604 3.8796604 3.7569311 4.6994244 3.3957043 3.2812914 3.3291959 3.5517192 3.3914463 3.4691097 3.1765621 3.2892052 3.2953485 3.9111190 3.5375829 3.7118163 3.4270546 3.9407146 3.8973753 0.7028192 0.7663955 0.0000000 1.4155257 1.5926404 1.6385466 1.7011754 2.3272053 2.1119375 2.3668383 3.8559414 5.2646966 4.9345978 
COOS_METKA_53_622   3.2305111 3.1112894 3.3827245 3.3586524 3.7498834 3.7139099 3.3356506 2.8503918 3.0094498 2.9854950 2.9590560 2.9669101 2.9546241 3.1329904 3.2094386 3.2666518 3.0398465 3.5759061 3.8860452 1.1749906 1.7055070 1.4155257 0.0000000 0.4927761 0.9112763 1.9025806 2.3311650 1.8821007 1.9319761 4.1584584 3.9958786 4.2283714 
COOS_METJA_44_608   4.1858409 3.3750097 3.3782861 4.1476175 4.1916594 4.2553670 4.0350414 3.4806804 3.6936056 3.5689862 3.7075372 3.6771467 3.6194834 3.9130290 4.2796914 3.6807613 3.5828457 4.1067963 4.4313840 1.5294222 1.8867772 1.5926404 0.4927761 0.0000000 0.8498381 1.7948006 2.0830501 1.5756172 1.5872936 4.0924857 4.2773224 4.5198549 
Q97MS5_CLOAB_48_612 3.8907918 3.7093969 3.8516775 3.3761027 4.2731398 4.1394285 3.9142478 3.0306559 3.0348023 3.2573303 2.9628786 3.1131071 3.0377685 3.1565955 3.1934623 3.6092314 3.0336147 3.7115672 3.6707691 2.0359878 2.0130182 1.6385466 0.9112763 0.8498381 0.0000000 1.9669651 2.4404641 1.8374620 2.2443445 4.5471862 4.4053934 5.0675347 
COOS1_METMA_51_611  3.6954748 3.4030149 3.4026314 3.6977619 3.1126156 3.3723269 3.6965777 3.4773138 3.5617020 3.5956280 3.3217037 3.5042456 3.4361969 3.3918627 3.7069062 3.4122194 2.9558589 4.0588067 4.1553532 1.5466959 1.8435651 1.7011754 1.9025806 1.7948006 1.9669651 0.0000000 0.8496318 0.6017778 0.8738816 2.3634366 2.7221635 2.8694301 
DCMB_MOOTH_66_642   3.4498454 3.8432399 4.0028236 4.6184117 3.9974968 3.7557727 4.7796602 4.4549200 4.7028661 4.7994439 4.2282044 4.6012100 4.5005679 4.4824353 4.8782358 4.5868504 4.3482581 4.6396652 5.0680155 1.7529248 1.9598345 2.3272053 2.3311650 2.0830501 2.4404641 0.8496318 0.0000000 0.6132203 0.6343577 2.5553203 2.4535126 2.4550837 
COOS_RHORU_48_623   3.0820947 3.0954248 3.8298344 3.8673688 3.9898057 4.0518251 3.9220019 3.3684544 3.8878222 3.7043413 3.4289004 3.6519530 3.6045317 3.5924579 4.4545252 3.6827200 3.6909334 4.1600668 5.1120556 1.5970673 2.0005711 2.1119375 1.8821007 1.5756172 1.8374620 0.6017778 0.6132203 0.0000000 0.5906001 2.7343917 2.9268153 2.8957970 
Q8R9A8_THETN_46_618 3.7123012 3.2428163 4.0693391 4.0737305 3.6683613 4.0521499 3.7909118 3.3242400 3.6883413 3.5183070 3.3138050 3.5906705 3.4585853 3.5301033 4.1740470 3.3445847 3.5559141 4.2103478 5.3561760 1.6701580 1.9233187 2.3668383 1.9319761 1.5872936 2.2443445 0.8738816 0.6343577 0.5906001 0.0000000 2.6741578 2.7401204 2.7371320 
ACDA_METJA_75_684   3.9687689 4.0383009 3.4662744 3.6925091 3.9878336 3.8443739 3.5714714 3.9464594 3.9393217 3.7546385 3.5880272 3.8758617 3.8396704 3.6292353 3.7299101 4.1775833 3.8527383 3.6875458 5.2521730 3.8487755 3.8745125 3.8559414 4.1584584 4.0924857 4.5471862 2.3634366 2.5553203 2.7343917 2.6741578 0.0000000 0.4783149 0.5530658 
ACDA1_ARCFU_67_685  3.8699431 3.3030395 3.1938857 3.2925287 3.4192567 3.5701821 3.5459867 3.1592779 3.3047529 3.3495121 3.0763597 3.3028067 3.3582681 3.1966514 3.2675897 3.6233648 3.5401202 3.1333561 4.6289108 4.2144642 3.8544382 5.2646966 3.9958786 4.2773224 4.4053934 2.7221635 2.4535126 2.9268153 2.7401204 0.4783149 0.0000000 0.3876562 
ACDA2_ARCFU_67_684  4.5031962 4.3261145 3.7606828 3.4296520 3.3023866 3.5897657 3.2710570 3.5815566 3.6372355 3.5010118 3.1339889 3.6326289 3.6458804 3.5389376 3.6281290 3.9150684 3.7856581 3.3762615 4.8458619 4.5185109 4.2696426 4.9345978 4.2283714 4.5198549 5.0675347 2.8694301 2.4550837 2.8957970 2.7371320 0.5530658 0.3876562 0.0000000 
