10
Q8XFQ4_ANASP_1_110 0.0000000 0.8640729 0.9972399 1.0043191 1.9147571 1.8440893 1.8074821 1.6978847 1.8686213 1.4835167 
Q8YCK6_BRUME_5_114 0.8640729 0.0000000 0.8965277 0.8314183 1.4592487 2.2326232 2.3710905 2.2129292 2.3399867 1.5499053 
Q8PQ01_XANAC_9_124 0.9972399 0.8965277 0.0000000 0.1340334 1.3757445 2.2509482 2.0850391 1.9872394 2.2408405 1.7850581 
Q8PD29_XANCP_9_118 1.0043191 0.8314183 0.1340334 0.0000000 1.2211536 2.1488532 2.0551496 2.1451372 2.2710706 1.6761920 
Q8YZC8_ANASP_4_113 1.9147571 1.4592487 1.3757445 1.2211536 0.0000000 2.6838719 2.6653813 2.3325355 2.5047645 2.2645504 
Q48880_9LEPT_5_116 1.8440893 2.2326232 2.2509482 2.1488532 2.6838719 0.0000000 0.2757903 0.2301483 0.3474117 0.6731034 
Q48862_9LEPT_5_112 1.8074821 2.3710905 2.0850391 2.0551496 2.6653813 0.2757903 0.0000000 0.1176118 0.2740919 0.6841806 
Q48794_9LEPT_5_116 1.6978847 2.2129292 1.9872394 2.1451372 2.3325355 0.2301483 0.1176118 0.0000000 0.2325765 0.7546649 
Q48877_9LEPT_5_116 1.8686213 2.3399867 2.2408405 2.2710706 2.5047645 0.3474117 0.2740919 0.2325765 0.0000000 0.8271177 
Q48516_LEPBO_5_116 1.4835167 1.5499053 1.7850581 1.6761920 2.2645504 0.6731034 0.6841806 0.7546649 0.8271177 0.0000000 
