11
Q65709_9REOV_1_491 0.0000000 0.2359800 0.3674116 0.6729020 0.6692942 0.6291631 1.8357315 1.6174240 1.6858661 1.6566929 1.6810037 
P89055_9REOV_1_491 0.2359800 0.0000000 0.3482339 0.6925179 0.6774309 0.6899976 1.7810107 1.6331074 1.7264641 1.6426611 1.7410447 
VN53_ROTBR_1_491   0.3674116 0.3482339 0.0000000 0.7052344 0.6733238 0.6408368 1.7033092 1.5885451 1.6508138 1.5562480 1.5765524 
VN53_ROTHD_1_486   0.6729020 0.6925179 0.7052344 0.0000000 0.4163881 0.4401103 1.9189117 1.8629072 1.9028501 1.7063044 1.9385926 
VN53_ROTHI_1_486   0.6692942 0.6774309 0.6733238 0.4163881 0.0000000 0.3452058 1.8312427 1.7069987 1.7694496 1.5342723 1.6757849 
Q66773_9REOV_1_485 0.6291631 0.6899976 0.6408368 0.4401103 0.3452058 0.0000000 1.9693279 1.7152133 1.7806290 1.6857592 1.6094733 
VN53_ROTSP_1_491   1.8357315 1.7810107 1.7033092 1.9189117 1.8312427 1.9693279 0.0000000 0.8392771 0.8438378 0.7347352 1.3111317 
O39822_9REOV_1_489 1.6174240 1.6331074 1.5885451 1.8629072 1.7069987 1.7152133 0.8392771 0.0000000 0.2699513 0.3570154 1.1225339 
O39820_9REOV_1_489 1.6858661 1.7264641 1.6508138 1.9028501 1.7694496 1.7806290 0.8438378 0.2699513 0.0000000 0.3504847 1.0915650 
Q86280_ROTRH_1_491 1.6566929 1.6426611 1.5562480 1.7063044 1.5342723 1.6857592 0.7347352 0.3570154 0.3504847 0.0000000 0.9411003 
Q83444_9REOV_1_489 1.6810037 1.7410447 1.5765524 1.9385926 1.6757849 1.6094733 1.3111317 1.1225339 1.0915650 0.9411003 0.0000000 
