13
ULAC_ECOLI_6_150    0.0000000 1.4863959 1.6034706 2.0154799 2.4867532 1.8480027 1.8828301 2.7224840 1.9586134 1.7855745 2.0558810 2.2043302 4.0363348 
PTMA_ECOLI_6_147    1.4863959 0.0000000 1.8222194 2.5848487 2.4939398 1.7823819 2.2140133 2.1638780 1.8836859 2.2128825 2.6821300 3.0480622 2.7924607 
SGCA_ECOLI_1_143    1.6034706 1.8222194 0.0000000 2.8743189 3.1834361 3.3670533 3.0925989 3.5836805 3.7660480 3.1977444 2.5914106 3.1601280 5.8605830 
PTMA_ENTFA_2_145    2.0154799 2.5848487 2.8743189 0.0000000 0.3461825 0.9555652 1.1168670 1.1286488 0.9535536 1.5806392 1.3707755 2.0948438 2.7616444 
PTMA_STRMU_1_144    2.4867532 2.4939398 3.1834361 0.3461825 0.0000000 1.0102987 1.4097563 1.3422798 1.0548271 1.7817622 1.6646671 2.3694174 2.9429385 
PTMA_STACA_2_141    1.8480027 1.7823819 3.3670533 0.9555652 1.0102987 0.0000000 1.0755065 1.1139703 1.1325323 1.3444264 1.2359120 2.3179557 2.3821771 
PTFAH_HAEIN_2_142   1.8828301 2.2140133 3.0925989 1.1168670 1.4097563 1.0755065 0.0000000 0.3738784 0.9835494 0.9739730 1.2625619 2.0436855 2.1381336 
PTFAH_ECOLI_2_142   2.7224840 2.1638780 3.5836805 1.1286488 1.3422798 1.1139703 0.3738784 0.0000000 0.7723911 1.0082526 1.1016320 2.1322166 2.1072433 
PTM3C_ECOLI_494_636 1.9586134 1.8836859 3.7660480 0.9535536 1.0548271 1.1325323 0.9835494 0.7723911 0.0000000 1.2436947 1.3826411 1.7952500 2.2377072 
PTFAX_RHOCA_2_142   1.7855745 2.2128825 3.1977444 1.5806392 1.7817622 1.3444264 0.9739730 1.0082526 1.2436947 0.0000000 0.7673404 1.9313634 2.8937474 
PTFAX_XANCP_7_147   2.0558810 2.6821300 2.5914106 1.3707755 1.6646671 1.2359120 1.2625619 1.1016320 1.3826411 0.7673404 0.0000000 2.3062409 2.4897980 
PTSN_SHIFL_12_156   2.2043302 3.0480622 3.1601280 2.0948438 2.3694174 2.3179557 2.0436855 2.1322166 1.7952500 1.9313634 2.3062409 0.0000000 2.0369035 
PTFA_ECOLI_2_145    4.0363348 2.7924607 5.8605830 2.7616444 2.9429385 2.3821771 2.1381336 2.1072433 2.2377072 2.8937474 2.4897980 2.0369035 0.0000000 
