48
RBSC_RALEU_4_103     0.0000000 0.6263557 0.4690423 0.7777528 0.6969012 0.5692399 0.6590169 0.7791499 0.6768426 0.7597593 0.6742791 0.7842732 1.4724497 1.4309045 1.4363287 1.3112124 1.2308182 0.9967875 1.4790754 1.2304742 1.4038410 1.3165708 1.3730740 1.4096779 1.3381234 1.3604026 1.1909508 1.3085035 1.5182870 1.1944968 0.9938707 1.1011264 1.0337226 1.0951943 1.0811365 1.2397322 1.2220740 1.1873728 2.6298717 2.5012258 2.8745671 3.0515015 2.9184341 3.1103264 3.2567613 3.4467750 2.5176280 2.8290195 
RBS_XANFL_4_103      0.6263557 0.0000000 0.4983478 0.6295200 0.6113311 0.6608135 0.6838483 0.6811162 0.8065953 0.6834365 0.9094683 0.8968464 1.4500662 1.4204808 1.3855615 1.1416438 1.3144188 1.1737846 1.5277243 1.4294258 1.3742903 1.3556030 1.3728578 1.4630856 1.4419723 1.3336427 1.2940027 1.3452818 1.3086593 1.2675552 1.2195596 1.2050396 1.1419876 1.2230714 1.0926844 1.2220914 1.2453308 1.3401139 1.9030968 3.2111449 2.2874164 2.4725127 2.3498415 2.6834634 2.9325214 3.0969738 2.8602765 2.6227737 
RBS1_RHOSH_4_103     0.4690423 0.4983478 0.0000000 0.7314104 0.6855816 0.7616647 0.6648555 0.5417380 0.5174265 0.6633620 0.7633221 0.8079537 1.5745094 1.4637553 1.4769911 1.4224352 1.1966449 0.9812348 1.3824831 1.1338401 1.2633840 1.2717651 1.2692709 1.2826297 1.0702377 1.2043566 1.1881041 1.2406101 1.1426645 1.1452938 0.9985624 0.8862615 0.9779706 1.0534231 1.2434496 1.1004788 1.2482783 1.2397393 2.4515561 3.3259395 2.7257105 2.9185110 2.7133110 2.8026120 3.8131399 3.5207149 3.1871068 3.1664283 
RBS_GUITH_4_103      0.7777528 0.6295200 0.7314104 0.0000000 0.3116512 0.3848360 0.4348194 0.4364968 0.3732306 0.4658567 0.5043197 0.6334863 1.3575735 1.3023691 1.4012753 1.1357415 1.3406279 1.0727801 1.4900846 1.2053634 1.2904624 1.2650343 1.2527421 1.4606290 1.1947921 1.0857541 1.0627353 1.1759746 1.3358968 1.0721733 1.1299920 1.0262555 0.9743839 1.0634015 0.9971433 1.1558265 1.1645190 1.0623225 2.6481536 4.1092611 3.0318445 3.4925352 3.0713105 3.5806653 3.9142043 3.5133344 3.1064170 3.2485563 
RBS_PORAE_4_103      0.6969012 0.6113311 0.6855816 0.3116512 0.0000000 0.3940066 0.3939672 0.3779063 0.4835131 0.4175904 0.5360900 0.6041006 1.3443045 1.3053695 1.6474330 1.3330162 1.4395751 1.1433615 1.6207857 1.2766514 1.3676959 1.4008479 1.3311447 1.5441350 1.1989242 1.0940894 1.1492582 1.4913917 1.5587078 1.1023336 1.2128130 1.2838241 1.1039300 1.1917451 0.9890081 1.2863691 1.1840332 1.2126881 2.9732648 4.4695194 2.9574309 3.2774163 3.3197347 3.3056467 3.6721896 3.8585674 3.4071970 3.1752205 
RBS_PLECA_4_103      0.5692399 0.6608135 0.7616647 0.3848360 0.3940066 0.0000000 0.4195611 0.5132150 0.5882567 0.6202813 0.5022709 0.6308520 1.5250378 1.4301782 1.6603846 1.4286180 1.3218516 1.0771733 1.6635862 1.3966255 1.4171333 1.5162175 1.6041700 1.5973829 1.4142129 1.2581039 1.3089650 1.4453153 1.5380356 1.3760102 1.1287665 1.2419115 1.1191620 1.2305937 1.1380195 1.1806038 1.2984939 1.2635951 2.6534199 3.4182974 3.2187323 3.4294312 3.1081573 3.1743172 3.6662821 3.7755711 3.0402713 3.3190669 
RBS_CYACA_4_103      0.6590169 0.6838483 0.6648555 0.4348194 0.3939672 0.4195611 0.0000000 0.4656924 0.4794209 0.5778245 0.4726624 0.6401962 1.1560868 1.1623313 1.3605050 1.1878487 1.1301659 1.1629337 1.7415026 1.2429041 1.4810077 1.4922254 1.4103034 1.6025075 1.3694759 1.1170361 1.1828538 1.4147087 1.3922408 1.4034970 1.1874393 1.2083123 1.1633243 1.0115056 1.1413957 1.1145257 1.1652583 1.1477994 2.8029051 3.9217928 2.8655665 2.8585754 3.1958152 3.1723819 3.4388561 3.1467969 3.2248107 2.8831399 
RBS_ECTSI_4_103      0.7791499 0.6811162 0.5417380 0.4364968 0.3779063 0.5132150 0.4656924 0.0000000 0.3028974 0.4650820 0.6713570 0.4657189 1.5213354 1.2151094 1.6313585 1.5218076 1.4358517 1.2123519 1.6836251 1.2582056 1.4437605 1.3865483 1.4549582 1.4375991 1.1848489 1.2385564 1.0936381 1.3755890 1.4204804 1.3495284 1.2393213 1.1029510 0.9818458 1.2660835 1.1445516 1.1592729 1.2397154 1.2538057 2.4344015 3.7409267 2.5827100 2.7923112 2.6966905 2.8035819 3.5757363 3.3098557 3.1247684 3.2296212 
RBS_CYLSN_4_103      0.6768426 0.8065953 0.5174265 0.3732306 0.4835131 0.5882567 0.4794209 0.3028974 0.0000000 0.4162326 0.5921982 0.6507219 1.5244049 1.3991589 1.5932147 1.4524676 1.5212160 1.0217430 1.4900109 1.1941393 1.3521246 1.3768253 1.3832554 1.3554718 1.2145393 1.1341028 1.1380479 1.3569852 1.2903298 1.2775081 1.0473772 1.1236580 1.0056106 1.1973901 1.0612438 1.1527506 1.2977686 1.2197125 2.6499173 3.8454679 2.4985401 2.9584592 2.8520033 3.1724665 3.5501475 3.4229571 3.5796488 3.4106466 
RBS_ANTSP_4_103      0.7597593 0.6834365 0.6633620 0.4658567 0.4175904 0.6202813 0.5778245 0.4650820 0.4162326 0.0000000 0.5908022 0.7805649 1.4188166 1.2521104 1.2811878 1.2454802 1.6073356 1.2480436 1.5824320 1.4490652 1.5636062 1.6493167 1.4838054 1.6775111 1.3930135 1.2949906 1.3304227 1.7901714 1.8037932 1.4615093 1.3473704 1.4213006 1.4039453 1.5024642 1.0181013 1.2413030 1.2944706 1.3001765 2.3713634 3.5683706 2.3375159 2.4399812 2.7588922 3.1389364 3.1665128 3.2668037 3.0722885 3.0583469 
RBS_GALSU_4_103      0.6742791 0.9094683 0.7633221 0.5043197 0.5360900 0.5022709 0.4726624 0.6713570 0.5921982 0.5908022 0.0000000 0.7209353 1.3699439 1.3623128 1.5538414 1.4282271 1.4399085 1.1027105 1.4331758 1.2738394 1.3834056 1.4061716 1.2945577 1.6433437 1.2528508 1.0531800 1.1989086 1.3569667 1.3988551 1.1821976 1.0127761 1.1570434 0.9756170 1.1262415 1.1408993 1.1079774 1.0811096 1.2738753 2.7499914 3.5862302 2.8957494 3.1768530 2.9659704 3.8816206 3.9349644 3.8177696 3.3756794 3.5781493 
RBS_OLILU_4_103      0.7842732 0.8968464 0.8079537 0.6334863 0.6041006 0.6308520 0.6401962 0.4657189 0.6507219 0.7805649 0.7209353 0.0000000 1.4506588 1.3402397 1.4757418 1.3356481 1.2787890 1.2908481 1.8782578 1.3135560 1.5522374 1.4785339 1.4842286 1.6120640 1.3347700 1.2239918 1.1610698 1.4171147 1.5226218 1.3251274 1.0790700 1.2952909 0.9523010 1.2022286 1.0302665 1.2209983 1.2024624 1.2460792 2.5624588 3.4870689 2.7856378 2.9445804 2.5209909 3.2497491 3.0802979 2.8069263 2.6461725 2.5108782 
RBS1_CHRVI_17_114    1.4724497 1.4500662 1.5745094 1.3575735 1.3443045 1.5250378 1.1560868 1.5213354 1.5244049 1.4188166 1.3699439 1.4506588 0.0000000 0.3021856 0.5212790 0.6552362 0.9342646 1.0640054 1.2399417 1.1535735 1.1479012 1.1295382 1.0904529 1.1472576 1.1916477 1.0990125 1.2127238 1.1706753 1.2493284 1.1643312 1.0808324 1.0222982 1.0482554 0.9858865 1.2161361 1.4216171 1.1280603 1.3347919 2.6123444 2.7311367 2.7622036 3.0533938 2.9351229 3.3165149 3.3752571 2.8858939 3.2414006 2.7262000 
RBS2_THIFE_18_115    1.4309045 1.4204808 1.4637553 1.3023691 1.3053695 1.4301782 1.1623313 1.2151094 1.3991589 1.2521104 1.3623128 1.3402397 0.3021856 0.0000000 0.5486381 0.7880862 0.8655406 1.0280959 1.1518580 1.1402433 1.0836514 1.0861545 1.0427265 1.0768682 1.1049699 0.9458749 1.0713537 1.1335872 1.1719652 1.1376060 1.1443399 1.0808761 1.0188331 1.0327695 1.0527315 1.3402207 1.0426379 1.3784524 2.9925093 3.1381922 3.1352211 3.4138255 3.3871031 3.9609719 4.2487534 3.5133460 3.3284865 3.1959157 
RBS1_THIFE_12_109    1.4363287 1.3855615 1.4769911 1.4012753 1.6474330 1.6603846 1.3605050 1.6313585 1.5932147 1.2811878 1.5538414 1.4757418 0.5212790 0.5486381 0.0000000 0.4715372 0.8673818 1.1510889 1.3500063 1.2193316 1.1945662 1.1701000 1.2064773 1.3045748 1.3625738 1.3525212 1.3924679 1.3873443 1.3710540 1.2843648 1.2603551 1.1724921 1.2231097 1.0525833 1.1807274 1.2735696 1.1828821 1.2732620 2.6590324 2.8540493 2.6804435 2.8507660 2.5911148 3.1561445 3.3626923 2.7966575 3.1955371 2.9555294 
RBS_THINE_12_109     1.3112124 1.1416438 1.4224352 1.1357415 1.3330162 1.4286180 1.1878487 1.5218076 1.4524676 1.2454802 1.4282271 1.3356481 0.6552362 0.7880862 0.4715372 0.0000000 0.8124635 1.3324391 1.5846424 1.4772746 1.3284960 1.2877517 1.3881570 1.5965451 1.6178102 1.5034779 1.4237399 1.5550087 1.4742011 1.5598730 1.2103890 1.0649597 1.0943714 1.1498493 1.0633156 1.1568811 1.1804570 1.0248813 2.6770550 3.8286844 3.3393362 3.4115350 3.3621797 3.9839666 4.4164124 3.2301273 3.2369884 2.6279473 
RBS2_CHRVI_15_112    1.2308182 1.3144188 1.1966449 1.3406279 1.4395751 1.3218516 1.1301659 1.4358517 1.5212160 1.6073356 1.4399085 1.2787890 0.9342646 0.8655406 0.8673818 0.8124635 0.0000000 1.0951562 1.2377207 1.2229602 1.1350616 1.0696021 1.0757287 1.0709752 1.3628191 1.2515562 1.2097037 1.1091059 1.1457652 1.2993776 0.9485365 0.9147409 1.0684669 0.9846662 1.0149669 1.2118321 1.2598415 1.1091880 2.6538851 3.2225447 2.5937622 2.6318553 2.8401244 3.1451848 3.6216263 3.4630468 3.2487250 2.7667638 
RBS1_PETHY_68_177    0.9967875 1.1737846 0.9812348 1.0727801 1.1433615 1.0771733 1.1629337 1.2123519 1.0217430 1.2480436 1.1027105 1.2908481 1.0640054 1.0280959 1.1510889 1.3324391 1.0951562 0.0000000 0.2998843 0.2979933 0.3452109 0.2577114 0.3779830 0.3743332 0.3199522 0.3193750 0.3105251 0.4020053 0.4423717 0.3369109 0.6269201 0.6920870 0.6337048 0.6427992 0.8035631 0.8995395 0.6963937 0.8764351 2.8288438 3.1078394 3.2700923 3.5857457 2.7874982 3.1743200 3.3067396 3.5185648 3.4527899 3.2325798 
RBS1_ORYSA_56_164    1.4790754 1.5277243 1.3824831 1.4900846 1.6207857 1.6635862 1.7415026 1.6836251 1.4900109 1.5824320 1.4331758 1.8782578 1.2399417 1.1518580 1.3500063 1.5846424 1.2377207 0.2998843 0.0000000 0.4680718 0.3410534 0.4043029 0.3582580 0.3922602 0.4926081 0.4768660 0.4915454 0.4599896 0.5465819 0.5169191 0.8089686 0.7866215 0.7755354 0.9163724 1.0911870 1.1303058 0.9681059 1.2417631 3.3540971 3.5580662 3.6027686 3.9825180 3.1918044 3.5550096 3.6725442 3.7217602 3.2821896 3.6575575 
RBS_CUCSA_70_179     1.2304742 1.4294258 1.1338401 1.2053634 1.2766514 1.3966255 1.2429041 1.2582056 1.1941393 1.4490652 1.2738394 1.3135560 1.1535735 1.1402433 1.2193316 1.4772746 1.2229602 0.2979933 0.4680718 0.0000000 0.2480864 0.3635870 0.3471728 0.3739990 0.3714234 0.2610735 0.3643410 0.4334186 0.4819468 0.3724112 0.6631439 0.6906369 0.6951289 0.7122794 0.8791957 0.9278041 0.7417999 0.9096153 2.9961722 3.3472846 3.4616467 3.6401330 3.0311810 2.9739599 3.3061911 3.8730265 3.3443246 3.5962845 
RBS3_LEMGI_68_176    1.4038410 1.3742903 1.2633840 1.2904624 1.3676959 1.4171333 1.4810077 1.4437605 1.3521246 1.5636062 1.3834056 1.5522374 1.1479012 1.0836514 1.1945662 1.3284960 1.1350616 0.3452109 0.3410534 0.2480864 0.0000000 0.2836145 0.3303980 0.3541864 0.3887613 0.3204517 0.3895417 0.4099193 0.4728061 0.3455628 0.7277117 0.7192813 0.6198739 0.7280640 0.9135985 0.9892449 0.8155823 1.0507131 2.8506187 3.4817985 3.5278574 3.9140587 2.9404659 2.8146726 3.3659523 3.8976112 3.3815859 3.4074172 
RBS_SILPR_67_176     1.3165708 1.3556030 1.2717651 1.2650343 1.4008479 1.5162175 1.4922254 1.3865483 1.3768253 1.6493167 1.4061716 1.4785339 1.1295382 1.0861545 1.1701000 1.2877517 1.0696021 0.2577114 0.4043029 0.3635870 0.2836145 0.0000000 0.3639633 0.4405529 0.4123674 0.4343679 0.3927384 0.4235439 0.4177833 0.3764820 0.6960604 0.7004053 0.6552106 0.7282898 0.9375933 0.9750490 0.8304058 1.0989201 2.9708794 3.4272652 3.3435109 3.5372613 2.7653753 2.9982581 3.7337167 4.0238760 3.3670074 3.5519028 
RBS2_WHEAT_58_166    1.3730740 1.3728578 1.2692709 1.2527421 1.3311447 1.6041700 1.4103034 1.4549582 1.3832554 1.4838054 1.2945577 1.4842286 1.0904529 1.0427265 1.2064773 1.3881570 1.0757287 0.3779830 0.3582580 0.3471728 0.3303980 0.3639633 0.0000000 0.3078654 0.3807502 0.3478849 0.4138921 0.4190587 0.4533493 0.4221791 0.6847261 0.6322389 0.6322852 0.6636103 0.9702082 0.8207074 0.7344575 1.0857952 2.9052402 3.2590850 3.4449651 3.6616278 3.1869571 2.7177785 3.1843240 3.4776735 3.0779386 3.1009900 
RBS_MAIZE_58_166     1.4096779 1.4630856 1.2826297 1.4606290 1.5441350 1.5973829 1.6025075 1.4375991 1.3554718 1.6775111 1.6433437 1.6120640 1.1472576 1.0768682 1.3045748 1.5965451 1.0709752 0.3743332 0.3922602 0.3739990 0.3541864 0.4405529 0.3078654 0.0000000 0.5012035 0.4470684 0.5336380 0.4412577 0.5379988 0.5005127 0.7779767 0.7217008 0.7876258 0.8243278 0.9627663 1.0273023 0.8633491 1.1389111 2.8055844 3.0020261 3.3423612 3.7014034 2.9005362 2.9421374 3.1816315 3.4675671 3.3536649 3.2104685 
RBS_HELAN_66_175     1.3381234 1.4419723 1.0702377 1.1947921 1.1989242 1.4142129 1.3694759 1.1848489 1.2145393 1.3930135 1.2528508 1.3347700 1.1916477 1.1049699 1.3625738 1.6178102 1.3628191 0.3199522 0.4926081 0.3714234 0.3887613 0.4123674 0.3807502 0.5012035 0.0000000 0.2611419 0.2758743 0.4032040 0.5687705 0.3608028 0.6992196 0.6965996 0.5823706 0.6818195 0.9416768 0.9581936 0.8235429 0.9848316 2.8829724 3.1250334 3.4001850 3.6187247 3.0412504 2.5475229 2.9381803 4.0039501 3.5727616 3.7838344 
RBS1A_ARATH_66_175   1.3604026 1.3336427 1.2043566 1.0857541 1.0940894 1.2581039 1.1170361 1.2385564 1.1341028 1.2949906 1.0531800 1.2239918 1.0990125 0.9458749 1.3525212 1.5034779 1.2515562 0.3193750 0.4768660 0.2610735 0.3204517 0.4343679 0.3478849 0.4470684 0.2611419 0.0000000 0.2831634 0.4794088 0.5180407 0.3702946 0.7232975 0.6911441 0.6609187 0.6296923 0.7713630 0.8271457 0.6259620 0.8730509 2.7016417 3.2461136 3.6435150 3.8397961 2.9219895 3.1705990 3.2777614 3.9723381 3.2101423 3.2599051 
RBS_TRIRP_66_175     1.1909508 1.2940027 1.1881041 1.0627353 1.1492582 1.3089650 1.1828538 1.0936381 1.1380479 1.3304227 1.1989086 1.1610698 1.2127238 1.0713537 1.3924679 1.4237399 1.2097037 0.3105251 0.4915454 0.3643410 0.3895417 0.3927384 0.4138921 0.5336380 0.2758743 0.2831634 0.0000000 0.2393732 0.5223148 0.3941690 0.7627568 0.8012072 0.6798604 0.7305992 0.7442337 0.8537391 0.6647311 0.9754303 2.7064564 3.3211411 3.3825695 3.4904238 3.0141095 3.1944400 2.9015620 3.5533385 3.2810925 3.4013221 
RBS1_PEA_24_133      1.3085035 1.3452818 1.2406101 1.1759746 1.4913917 1.4453153 1.4147087 1.3755890 1.3569852 1.7901714 1.3569667 1.4171147 1.1706753 1.1335872 1.3873443 1.5550087 1.1091059 0.4020053 0.4599896 0.4334186 0.4099193 0.4235439 0.4190587 0.4412577 0.4032040 0.4794088 0.2393732 0.0000000 0.3557854 0.3682067 0.8134093 0.7924434 0.7230616 0.7481943 0.9287403 1.0084884 0.8686616 1.2178129 3.0173917 3.1105045 3.5080881 3.7477693 3.1211375 3.2690035 2.8264955 3.4290766 3.2612151 3.6701534 
RBS1_SPIOL_11_120    1.5182870 1.3086593 1.1426645 1.3358968 1.5587078 1.5380356 1.3922408 1.4204804 1.2903298 1.8037932 1.3988551 1.5226218 1.2493284 1.1719652 1.3710540 1.4742011 1.1457652 0.4423717 0.5465819 0.4819468 0.4728061 0.4177833 0.4533493 0.5379988 0.5687705 0.5180407 0.5223148 0.3557854 0.0000000 0.5654193 0.8586028 0.7570770 0.9010569 0.8526632 1.1169127 1.1078962 1.0243046 1.1621842 2.7960797 3.8594920 3.9464268 4.2043972 3.1124572 2.8064599 3.3796122 3.6188225 3.5924182 3.7117185 
RBS_PINTH_62_170     1.1944968 1.2675552 1.1452938 1.0721733 1.1023336 1.3760102 1.4034970 1.3495284 1.2775081 1.4615093 1.1821976 1.3251274 1.1643312 1.1376060 1.2843648 1.5598730 1.2993776 0.3369109 0.5169191 0.3724112 0.3455628 0.3764820 0.4221791 0.5005127 0.3608028 0.3702946 0.3941690 0.3682067 0.5654193 0.0000000 0.6358515 0.7395189 0.6625587 0.6773837 0.8312489 0.9021556 0.7044434 1.0132912 2.8348928 3.2819323 3.3194251 3.5536861 2.6993385 2.8769877 2.6304943 3.9061042 3.2548927 3.4670740 
RBS4_ACEME_53_168    0.9938707 1.2195596 0.9985624 1.1299920 1.2128130 1.1287665 1.1874393 1.2393213 1.0473772 1.3473704 1.0127761 1.0790700 1.0808324 1.1443399 1.2603551 1.2103890 0.9485365 0.6269201 0.8089686 0.6631439 0.7277117 0.6960604 0.6847261 0.7779767 0.6992196 0.7232975 0.7627568 0.8134093 0.8586028 0.6358515 0.0000000 0.3008398 0.4713342 0.3824949 0.7466931 0.9469640 0.9108610 0.6958001 2.5217877 3.0371613 2.6819915 2.7384879 2.5502516 2.9889555 3.3163288 3.4097077 3.0960672 2.5597395 
RBS2_CHLRE_56_171    1.1011264 1.2050396 0.8862615 1.0262555 1.2838241 1.2419115 1.2083123 1.1029510 1.1236580 1.4213006 1.1570434 1.2952909 1.0222982 1.0808761 1.1724921 1.0649597 0.9147409 0.6920870 0.7866215 0.6906369 0.7192813 0.7004053 0.6322389 0.7217008 0.6965996 0.6911441 0.8012072 0.7924434 0.7570770 0.7395189 0.3008398 0.0000000 0.3911105 0.3228734 0.8122352 0.7486467 0.7781780 0.6937800 2.4405774 3.2724890 2.9555925 3.0923138 2.9337991 2.8631822 3.7705457 3.3989442 2.9665257 2.5073460 
RBS_EUGGR_864_978    1.0337226 1.1419876 0.9779706 0.9743839 1.1039300 1.1191620 1.1633243 0.9818458 1.0056106 1.4039453 0.9756170 0.9523010 1.0482554 1.0188331 1.2231097 1.0943714 1.0684669 0.6337048 0.7755354 0.6951289 0.6198739 0.6552106 0.6322852 0.7876258 0.5823706 0.6609187 0.6798604 0.7230616 0.9010569 0.6625587 0.4713342 0.3911105 0.0000000 0.4272142 0.8336405 0.7001989 0.7309491 0.8736594 2.4861136 2.8835216 2.6055976 2.6785325 2.4404464 2.5652844 3.2811958 2.9638321 2.6813739 2.5029988 
RBS_CHLMO_39_154     1.0951943 1.2230714 1.0534231 1.0634015 1.1917451 1.2305937 1.0115056 1.2660835 1.1973901 1.5024642 1.1262415 1.2022286 0.9858865 1.0327695 1.0525833 1.1498493 0.9846662 0.6427992 0.9163724 0.7122794 0.7280640 0.7282898 0.6636103 0.8243278 0.6818195 0.6296923 0.7305992 0.7481943 0.8526632 0.6773837 0.3824949 0.3228734 0.4272142 0.0000000 0.8649447 0.8638748 0.7572476 0.7162312 2.6520912 3.2057720 2.6846165 3.0441868 3.0053713 2.9181985 3.6678461 3.2025551 3.0441236 2.6043283 
RBS_ANASP_9_106      1.0811365 1.0926844 1.2434496 0.9971433 0.9890081 1.1380195 1.1413957 1.1445516 1.0612438 1.0181013 1.1408993 1.0302665 1.2161361 1.0527315 1.1807274 1.0633156 1.0149669 0.8035631 1.0911870 0.8791957 0.9135985 0.9375933 0.9702082 0.9627663 0.9416768 0.7713630 0.7442337 0.9287403 1.1169127 0.8312489 0.7466931 0.8122352 0.8336405 0.8649447 0.0000000 0.5970630 0.4351134 0.5502997 2.1389074 2.6735345 2.1712852 2.2157890 2.2774404 2.6594173 2.5137016 3.1840365 2.5912727 2.5800143 
RBS_SYNP6_10_107     1.2397322 1.2220914 1.1004788 1.1558265 1.2863691 1.1806038 1.1145257 1.1592729 1.1527506 1.2413030 1.1079774 1.2209983 1.4216171 1.3402207 1.2735696 1.1568811 1.2118321 0.8995395 1.1303058 0.9278041 0.9892449 0.9750490 0.8207074 1.0273023 0.9581936 0.8271457 0.8537391 1.0084884 1.1078962 0.9021556 0.9469640 0.7486467 0.7001989 0.8638748 0.5970630 0.0000000 0.3476616 0.7954433 2.5767573 2.9180684 2.7859145 2.8474849 2.8523023 2.8638156 2.6342803 3.1898455 2.7226729 2.6820210 
RBS_PROHO_9_106      1.2220740 1.2453308 1.2482783 1.1645190 1.1840332 1.2984939 1.1652583 1.2397154 1.2977686 1.2944706 1.0811096 1.2024624 1.1280603 1.0426379 1.1828821 1.1804570 1.2598415 0.6963937 0.9681059 0.7417999 0.8155823 0.8304058 0.7344575 0.8633491 0.8235429 0.6259620 0.6647311 0.8686616 1.0243046 0.7044434 0.9108610 0.7781780 0.7309491 0.7572476 0.4351134 0.3476616 0.0000000 0.6038792 2.6950888 2.9272998 2.5865923 2.7327843 2.5461991 3.1564437 2.8935647 3.2417224 2.7576607 2.5871714 
RBS_CYAPA_8_105      1.1873728 1.3401139 1.2397393 1.0623225 1.2126881 1.2635951 1.1477994 1.2538057 1.2197125 1.3001765 1.2738753 1.2460792 1.3347919 1.3784524 1.2732620 1.0248813 1.1091880 0.8764351 1.2417631 0.9096153 1.0507131 1.0989201 1.0857952 1.1389111 0.9848316 0.8730509 0.9754303 1.2178129 1.1621842 1.0132912 0.6958001 0.6937800 0.8736594 0.7162312 0.5502997 0.7954433 0.6038792 0.0000000 2.3898988 2.9529926 2.8866458 3.2186146 2.7457819 3.3821944 3.5443569 3.8634468 2.5685542 2.2864239 
P72758_SYNY3_469_562 2.6298717 1.9030968 2.4515561 2.6481536 2.9732648 2.6534199 2.8029051 2.4344015 2.6499173 2.3713634 2.7499914 2.5624588 2.6123444 2.9925093 2.6590324 2.6770550 2.6538851 2.8288438 3.3540971 2.9961722 2.8506187 2.9708794 2.9052402 2.8055844 2.8829724 2.7016417 2.7064564 3.0173917 2.7960797 2.8348928 2.5217877 2.4405774 2.4861136 2.6520912 2.1389074 2.5767573 2.6950888 2.3898988 0.0000000 1.0507172 1.0443869 1.0577690 0.8374239 1.1933011 1.5438117 1.5788681 1.8681026 1.8868181 
P72758_SYNY3_352_445 2.5012258 3.2111449 3.3259395 4.1092611 4.4695194 3.4182974 3.9217928 3.7409267 3.8454679 3.5683706 3.5862302 3.4870689 2.7311367 3.1381922 2.8540493 3.8286844 3.2225447 3.1078394 3.5580662 3.3472846 3.4817985 3.4272652 3.2590850 3.0020261 3.1250334 3.2461136 3.3211411 3.1105045 3.8594920 3.2819323 3.0371613 3.2724890 2.8835216 3.2057720 2.6735345 2.9180684 2.9272998 2.9529926 1.0507172 0.0000000 1.1909403 1.1710472 1.2173466 1.1262873 1.2273010 1.1561360 1.4122593 1.5492964 
RCA_ANASP_317_410    2.8745671 2.2874164 2.7257105 3.0318445 2.9574309 3.2187323 2.8655665 2.5827100 2.4985401 2.3375159 2.8957494 2.7856378 2.7622036 3.1352211 2.6804435 3.3393362 2.5937622 3.2700923 3.6027686 3.4616467 3.5278574 3.3435109 3.4449651 3.3423612 3.4001850 3.6435150 3.3825695 3.5080881 3.9464268 3.3194251 2.6819915 2.9555925 2.6055976 2.6846165 2.1712852 2.7859145 2.5865923 2.8866458 1.0443869 1.1909403 0.0000000 0.1799533 1.0093848 1.1671548 1.2706315 1.5866651 1.8514412 1.7762683 
RCA_ANASC_318_411    3.0515015 2.4725127 2.9185110 3.4925352 3.2774163 3.4294312 2.8585754 2.7923112 2.9584592 2.4399812 3.1768530 2.9445804 3.0533938 3.4138255 2.8507660 3.4115350 2.6318553 3.5857457 3.9825180 3.6401330 3.9140587 3.5372613 3.6616278 3.7014034 3.6187247 3.8397961 3.4904238 3.7477693 4.2043972 3.5536861 2.7384879 3.0923138 2.6785325 3.0441868 2.2157890 2.8474849 2.7327843 3.2186146 1.0577690 1.1710472 0.1799533 0.0000000 0.8437574 1.1892967 1.2165145 1.5863177 1.7165411 1.8376340 
Q8YYI3_ANASP_347_440 2.9184341 2.3498415 2.7133110 3.0713105 3.3197347 3.1081573 3.1958152 2.6966905 2.8520033 2.7588922 2.9659704 2.5209909 2.9351229 3.3871031 2.5911148 3.3621797 2.8401244 2.7874982 3.1918044 3.0311810 2.9404659 2.7653753 3.1869571 2.9005362 3.0412504 2.9219895 3.0141095 3.1211375 3.1124572 2.6993385 2.5502516 2.9337991 2.4404464 3.0053713 2.2774404 2.8523023 2.5461991 2.7457819 0.8374239 1.2173466 1.0093848 0.8437574 0.0000000 1.2141141 1.2061450 1.6317155 1.7487927 1.8082187 
Q8DKB5_SYNEL_220_313 3.1103264 2.6834634 2.8026120 3.5806653 3.3056467 3.1743172 3.1723819 2.8035819 3.1724665 3.1389364 3.8816206 3.2497491 3.3165149 3.9609719 3.1561445 3.9839666 3.1451848 3.1743200 3.5550096 2.9739599 2.8146726 2.9982581 2.7177785 2.9421374 2.5475229 3.1705990 3.1944400 3.2690035 2.8064599 2.8769877 2.9889555 2.8631822 2.5652844 2.9181985 2.6594173 2.8638156 3.1564437 3.3821944 1.1933011 1.1262873 1.1671548 1.1892967 1.2141141 0.0000000 1.1857526 1.5904019 1.7290716 1.8304010 
Q8DKB5_SYNEL_443_533 3.2567613 2.9325214 3.8131399 3.9142043 3.6721896 3.6662821 3.4388561 3.5757363 3.5501475 3.1665128 3.9349644 3.0802979 3.3752571 4.2487534 3.3626923 4.4164124 3.6216263 3.3067396 3.6725442 3.3061911 3.3659523 3.7337167 3.1843240 3.1816315 2.9381803 3.2777614 2.9015620 2.8264955 3.3796122 2.6304943 3.3163288 3.7705457 3.2811958 3.6678461 2.5137016 2.6342803 2.8935647 3.5443569 1.5438117 1.2273010 1.2706315 1.2165145 1.2061450 1.1857526 0.0000000 1.3413951 1.5854137 1.6801125 
O30711_SYNP2_221_314 3.4467750 3.0969738 3.5207149 3.5133344 3.8585674 3.7755711 3.1467969 3.3098557 3.4229571 3.2668037 3.8177696 2.8069263 2.8858939 3.5133460 2.7966575 3.2301273 3.4630468 3.5185648 3.7217602 3.8730265 3.8976112 4.0238760 3.4776735 3.4675671 4.0039501 3.9723381 3.5533385 3.4290766 3.6188225 3.9061042 3.4097077 3.3989442 2.9638321 3.2025551 3.1840365 3.1898455 3.2417224 3.8634468 1.5788681 1.1561360 1.5866651 1.5863177 1.6317155 1.5904019 1.3413951 0.0000000 0.5433657 0.6082877 
O30711_SYNP2_336_431 2.5176280 2.8602765 3.1871068 3.1064170 3.4071970 3.0402713 3.2248107 3.1247684 3.5796488 3.0722885 3.3756794 2.6461725 3.2414006 3.3284865 3.1955371 3.2369884 3.2487250 3.4527899 3.2821896 3.3443246 3.3815859 3.3670074 3.0779386 3.3536649 3.5727616 3.2101423 3.2810925 3.2612151 3.5924182 3.2548927 3.0960672 2.9665257 2.6813739 3.0441236 2.5912727 2.7226729 2.7576607 2.5685542 1.8681026 1.4122593 1.8514412 1.7165411 1.7487927 1.7290716 1.5854137 0.5433657 0.0000000 0.4649962 
O30711_SYNP2_448_541 2.8290195 2.6227737 3.1664283 3.2485563 3.1752205 3.3190669 2.8831399 3.2296212 3.4106466 3.0583469 3.5781493 2.5108782 2.7262000 3.1959157 2.9555294 2.6279473 2.7667638 3.2325798 3.6575575 3.5962845 3.4074172 3.5519028 3.1009900 3.2104685 3.7838344 3.2599051 3.4013221 3.6701534 3.7117185 3.4670740 2.5597395 2.5073460 2.5029988 2.6043283 2.5800143 2.6820210 2.5871714 2.2864239 1.8868181 1.5492964 1.7762683 1.8376340 1.8082187 1.8304010 1.6801125 0.6082877 0.4649962 0.0000000 
