29
P115_MYCHR_3_961     0.0000000 0.4510018 0.5798062 0.6132491 0.6856443 1.2225039 0.9936838 0.9867750 1.0499558 1.2583133 1.4473283 1.1255159 1.4213048 1.8494630 1.7730544 1.5033342 1.3407619 1.2548698 1.3345462 1.3996193 1.5053865 1.0942563 1.0729098 1.2172107 2.7384924 2.5794059 2.5368986 3.0085977 2.7166769 
SMC_BACSU_2_1172     0.4510018 0.0000000 0.6892972 0.4011464 0.4517467 0.8735514 0.6210643 0.7515491 0.9399747 1.0108233 1.2348794 1.0684929 1.2587863 1.4831112 1.2710152 1.3657673 0.9743639 1.0650396 0.9259031 1.0764187 1.1738045 0.8626477 0.8227120 1.0791595 3.1641714 2.3190014 1.9656970 2.6536917 2.5376134 
P115_MYCPN_3_963     0.5798062 0.6892972 0.0000000 0.7236499 0.7425224 1.0816684 0.8736620 0.9139837 1.0904080 1.0622839 1.3676438 1.1336976 1.3556355 1.5831322 1.4225688 1.4230086 0.9971077 0.8487206 1.0008833 0.9563159 1.1283540 0.8468502 0.8839835 1.0797533 2.3110902 2.8133558 2.4326515 2.8529947 2.9520356 
O83382_TREPA_3_919   0.6132491 0.4011464 0.7236499 0.0000000 0.5013639 0.9165271 0.7287973 0.7855022 1.0698946 1.0009095 1.1373843 1.1907136 1.4260668 1.5871841 1.5556133 1.5355174 0.9566115 1.1784480 1.1016725 1.1446383 1.3937741 0.9529104 0.9413239 1.0911906 2.2787147 2.1361833 1.8185944 2.8395416 2.5862004 
SMC_MYCTU_2_1186     0.6856443 0.4517467 0.7425224 0.5013639 0.0000000 1.2314163 0.8969556 0.9746946 1.2494379 0.9423680 1.4801870 1.1714109 1.3143536 1.7056645 1.7643456 1.6546997 1.0651804 0.9696853 1.2550922 1.2239898 1.2171434 1.0314931 0.9528314 1.0358938 2.0217747 2.0945467 2.1680666 2.7778343 2.5234417 
O28714_ARCFU_2_1148  1.2225039 0.8735514 1.0816684 0.9165271 1.2314163 0.0000000 0.4933354 0.4674062 0.5678711 0.3402624 1.0125710 0.9731729 0.9131366 1.2355454 0.9958224 1.6371729 0.6692962 0.9678982 0.7467765 0.8290954 0.7600418 0.7689250 0.7793619 1.0691761 2.8565271 2.1357482 1.8051603 2.6264885 2.7536563 
SMC_METJA_3_1163     0.9936838 0.6210643 0.8736620 0.7287973 0.8969556 0.4933354 0.0000000 0.3716503 0.6462651 0.6475040 0.9016790 0.9991928 1.1174976 1.3725371 1.2371964 1.5831634 0.7288854 0.8243459 0.7882396 0.7555420 0.7966915 0.6997145 0.6760359 0.8449085 2.9239211 2.0610893 1.8475574 1.9757154 2.5580186 
O59462_PYRHO_3_1151  0.9867750 0.7515491 0.9139837 0.7855022 0.9746946 0.4674062 0.3716503 0.0000000 0.5675783 0.5248393 1.2682733 0.8184117 1.0031196 1.1923849 1.1281191 1.3667384 0.6316231 0.7754587 0.8627097 0.8523412 0.8016754 0.7178395 0.6789087 0.9306436 2.2850968 1.9778504 2.2168889 2.6060521 2.6541051 
O66878_AQUAE_6_1140  1.0499558 0.9399747 1.0904080 1.0698946 1.2494379 0.5678711 0.6462651 0.5675783 0.0000000 0.6839730 0.9646168 1.0005973 1.0681295 1.5772687 1.4133403 1.8256979 0.9348294 1.0605453 0.9047736 0.9564798 1.0726282 0.7441371 0.7620816 0.9052402 3.4564660 2.2187322 1.8592810 2.5873714 3.2092435 
P73340_SYNY3_3_1194  1.2583133 1.0108233 1.0622839 1.0009095 0.9423680 0.3402624 0.6475040 0.5248393 0.6839730 0.0000000 1.3644246 0.8962150 0.9098308 1.3084726 1.2476897 1.6613107 0.8301243 1.0133246 1.0399878 0.8835977 1.0210428 0.9705537 1.0069056 1.1683336 2.5303253 2.2983125 2.3815406 2.9652018 2.8875244 
O51074_BORBU_6_815   1.4473283 1.2348794 1.3676438 1.1373843 1.4801870 1.0125710 0.9016790 1.2682733 0.9646168 1.3644246 0.0000000 1.8474078 1.9521569 1.8406462 1.9404235 1.8297245 1.2360703 1.2393585 1.2651778 1.0988948 1.2252635 1.1189922 1.1199582 1.2746283 3.3294667 2.3534176 2.2604271 1.9714335 2.5457275 
SMC2_YEAST_2_1166    1.1255159 1.0684929 1.1336976 1.1907136 1.1714109 0.9731729 0.9991928 0.8184117 1.0005973 0.8962150 1.8474078 0.0000000 0.1904734 1.0046384 0.9921997 1.0946929 1.0495917 1.1183087 1.1683041 1.3196243 1.2434486 0.8584828 1.0272955 0.9889755 1.9144975 2.0500384 2.2630288 2.0105917 1.7532837 
SMC2_CHICK_2_1167    1.4213048 1.2587863 1.3556355 1.4260668 1.3143536 0.9131366 1.1174976 1.0031196 1.0681295 0.9098308 1.9521569 0.1904734 0.0000000 1.1047939 1.1650685 1.2211150 1.0564700 1.2052657 1.1835286 1.3843420 1.1661600 0.8868763 1.0321784 1.0153843 2.3145801 2.2373635 2.4741059 2.1370804 1.9156794 
SUDA_EMENI_2_1193    1.8494630 1.4831112 1.5831322 1.5871841 1.7056645 1.2355454 1.3725371 1.1923849 1.5772687 1.3084726 1.8406462 1.0046384 1.1047939 0.0000000 0.2846729 0.3821779 1.1849375 1.0471937 1.2216357 1.2649178 1.3756976 0.9336309 0.9702779 1.2888013 2.8330150 2.3163015 2.6275450 2.0738264 2.5080150 
Q24098_DROME_33_1211 1.7730544 1.2710152 1.4225688 1.5556133 1.7643456 0.9958224 1.2371964 1.1281191 1.4133403 1.2476897 1.9404235 0.9921997 1.1650685 0.2846729 0.0000000 0.6865707 1.1376758 1.2652973 1.1797041 1.3354864 1.2677144 1.0196403 1.1021036 1.3410996 2.7601050 2.4892660 2.4308117 2.6228473 2.5187887 
SMC3_YEAST_2_1208    1.5033342 1.3657673 1.4230086 1.5355174 1.6546997 1.6371729 1.5831634 1.3667384 1.8256979 1.6613107 1.8297245 1.0946929 1.2211150 0.3821779 0.6865707 0.0000000 1.4838277 1.3038464 1.3572547 1.4546018 1.4438945 0.9557918 1.0367532 1.0973132 2.8319735 2.1880684 2.6677098 2.0400807 2.0972570 
SMC4_YEAST_155_1406  1.3407619 0.9743639 0.9971077 0.9566115 1.0651804 0.6692962 0.7288854 0.6316231 0.9348294 0.8301243 1.2360703 1.0495917 1.0564700 1.1849375 1.1376758 1.4838277 0.0000000 0.2263721 0.2737189 0.4218070 0.3869147 0.5614573 0.6222639 0.8389998 3.1666406 2.6833898 2.2829993 3.0785770 2.9143544 
SMC4_SCHPO_125_1313  1.2548698 1.0650396 0.8487206 1.1784480 0.9696853 0.9678982 0.8243459 0.7754587 1.0605453 1.0133246 1.2393585 1.1183087 1.2052657 1.0471937 1.2652973 1.3038464 0.2263721 0.0000000 0.3005366 0.3641079 0.3666210 0.5957217 0.6223416 0.8169563 3.1564098 2.4251270 1.9519569 2.5169560 2.2532972 
SMC4_XENLA_77_1268   1.3345462 0.9259031 1.0008833 1.1016725 1.2550922 0.7467765 0.7882396 0.8627097 0.9047736 1.0399878 1.2651778 1.1683041 1.1835286 1.2216357 1.1797041 1.3572547 0.2737189 0.3005366 0.0000000 0.2636487 0.3120145 0.5687920 0.6393722 0.8549396 3.0794918 2.3925141 2.2184030 2.8032811 2.7684920 
DPY27_CAEEL_92_1330  1.3996193 1.0764187 0.9563159 1.1446383 1.2239898 0.8290954 0.7555420 0.8523412 0.9564798 0.8835977 1.0988948 1.3196243 1.3843420 1.2649178 1.3354864 1.4546018 0.4218070 0.3641079 0.2636487 0.0000000 0.4381498 0.5869418 0.6163589 0.9461119 2.9069095 3.2041816 2.8756558 3.2854902 3.5987658 
SMC4_CAEEL_91_1361   1.5053865 1.1738045 1.1283540 1.3937741 1.2171434 0.7600418 0.7966915 0.8016754 1.0726282 1.0210428 1.2252635 1.2434486 1.1661600 1.3756976 1.2677144 1.4438945 0.3869147 0.3666210 0.3120145 0.4381498 0.0000000 0.5969323 0.5319878 0.7854730 3.7036652 2.5558452 2.1558454 2.7134421 2.2307769 
SMC1A_HUMAN_3_1212   1.0942563 0.8626477 0.8468502 0.9529104 1.0314931 0.7689250 0.6997145 0.7178395 0.7441371 0.9705537 1.1189922 0.8584828 0.8868763 0.9336309 1.0196403 0.9557918 0.5614573 0.5957217 0.5687920 0.5869418 0.5969323 0.0000000 0.1739081 0.3365824 3.4165879 2.8416059 2.3814091 2.5515537 2.5160102 
O01789_CAEEL_15_1251 1.0729098 0.8227120 0.8839835 0.9413239 0.9528314 0.7793619 0.6760359 0.6789087 0.7620816 1.0069056 1.1199582 1.0272955 1.0321784 0.9702779 1.1021036 1.0367532 0.6222639 0.6223416 0.6393722 0.6163589 0.5319878 0.1739081 0.0000000 0.4611302 3.5791785 2.5090214 2.2197697 2.4963029 2.6582386 
SMC1_YEAST_3_1212    1.2172107 1.0791595 1.0797533 1.0911906 1.0358938 1.0691761 0.8449085 0.9306436 0.9052402 1.1683336 1.2746283 0.9889755 1.0153843 1.2888013 1.3410996 1.0973132 0.8389998 0.8169563 0.8549396 0.9461119 0.7854730 0.3365824 0.4611302 0.0000000 3.0855621 2.4535097 2.4931200 2.0678231 2.4010911 
RECF_PSEPU_2_358     2.7384924 3.1641714 2.3110902 2.2787147 2.0217747 2.8565271 2.9239211 2.2850968 3.4564660 2.5303253 3.3294667 1.9144975 2.3145801 2.8330150 2.7601050 2.8319735 3.1666406 3.1564098 3.0794918 2.9069095 3.7036652 3.4165879 3.5791785 3.0855621 0.0000000 1.0944177 1.2731532 1.3200787 1.3110570 
RECF_ECOLI_1_355     2.5794059 2.3190014 2.8133558 2.1361833 2.0945467 2.1357482 2.0610893 1.9778504 2.2187322 2.2983125 2.3534176 2.0500384 2.2373635 2.3163015 2.4892660 2.1880684 2.6833898 2.4251270 2.3925141 3.2041816 2.5558452 2.8416059 2.5090214 2.4535097 1.0944177 0.0000000 0.1880680 0.4211508 0.4902448 
RECF_PROMI_2_359     2.5368986 1.9656970 2.4326515 1.8185944 2.1680666 1.8051603 1.8475574 2.2168889 1.8592810 2.3815406 2.2604271 2.2630288 2.4741059 2.6275450 2.4308117 2.6677098 2.2829993 1.9519569 2.2184030 2.8756558 2.1558454 2.3814091 2.2197697 2.4931200 1.2731532 0.1880680 0.0000000 0.4460110 0.4540333 
RECF_ACTPL_2_359     3.0085977 2.6536917 2.8529947 2.8395416 2.7778343 2.6264885 1.9757154 2.6060521 2.5873714 2.9652018 1.9714335 2.0105917 2.1370804 2.0738264 2.6228473 2.0400807 3.0785770 2.5169560 2.8032811 3.2854902 2.7134421 2.5515537 2.4963029 2.0678231 1.3200787 0.4211508 0.4460110 0.0000000 0.2639990 
RECF_HAEIN_2_356     2.7166769 2.5376134 2.9520356 2.5862004 2.5234417 2.7536563 2.5580186 2.6541051 3.2092435 2.8875244 2.5457275 1.7532837 1.9156794 2.5080150 2.5187887 2.0972570 2.9143544 2.2532972 2.7684920 3.5987658 2.2307769 2.5160102 2.6582386 2.4010911 1.3110570 0.4902448 0.4540333 0.2639990 0.0000000 
