30
Q9Z7D5_CHLPN_269_424 0.0000000 0.7545718 2.0132511 2.4146825 1.8004421 1.5000975 1.7971497 1.7602795 1.9854224 1.9844318 1.8376051 1.7143743 1.6361191 1.7459844 1.4041714 1.5787754 1.5503932 1.4913250 1.6360648 1.8398398 1.3370267 1.3840785 1.4325251 1.5242160 1.8889597 1.9131396 1.9146597 1.9654811 1.7442210 1.7946896 
Q9PJD0_CHLMU_264_419 0.7545718 0.0000000 1.5525998 2.0435389 1.6394960 1.8129526 2.0820205 2.1403596 2.2613080 1.9121597 1.9309428 2.2430849 2.0225146 2.2002969 2.0602496 1.9454303 2.1733120 1.9677485 1.7209344 1.9972987 1.8050820 1.4090871 1.7505676 1.4976030 1.6968351 1.6527769 1.8848346 1.9207212 2.1505314 2.1774061 
RP54_RHOSH_269_429   2.0132511 1.5525998 0.0000000 0.7479597 1.2986694 1.1609827 1.1808704 1.3676839 1.2915170 1.2545784 1.2022960 1.2741107 1.5314542 1.3201288 1.3240062 1.4669645 1.4180611 1.3065702 1.0722155 1.5993942 1.4740451 1.0083671 1.3398604 1.5929242 1.2448953 1.0772285 1.5556344 1.4238211 1.8426004 2.5088354 
RP54_RHOCA_263_421   2.4146825 2.0435389 0.7479597 0.0000000 1.3664172 1.6381318 1.5382030 1.6097686 1.6487282 1.5918595 1.5639096 1.5556225 1.7352256 1.6900786 1.7196957 1.7482079 1.6179971 1.6983995 1.5805702 2.1162565 1.9554728 1.2826184 1.7882720 1.6969422 1.4699124 1.4433623 1.4900852 1.8526498 2.0153671 2.9759896 
Q9RII3_RHOSH_270_426 1.8004421 1.6394960 1.2986694 1.3664172 0.0000000 1.2081367 1.5227553 1.5267118 1.5834332 1.3688642 1.3278140 1.5501474 1.4127224 1.4900958 1.5139231 1.3557506 1.4448701 1.5046985 1.5535782 1.5520081 1.4408736 1.3083642 1.5312422 1.5186797 1.2292121 1.2501108 1.4409611 2.5228001 2.7593668 3.1203841 
Q9F1E7_ACEDI_298_457 1.5000975 1.8129526 1.1609827 1.6381318 1.2081367 0.0000000 0.5864555 0.5634132 0.6059862 0.5533144 0.5358469 0.5800579 0.5816142 0.5995117 0.9697111 1.0762076 0.9815123 1.0172831 1.0587239 0.9438130 0.8869092 1.0899909 1.0114203 1.2507944 1.0578549 1.2114069 1.3784839 2.0501479 1.7629622 1.5725166 
O69778_RHIET_312_472 1.7971497 2.0820205 1.1808704 1.5382030 1.5227553 0.5864555 0.0000000 0.2477350 0.2681481 0.2698390 0.2640066 0.2421429 0.3361358 0.2908661 0.7668610 0.8775585 0.8200947 0.8355458 0.7567060 0.8446854 0.9440152 1.1330288 1.0629239 1.2853034 0.8572357 1.0224072 1.3731181 1.7999080 1.6326688 1.8226779 
Q98AS6_RHILO_303_463 1.7602795 2.1403596 1.3676839 1.6097686 1.5267118 0.5634132 0.2477350 0.0000000 0.2331335 0.2983382 0.2290891 0.3177407 0.3544992 0.3301627 0.8221430 0.8523549 0.8576886 0.7768482 0.6887491 0.8115160 0.8645472 1.1192733 0.8918241 1.2143045 0.8677418 1.0844733 1.3020566 1.9158998 1.4790314 1.5630668 
RP541_RHIME_343_503  1.9854224 2.2613080 1.2915170 1.6487282 1.5834332 0.6059862 0.2681481 0.2331335 0.0000000 0.2216716 0.1649510 0.2452110 0.2861473 0.2739420 0.8081133 0.9029179 0.8631551 0.9279382 0.7327755 0.8151319 1.0018066 1.1931239 1.0386053 1.1365634 0.9571904 1.0649558 1.2106029 1.8704464 1.7959575 1.7211463 
RP54_AZOCA_341_501   1.9844318 1.9121597 1.2545784 1.5918595 1.3688642 0.5533144 0.2698390 0.2983382 0.2216716 0.0000000 0.1800290 0.2359653 0.3271287 0.3156103 0.8486150 0.9387716 0.9464081 0.9632130 0.8149816 0.9138982 0.9957208 1.0429016 1.0278225 1.1157864 0.8578552 1.1372937 1.3571989 1.8685054 1.7265061 1.8287727 
Q98GS5_RHILO_338_498 1.8376051 1.9309428 1.2022960 1.5639096 1.3278140 0.5358469 0.2640066 0.2290891 0.1649510 0.1800290 0.0000000 0.2455320 0.2750559 0.2925637 0.8045779 0.8860431 0.8189584 0.8593776 0.6839352 0.8799374 0.9172882 1.0145638 1.0259584 1.1090347 0.8038967 1.1207794 1.1790530 1.6492426 1.6944590 1.7934848 
RP54_CAUCR_330_491   1.7143743 2.2430849 1.2741107 1.5556225 1.5501474 0.5800579 0.2421429 0.3177407 0.2452110 0.2359653 0.2455320 0.0000000 0.2611200 0.2494357 0.7628702 0.9534314 0.8177530 0.8719527 0.7500767 0.9019570 0.8745714 0.9852171 1.0796277 1.3351891 0.9193871 1.1453079 1.2071657 1.7982426 1.6028746 1.6398823 
Q59085_AZOBR_359_519 1.6361191 2.0225146 1.5314542 1.7352256 1.4127224 0.5816142 0.3361358 0.3544992 0.2861473 0.3271287 0.2750559 0.2611200 0.0000000 0.2901484 0.6485308 0.7372676 0.7424913 0.7641586 0.7154030 0.8033175 0.7406630 1.1461610 0.8950379 1.1028823 0.8520524 1.2646319 1.3431077 1.6022793 1.5645503 1.8033506 
RP55_BRAJA_353_513   1.7459844 2.2002969 1.3201288 1.6900786 1.4900958 0.5995117 0.2908661 0.3301627 0.2739420 0.3156103 0.2925637 0.2494357 0.2901484 0.0000000 0.8020923 0.9594904 0.9696296 0.8875510 0.9017353 0.9290858 0.8500844 1.1161737 1.1918856 1.2951925 0.8185783 1.2542020 1.4226901 1.7103875 1.6638828 1.8780950 
O54393_MYXXA_344_503 1.4041714 2.0602496 1.3240062 1.7196957 1.5139231 0.9697111 0.7668610 0.8221430 0.8081133 0.8486150 0.8045779 0.7628702 0.6485308 0.8020923 0.0000000 0.7898250 0.6525373 0.7038980 0.7405001 0.8911087 0.8553753 1.2123269 0.7343162 1.0777234 1.0629294 1.2090457 0.9690125 1.6961169 1.5878747 1.7667302 
RP54_ECOLI_316_475   1.5787754 1.9454303 1.4669645 1.7482079 1.3557506 1.0762076 0.8775585 0.8523549 0.9029179 0.9387716 0.8860431 0.9534314 0.7372676 0.9594904 0.7898250 0.0000000 0.3210762 0.2355671 0.5598740 0.5412503 0.6210454 1.1169357 0.9899165 1.3425738 1.0307912 0.9883791 1.3900024 1.3409744 1.5599773 1.7951932 
RP54_AZOVI_341_500   1.5503932 2.1733120 1.4180611 1.6179971 1.4448701 0.9815123 0.8200947 0.8576886 0.8631551 0.9464081 0.8189584 0.8177530 0.7424913 0.9696296 0.6525373 0.3210762 0.0000000 0.2381163 0.4780403 0.4957920 0.5809091 0.8979149 0.8860522 1.2358016 1.2515245 1.1951235 1.0774250 1.3931650 1.3777233 1.7653075 
Q9KP49_VIBCH_326_485 1.4913250 1.9677485 1.3065702 1.6983995 1.5046985 1.0172831 0.8355458 0.7768482 0.9279382 0.9632130 0.8593776 0.8719527 0.7641586 0.8875510 0.7038980 0.2355671 0.2381163 0.0000000 0.4905803 0.4527200 0.6444763 0.8970815 0.8359058 1.3365991 1.1399428 1.0925369 1.1930048 1.1234957 1.2923578 1.7653500 
RP54_ACIGB_321_480   1.6360648 1.7209344 1.0722155 1.5805702 1.5535782 1.0587239 0.7567060 0.6887491 0.7327755 0.8149816 0.6839352 0.7500767 0.7154030 0.9017353 0.7405001 0.5598740 0.4780403 0.4905803 0.0000000 0.6906244 0.7881137 1.0193056 0.8049313 1.2826439 1.2526152 0.9340934 1.0387344 1.1900706 1.3927731 1.8201640 
RP54_THIFE_315_474   1.8398398 1.9972987 1.5993942 2.1162565 1.5520081 0.9438130 0.8446854 0.8115160 0.8151319 0.9138982 0.8799374 0.9019570 0.8033175 0.9290858 0.8911087 0.5412503 0.4957920 0.4527200 0.6906244 0.0000000 0.6070372 1.2643916 1.0802215 1.2370662 1.1566397 0.9813452 1.2870604 1.7659301 1.7401544 1.8028372 
RP54_RALEU_333_492   1.3370267 1.8050820 1.4740451 1.9554728 1.4408736 0.8869092 0.9440152 0.8645472 1.0018066 0.9957208 0.9172882 0.8745714 0.7406630 0.8500844 0.8553753 0.6210454 0.5809091 0.6444763 0.7881137 0.6070372 0.0000000 1.0318488 0.9364628 1.0927602 0.9912726 1.1359475 1.2149458 1.7523668 1.6127783 1.9338451 
Q9PDH1_XYLFA_301_460 1.3840785 1.4090871 1.0083671 1.2826184 1.3083642 1.0899909 1.1330288 1.1192733 1.1931239 1.0429016 1.0145638 0.9852171 1.1461610 1.1161737 1.2123269 1.1169357 0.8979149 0.8970815 1.0193056 1.2643916 1.0318488 0.0000000 0.9676296 1.0881959 1.1139479 1.2606858 1.1275849 1.4550917 1.5047428 1.7462035 
Q9K710_BACHD_282_443 1.4325251 1.7505676 1.3398604 1.7882720 1.5312422 1.0114203 1.0629239 0.8918241 1.0386053 1.0278225 1.0259584 1.0796277 0.8950379 1.1918856 0.7343162 0.9899165 0.8860522 0.8359058 0.8049313 1.0802215 0.9364628 0.9676296 0.0000000 0.9581736 0.8871802 1.2972869 1.0775270 1.5414138 1.6773650 1.6706493 
RP54_BACSU_274_434   1.5242160 1.4976030 1.5929242 1.6969422 1.5186797 1.2507944 1.2853034 1.2143045 1.1365634 1.1157864 1.1090347 1.3351891 1.1028823 1.2951925 1.0777234 1.3425738 1.2358016 1.3365991 1.2826439 1.2370662 1.0927602 1.0881959 0.9581736 0.0000000 0.8148340 1.4129350 1.3134248 1.7416869 1.7153922 1.9542398 
Q9F0Q3_ENTFA_280_441 1.8889597 1.6968351 1.2448953 1.4699124 1.2292121 1.0578549 0.8572357 0.8677418 0.9571904 0.8578552 0.8038967 0.9193871 0.8520524 0.8185783 1.0629294 1.0307912 1.2515245 1.1399428 1.2526152 1.1566397 0.9912726 1.1139479 0.8871802 0.8148340 0.0000000 1.2412513 1.0870958 1.4806662 1.6517259 1.8859405 
O69080_PLALI_335_494 1.9131396 1.6527769 1.0772285 1.4433623 1.2501108 1.2114069 1.0224072 1.0844733 1.0649558 1.1372937 1.1207794 1.1453079 1.2646319 1.2542020 1.2090457 0.9883791 1.1951235 1.0925369 0.9340934 0.9813452 1.1359475 1.2606858 1.2972869 1.4129350 1.2412513 0.0000000 1.6388090 1.6434678 1.5946302 1.9257683 
O66858_AQUAE_244_398 1.9146597 1.8848346 1.5556344 1.4900852 1.4409611 1.3784839 1.3731181 1.3020566 1.2106029 1.3571989 1.1790530 1.2071657 1.3431077 1.4226901 0.9690125 1.3900024 1.0774250 1.1930048 1.0387344 1.2870604 1.2149458 1.1275849 1.0775270 1.3134248 1.0870958 1.6388090 0.0000000 1.8688511 2.0558498 1.8179465 
Q9PPN1_CAMJE_254_410 1.9654811 1.9207212 1.4238211 1.8526498 2.5228001 2.0501479 1.7999080 1.9158998 1.8704464 1.8685054 1.6492426 1.7982426 1.6022793 1.7103875 1.6961169 1.3409744 1.3931650 1.1234957 1.1900706 1.7659301 1.7523668 1.4550917 1.5414138 1.7416869 1.4806662 1.6434678 1.8688511 0.0000000 0.4840744 1.7508320 
RP54_HELPJ_253_408   1.7442210 2.1505314 1.8426004 2.0153671 2.7593668 1.7629622 1.6326688 1.4790314 1.7959575 1.7265061 1.6944590 1.6028746 1.5645503 1.6638828 1.5878747 1.5599773 1.3777233 1.2923578 1.3927731 1.7401544 1.6127783 1.5047428 1.6773650 1.7153922 1.6517259 1.5946302 2.0558498 0.4840744 0.0000000 1.6388282 
O51406_BORBU_263_415 1.7946896 2.1774061 2.5088354 2.9759896 3.1203841 1.5725166 1.8226779 1.5630668 1.7211463 1.8287727 1.7934848 1.6398823 1.8033506 1.8780950 1.7667302 1.7951932 1.7653075 1.7653500 1.8201640 1.8028372 1.9338451 1.7462035 1.6706493 1.9542398 1.8859405 1.9257683 1.8179465 1.7508320 1.6388282 0.0000000 
