39
HR2A_TRIFL_197_392   0.0000000 0.5921035 0.3783570 0.6015200 0.6106731 1.0208009 1.0213216 0.7377724 0.7021545 0.8886001 1.1423141 1.1041878 1.1361917 0.9521921 0.9999653 1.3300907 1.3189404 2.0613213 1.7535296 1.8236228 1.7200914 1.7941174 1.7607228 1.4410582 1.7183602 1.7610928 2.1074608 2.5093308 2.7888990 2.5720297 3.2388770 2.8513290 2.3257899 2.8799656 2.2995021 1.9918227 2.1774863 1.9797355 4.1052397 
HR2_TRIFL_6_201      0.5921035 0.0000000 0.5662854 0.5148350 0.5265634 0.8545537 0.8845619 0.6958395 0.4781097 0.8573838 0.8944787 0.9453249 0.9332125 0.9813044 0.8699349 1.0676322 1.2325329 2.0356430 1.6219415 1.9168829 1.5042172 1.8407464 1.6561628 1.4200366 1.7282201 1.6273412 1.9385616 2.3894841 2.6586580 2.2058510 2.4919459 2.9199534 2.1402405 2.3332746 2.3730118 1.8552603 2.0233384 1.9109494 3.7106198 
DISA_TRIGA_197_391   0.3783570 0.5662854 0.0000000 0.6003642 0.5349862 0.8165379 0.9362172 0.6398188 0.6410469 1.0250293 0.9072383 1.0193871 0.8577435 0.8120363 1.0314639 1.1082782 1.2903963 1.7795795 1.5589677 1.6958455 1.6772162 1.7801532 1.5771865 1.3514386 1.4230612 1.6100748 1.7559580 2.1427518 2.6037712 2.4378290 2.8171273 2.7772559 2.2698462 2.7380329 2.4405258 2.0532458 2.2534185 2.1516820 3.3500537 
HR1B_TRIFL_198_394   0.6015200 0.5148350 0.6003642 0.0000000 0.5094376 0.7734403 0.7343323 0.7099448 0.5387008 0.6058540 0.7841947 0.7950118 0.8027884 0.8552201 0.8526336 1.1873047 1.1795709 1.6027135 1.8310775 1.5888878 1.3859082 1.4387234 1.5798688 1.5086945 1.3142903 1.7320922 1.8651519 2.2992035 2.4453333 2.5294440 2.5104870 2.9209460 2.1009290 2.6050950 2.1366670 1.6734608 1.8433287 1.8250920 2.8358949 
HRL2_LACMU_4_200     0.6106731 0.5265634 0.5349862 0.5094376 0.0000000 0.4576695 0.6924423 0.4662568 0.4896583 0.7301427 0.7526587 0.8138020 0.5894991 0.6452376 0.8226563 0.8018420 0.9797279 1.4557998 1.3646679 1.6817298 1.4925354 1.4936543 1.4518161 1.2337480 1.5183581 1.4314829 1.6565279 2.0649916 2.6434088 2.2727656 2.2307387 2.4591575 1.8675086 2.2803273 1.8861332 1.5804630 1.6682137 1.7690046 3.1242274 
HRTD_CROAT_197_393   1.0208009 0.8545537 0.8165379 0.7734403 0.4576695 0.0000000 0.4905526 0.7324704 0.6338114 0.8696586 0.7020242 0.8314109 0.7412098 0.6433344 0.8954741 0.9268719 1.1144236 1.5898031 1.5475070 1.6748807 1.7944248 1.7051354 1.6456428 1.3899678 1.4249918 1.7654526 1.9047121 2.3774000 2.9605669 2.3430102 2.7324317 2.7243542 1.7838901 2.7877586 2.3045379 1.8192522 1.9452904 2.1206227 3.4637158 
ADAM_CROAD_7_203     1.0213216 0.8845619 0.9362172 0.7343323 0.6924423 0.4905526 0.0000000 1.0761052 0.7454482 1.0113757 1.0190484 1.0083416 1.1330144 0.9985734 1.0836309 1.2519123 1.2717942 1.7886800 1.6981014 2.0765465 2.0983890 1.7632425 1.8090540 1.6617909 1.6481644 1.9551435 1.8279078 2.3208818 2.5660091 2.6972813 3.4772031 4.0249950 2.7788870 2.9890414 2.5473000 2.5365887 2.6670899 2.7651475 3.3499019 
Q98995_VIPLE_201_397 0.7377724 0.6958395 0.6398188 0.7099448 0.4662568 0.7324704 1.0761052 0.0000000 0.6768392 0.9152775 0.6945310 0.8470759 0.6366710 0.6439232 0.9228574 0.8374725 0.9326262 1.6808025 1.4968700 1.6414369 1.7170749 1.7428169 1.4697156 1.4339027 1.2900839 1.6638243 1.7978369 2.1620485 2.6594876 2.1013298 2.9392376 2.6866499 2.2735047 2.8177764 2.5371565 1.7831624 1.9955017 1.8195457 3.2053274 
FIBR_AGKCO_7_203     0.7021545 0.4781097 0.6410469 0.5387008 0.4896583 0.6338114 0.7454482 0.6768392 0.0000000 0.6767937 0.5859248 0.6371271 0.6157447 0.6676182 0.8542696 0.8308021 1.0780572 1.2639122 1.3134557 1.3752730 1.2451490 1.3192035 1.6616271 1.4183407 1.5247734 1.5614828 1.6280199 1.8355057 2.1973820 1.9744084 2.4815205 2.6297487 2.0257227 2.6582245 2.2344474 1.7971456 1.8760190 1.8192034 2.9844438 
O42138_AGKCL_199_395 0.8886001 0.8573838 1.0250293 0.6058540 0.7301427 0.8696586 1.0113757 0.9152775 0.6767937 0.0000000 0.7938595 0.7438552 0.8605948 0.9170369 0.9312181 0.9374218 1.2630411 1.5038145 1.3330892 1.3770166 1.2764401 1.4925166 1.7425428 1.6087629 1.3542109 2.0452098 2.0913815 2.3401298 2.2959518 2.3622266 2.5921917 2.6628105 2.0288809 2.5470527 2.1293950 1.6690888 1.7044925 1.6773170 3.5541139 
Q90282_CROAT_198_393 1.1423141 0.8944787 0.9072383 0.7841947 0.7526587 0.7020242 1.0190484 0.6945310 0.5859248 0.7938595 0.0000000 0.2303177 0.4415189 0.5015324 0.9436009 0.8307897 0.8671209 1.4880415 1.4275600 1.6123476 1.5967837 1.7687582 1.5673637 1.4864117 1.4691801 1.8726151 1.9000012 2.1824835 2.4065441 2.1413421 3.0835692 2.2699201 1.9714990 2.4882620 2.3225715 1.7386035 1.7098384 1.8655033 3.0508006 
O93523_BOTJA_198_394 1.1041878 0.9453249 1.0193871 0.7950118 0.8138020 0.8314109 1.0083416 0.8470759 0.6371271 0.7438552 0.2303177 0.0000000 0.3699155 0.4462210 0.9596053 0.8727381 0.8972227 1.4830779 1.1558275 1.4571093 1.4948072 1.6076065 1.6936756 1.4172314 1.4280262 1.8258903 1.8393857 1.9244054 2.3814786 2.2839236 2.8189522 2.6433086 2.1344449 2.6136194 2.4058334 1.7149745 1.8033318 1.9254857 2.5465927 
Q92032_9SAUR_193_389 1.1361917 0.9332125 0.8577435 0.8027884 0.5894991 0.7412098 1.1330144 0.6366710 0.6157447 0.8605948 0.4415189 0.3699155 0.0000000 0.3640642 1.0420032 0.9066257 0.9094426 1.4260199 1.4565080 1.6257650 1.4432055 1.6610543 1.8591173 1.6362156 1.5247230 1.7562751 1.9810988 2.1549744 2.6305391 1.8541612 2.6440381 2.6911534 2.1708539 2.6813202 2.3339033 1.8794665 1.8842546 2.0462212 2.7146839 
HRTE_CROAT_193_389   0.9521921 0.9813044 0.8120363 0.8552201 0.6452376 0.6433344 0.9985734 0.6439232 0.6676182 0.9170369 0.5015324 0.4462210 0.3640642 0.0000000 1.0547018 0.8814185 0.7133802 1.6393918 1.6628278 1.8992286 1.9869478 2.1083695 1.7338774 1.2234599 1.3435764 1.6328026 1.8922333 2.0565699 2.6031114 2.2736909 2.9270005 2.7259666 2.2147782 3.0820128 2.5603920 2.1476715 2.1357906 2.1968014 3.0057676 
Q90499_9SAUR_200_396 0.9999653 0.8699349 1.0314639 0.8526336 0.8226563 0.8954741 1.0836309 0.9228574 0.8542696 0.9312181 0.9436009 0.9596053 1.0420032 1.0547018 0.0000000 1.1179884 1.7341695 1.7972201 1.3413494 1.4994923 1.4723798 1.4769126 1.6854728 1.6395268 1.5910826 1.7771727 1.9520450 2.1997138 2.3709113 2.4779561 2.8657436 2.5104233 2.1571301 3.1949893 2.4773265 2.1861422 2.2773181 2.2301067 2.9761309 
ECAR_ECHCA_201_397   1.3300907 1.0676322 1.1082782 1.1873047 0.8018420 0.9268719 1.2519123 0.8374725 0.8308021 0.9374218 0.8307897 0.8727381 0.9066257 0.8814185 1.1179884 0.0000000 1.1092815 1.5536440 1.3812790 1.8664308 2.0559335 2.1003193 1.5792484 1.5171339 1.3557538 1.8492635 1.6919595 2.0612443 2.9319577 2.2564373 3.0989966 2.7296565 2.0518691 2.9211708 2.2827055 1.8745033 1.8700307 2.0166341 3.8351663 
DISR_AGKRH_194_391   1.3189404 1.2325329 1.2903963 1.1795709 0.9797279 1.1144236 1.2717942 0.9326262 1.0780572 1.2630411 0.8671209 0.8972227 0.9094426 0.7133802 1.7341695 1.1092815 0.0000000 1.8235113 1.7071058 2.1804681 2.2952157 2.4411824 2.1448623 1.7198970 1.7180612 1.8431457 1.7001028 2.0061488 2.6095323 2.3483919 3.6343078 3.1972689 2.1889110 3.0623335 2.7959213 1.9363368 2.0289296 1.9933263 2.8723512 
ADAM9_MOUSE_212_406  2.0613213 2.0356430 1.7795795 1.6027135 1.4557998 1.5898031 1.7886800 1.6808025 1.2639122 1.5038145 1.4880415 1.4830779 1.4260199 1.6393918 1.7972201 1.5536440 1.8235113 0.0000000 1.3718193 1.6625485 1.6142835 2.0462972 2.2763392 2.0557314 1.7857942 1.7564510 1.4030762 1.9207195 2.2163254 2.0297369 2.4884091 2.1666693 1.8955707 2.0617238 1.8407964 1.6941275 1.7724303 1.7416549 3.1989898 
O12960_XENLA_205_403 1.7535296 1.6219415 1.5589677 1.8310775 1.3646679 1.5475070 1.6981014 1.4968700 1.3134557 1.3330892 1.4275600 1.1558275 1.4565080 1.6628278 1.3413494 1.3812790 1.7071058 1.3718193 0.0000000 0.7281121 1.2413642 1.2347344 1.9589377 2.1177159 1.7622075 1.6493202 1.4320706 1.6106618 2.2178702 1.7055568 3.6289008 3.2227943 2.4881934 2.5809662 2.7533578 2.1331455 2.2788609 2.3869403 2.9968177 
ADA12_HUMAN_214_416  1.8236228 1.9168829 1.6958455 1.5888878 1.6817298 1.6748807 2.0765465 1.6414369 1.3752730 1.3770166 1.6123476 1.4571093 1.6257650 1.8992286 1.4994923 1.8664308 2.1804681 1.6625485 0.7281121 0.0000000 1.1940764 1.1584891 2.2787858 2.5000811 1.7667420 1.9608529 2.0604073 1.8921030 1.9103021 1.9367324 3.6570088 3.1292924 2.7925196 3.7907889 2.8791064 2.3899506 2.5495740 2.6723136 3.1656336 
ADAM8_MOUSE_196_395  1.7200914 1.5042172 1.6772162 1.3859082 1.4925354 1.7944248 2.0983890 1.7170749 1.2451490 1.2764401 1.5967837 1.4948072 1.4432055 1.9869478 1.4723798 2.0559335 2.2952157 1.6142835 1.2413642 1.1940764 0.0000000 0.6503305 2.3057839 2.1913877 1.6270780 2.1647355 2.1132790 2.4365235 2.2307036 2.3461405 3.3345733 3.3301029 2.3081808 2.8292049 2.2786939 2.2680861 2.3231243 2.2993644 4.0984158 
ADAM8_HUMAN_200_400  1.7941174 1.8407464 1.7801532 1.4387234 1.4936543 1.7051354 1.7632425 1.7428169 1.3192035 1.4925166 1.7687582 1.6076065 1.6610543 2.1083695 1.4769126 2.1003193 2.4411824 2.0462972 1.2347344 1.1584891 0.6503305 0.0000000 2.3396298 2.1969366 1.5468000 1.9533026 2.1301105 2.4273274 2.4685500 2.4826744 3.8631521 4.6178225 3.0747454 3.4542962 3.0667812 2.6330551 2.8063609 2.7841539 3.3837308 
ADAM7_MACFA_199_394  1.7607228 1.6561628 1.5771865 1.5798688 1.4518161 1.6456428 1.8090540 1.4697156 1.6616271 1.7425428 1.5673637 1.6936756 1.8591173 1.7338774 1.6854728 1.5792484 2.1448623 2.2763392 1.9589377 2.2787858 2.3057839 2.3396298 0.0000000 0.4597001 1.8803188 1.8596587 1.7861118 2.0304118 2.3556238 1.9225415 2.8461183 2.7296266 2.5962969 2.7504676 2.6525923 2.5704401 2.7910447 2.5888454 3.1591440 
ADAM7_RAT_199_393    1.4410582 1.4200366 1.3514386 1.5086945 1.2337480 1.3899678 1.6617909 1.4339027 1.4183407 1.6087629 1.4864117 1.4172314 1.6362156 1.2234599 1.6395268 1.5171339 1.7198970 2.0557314 2.1177159 2.5000811 2.1913877 2.1969366 0.4597001 0.0000000 1.4482230 1.5490888 1.6273999 1.7485645 1.8289866 1.7983701 2.9331125 2.4462754 2.5989968 2.8561735 2.6250290 2.6295154 2.7056233 2.6331102 3.7762307 
ADEC1_HUMAN_218_412  1.7183602 1.7282201 1.4230612 1.3142903 1.5183581 1.4249918 1.6481644 1.2900839 1.5247734 1.3542109 1.4691801 1.4280262 1.5247230 1.3435764 1.5910826 1.3557538 1.7180612 1.7857942 1.7622075 1.7667420 1.6270780 1.5468000 1.8803188 1.4482230 0.0000000 2.1040191 1.8715532 2.3111493 2.6362030 2.7283502 3.2640687 3.3769119 2.8225854 3.1075874 2.7745160 2.3534268 2.1944111 2.3458361 2.9124514 
O46652_PAPAN_241_435 1.7610928 1.6273412 1.6100748 1.7320922 1.4314829 1.7654526 1.9551435 1.6638243 1.5614828 2.0452098 1.8726151 1.8258903 1.7562751 1.6328026 1.7771727 1.8492635 1.8431457 1.7564510 1.6493202 1.9608529 2.1647355 1.9533026 1.8596587 1.5490888 2.1040191 0.0000000 0.4087930 1.5503647 1.9162470 1.7583864 3.0481220 2.8816553 2.2997248 2.6318953 2.1631228 2.0209696 2.0537629 2.3088471 3.4318986 
ADAM1_RAT_238_432    2.1074608 1.9385616 1.7559580 1.8651519 1.6565279 1.9047121 1.8279078 1.7978369 1.6280199 2.0913815 1.9000012 1.8393857 1.9810988 1.8922333 1.9520450 1.6919595 1.7001028 1.4030762 1.4320706 2.0604073 2.1132790 2.1301105 1.7861118 1.6273999 1.8715532 0.4087930 0.0000000 1.6013833 2.1354264 1.9004674 2.7047174 2.9815482 2.3794703 2.4309411 2.3087383 1.9882247 2.2083890 2.2915379 3.3959452 
ADA11_HUMAN_239_438  2.5093308 2.3894841 2.1427518 2.2992035 2.0649916 2.3774000 2.3208818 2.1620485 1.8355057 2.3401298 2.1824835 1.9244054 2.1549744 2.0565699 2.1997138 2.0612443 2.0061488 1.9207195 1.6106618 1.8921030 2.4365235 2.4273274 2.0304118 1.7485645 2.3111493 1.5503647 1.6013833 0.0000000 0.7467533 1.1557855 2.6963964 2.7945751 2.4158924 2.1616123 2.1353470 2.1488804 2.4996381 2.3075282 2.3093533 
ADA22_HUMAN_239_438  2.7888990 2.6586580 2.6037712 2.4453333 2.6434088 2.9605669 2.5660091 2.6594876 2.1973820 2.2959518 2.4065441 2.3814786 2.6305391 2.6031114 2.3709113 2.9319577 2.6095323 2.2163254 2.2178702 1.9103021 2.2307036 2.4685500 2.3556238 1.8289866 2.6362030 1.9162470 2.1354264 0.7467533 0.0000000 0.9207718 3.0776315 2.7237693 2.5741196 3.2660018 3.0743916 2.4370329 2.6268744 2.5272884 2.7341358 
ADA23_HUMAN_299_496  2.5720297 2.2058510 2.4378290 2.5294440 2.2727656 2.3430102 2.6972813 2.1013298 1.9744084 2.3622266 2.1413421 2.2839236 1.8541612 2.2736909 2.4779561 2.2564373 2.3483919 2.0297369 1.7055568 1.9367324 2.3461405 2.4826744 1.9225415 1.7983701 2.7283502 1.7583864 1.9004674 1.1557855 0.9207718 0.0000000 3.1297830 3.0416703 2.9229576 2.8395294 3.0731804 2.5230191 2.7502348 2.5573087 2.6609771 
Q60816_MOUSE_185_378 3.2388770 2.4919459 2.8171273 2.5104870 2.2307387 2.7324317 3.4772031 2.9392376 2.4815205 2.5921917 3.0835692 2.8189522 2.6440381 2.9270005 2.8657436 3.0989966 3.6343078 2.4884091 3.6289008 3.6570088 3.3345733 3.8631521 2.8461183 2.9331125 3.2640687 3.0481220 2.7047174 2.6963964 3.0776315 3.1297830 0.0000000 1.1751360 1.2407410 1.3781637 1.4616413 1.6988151 1.5938615 1.6523585 4.7894908 
Q28483_MACFA_183_380 2.8513290 2.9199534 2.7772559 2.9209460 2.4591575 2.7243542 4.0249950 2.6866499 2.6297487 2.6628105 2.2699201 2.6433086 2.6911534 2.7259666 2.5104233 2.7296565 3.1972689 2.1666693 3.2227943 3.1292924 3.3301029 4.6178225 2.7296266 2.4462754 3.3769119 2.8816553 2.9815482 2.7945751 2.7237693 3.0416703 1.1751360 0.0000000 0.8990012 1.4672651 1.0801823 1.2727284 1.2738891 1.3561844 4.1901188 
ADA18_MACFA_184_381  2.3257899 2.1402405 2.2698462 2.1009290 1.8675086 1.7838901 2.7788870 2.2735047 2.0257227 2.0288809 1.9714990 2.1344449 2.1708539 2.2147782 2.1571301 2.0518691 2.1889110 1.8955707 2.4881934 2.7925196 2.3081808 3.0747454 2.5962969 2.5989968 2.8225854 2.2997248 2.3794703 2.4158924 2.5741196 2.9229576 1.2407410 0.8990012 0.0000000 1.0468563 0.7275145 0.6527054 0.6643698 0.7593151 4.5694909 
P70534_RAT_187_384   2.8799656 2.3332746 2.7380329 2.6050950 2.2803273 2.7877586 2.9890414 2.8177764 2.6582245 2.5470527 2.4882620 2.6136194 2.6813202 3.0820128 3.1949893 2.9211708 3.0623335 2.0617238 2.5809662 3.7907889 2.8292049 3.4542962 2.7504676 2.8561735 3.1075874 2.6318953 2.4309411 2.1616123 3.2660018 2.8395294 1.3781637 1.4672651 1.0468563 0.0000000 0.5692649 1.3000030 1.3550604 1.2478651 4.4767376 
Q28482_MACFA_187_384 2.2995021 2.3730118 2.4405258 2.1366670 1.8861332 2.3045379 2.5473000 2.5371565 2.2344474 2.1293950 2.3225715 2.4058334 2.3339033 2.5603920 2.4773265 2.2827055 2.7959213 1.8407964 2.7533578 2.8791064 2.2786939 3.0667812 2.6525923 2.6250290 2.7745160 2.1631228 2.3087383 2.1353470 3.0743916 3.0731804 1.4616413 1.0801823 0.7275145 0.5692649 0.0000000 0.9131414 0.9959538 0.8880307 4.5013662 
ADAM2_BOVIN_178_375  1.9918227 1.8552603 2.0532458 1.6734608 1.5804630 1.8192522 2.5365887 1.7831624 1.7971456 1.6690888 1.7386035 1.7149745 1.8794665 2.1476715 2.1861422 1.8745033 1.9363368 1.6941275 2.1331455 2.3899506 2.2680861 2.6330551 2.5704401 2.6295154 2.3534268 2.0209696 1.9882247 2.1488804 2.4370329 2.5230191 1.6988151 1.2727284 0.6527054 1.3000030 0.9131414 0.0000000 0.2072799 0.3420338 3.5040008 
ADAM2_HUMAN_178_375  2.1774863 2.0233384 2.2534185 1.8433287 1.6682137 1.9452904 2.6670899 1.9955017 1.8760190 1.7044925 1.7098384 1.8033318 1.8842546 2.1357906 2.2773181 1.8700307 2.0289296 1.7724303 2.2788609 2.5495740 2.3231243 2.8063609 2.7910447 2.7056233 2.1944111 2.0537629 2.2083890 2.4996381 2.6268744 2.7502348 1.5938615 1.2738891 0.6643698 1.3550604 0.9959538 0.2072799 0.0000000 0.3519361 4.0873083 
ADAM2_MOUSE_184_381  1.9797355 1.9109494 2.1516820 1.8250920 1.7690046 2.1206227 2.7651475 1.8195457 1.8192034 1.6773170 1.8655033 1.9254857 2.0462212 2.1968014 2.2301067 2.0166341 1.9933263 1.7416549 2.3869403 2.6723136 2.2993644 2.7841539 2.5888454 2.6331102 2.3458361 2.3088471 2.2915379 2.3075282 2.5272884 2.5573087 1.6523585 1.3561844 0.7593151 1.2478651 0.8880307 0.3420338 0.3519361 0.0000000 4.3298720 
P90974_CAEEL_227_431 4.1052397 3.7106198 3.3500537 2.8358949 3.1242274 3.4637158 3.3499019 3.2053274 2.9844438 3.5541139 3.0508006 2.5465927 2.7146839 3.0057676 2.9761309 3.8351663 2.8723512 3.1989898 2.9968177 3.1656336 4.0984158 3.3837308 3.1591440 3.7762307 2.9124514 3.4318986 3.3959452 2.3093533 2.7341358 2.6609771 4.7894908 4.1901188 4.5694909 4.4767376 4.5013662 3.5040008 4.0873083 4.3298720 0.0000000 
