10
Q9HXE0_PSEAE_510_676 0.0000000 0.5779362 0.9265631 1.2560337 1.1903261 1.3586554 1.4241311 1.6962433 1.4607022 1.3681063 
PYS1_PSEAE_334_497   0.5779362 0.0000000 1.0447158 1.0516578 1.4443198 1.0995789 1.0991478 1.4943212 1.8674390 1.3591206 
Q51502_PSEAE_493_651 0.9265631 1.0447158 0.0000000 1.2078471 1.1839484 1.1917481 1.4672842 1.2663313 1.3918949 1.3699734 
Q88NA6_PSEPK_481_636 1.2560337 1.0516578 1.2078471 0.0000000 1.5320624 1.5350174 1.4323900 1.9551564 2.8163955 1.7876449 
Q888I9_PSESM_176_327 1.1903261 1.4443198 1.1839484 1.5320624 0.0000000 2.0192725 1.5913372 1.6363268 1.8852196 1.8672350 
Q9XBT6_KLEPN_483_646 1.3586554 1.0995789 1.1917481 1.5350174 2.0192725 0.0000000 1.4399176 1.4796961 1.5923828 1.3589777 
Q8ZAC4_YERPE_210_369 1.4241311 1.0991478 1.4672842 1.4323900 1.5913372 1.4399176 0.0000000 1.9290576 1.9940014 1.3952057 
Q87GQ2_VIBPA_591_750 1.6962433 1.4943212 1.2663313 1.9551564 1.6363268 1.4796961 1.9290576 0.0000000 1.5536972 1.0641414 
Q8ZHL8_YERPE_268_423 1.4607022 1.8674390 1.3918949 2.8163955 1.8852196 1.5923828 1.9940014 1.5536972 0.0000000 1.6836371 
Q9LCC7_ECOLI_66_219  1.3681063 1.3591206 1.3699734 1.7876449 1.8672350 1.3589777 1.3952057 1.0641414 1.6836371 0.0000000 
