7
O82677_CHERU_724_863 0.0000000 0.5135813 1.6955117 1.8036997 1.1927419 1.4723545 1.5767541 
O22346_MAIZE_339_466 0.5135813 0.0000000 1.5634308 1.9822306 1.3284239 1.5144350 1.7675512 
RBF_DROME_580_706    1.6955117 1.5634308 0.0000000 1.1598267 0.9396399 1.1973104 1.6108213 
RBL2_HUMAN_834_992   1.8036997 1.9822306 1.1598267 0.0000000 0.5654713 1.3261381 1.7860317 
RBL1_HUMAN_786_944   1.1927419 1.3284239 0.9396399 0.5654713 0.0000000 1.0482573 1.3227683 
RB_HUMAN_645_766     1.4723545 1.5144350 1.1973104 1.3261381 1.0482573 0.0000000 1.6719589 
O01682_CAEEL_743_890 1.5767541 1.7675512 1.6108213 1.7860317 1.3227683 1.6719589 0.0000000 
