7
RS25B_SCHPO_1_85    0.0000000 0.5670210 0.8140614 0.8994765 1.2902051 1.1806724 1.0030094 
RS25B_YEAST_1_105   0.5670210 0.0000000 0.9847741 1.2510843 1.3391932 1.1943552 1.0299937 
RS25_LYCES_1_106    0.8140614 0.9847741 0.0000000 0.2806622 0.9433712 0.6777963 0.5355089 
Q9SIW5_ARATH_16_122 0.8994765 1.2510843 0.2806622 0.0000000 1.1588357 0.8852854 0.7401166 
RS25_DICDI_1_110    1.2902051 1.3391932 0.9433712 1.1588357 0.0000000 0.7536717 0.6770836 
RS25_CAEEL_1_109    1.1806724 1.1943552 0.6777963 0.8852854 0.7536717 0.0000000 0.3255492 
RS25_RAT_1_113      1.0030094 1.0299937 0.5355089 0.7401166 0.6770836 0.3255492 0.0000000 
