7
SLD3_YEAST_1_665    0.0000000 0.9884488 0.8785002 0.9436164 1.4247013 2.8617072 2.5026091 
Q6CKH3_KLULA_1_631  0.9884488 0.0000000 0.8320731 1.2384336 1.4367017 2.8558606 2.6286012 
Q754U0_ASHGO_1_671  0.8785002 0.8320731 0.0000000 1.0590255 1.5013112 2.5553028 2.4668031 
Q6FU11_CANGA_1_733  0.9436164 1.2384336 1.0590255 0.0000000 1.7868354 2.6032259 2.6511157 
Q6BML7_DEBHA_42_701 1.4247013 1.4367017 1.5013112 1.7868354 0.0000000 3.2581113 2.2796741 
SLD3_SCHPO_1_668    2.8617072 2.8558606 2.5553028 2.6032259 3.2581113 0.0000000 2.8917769 
Q6CCG3_YARLI_54_744 2.5026091 2.6286012 2.4668031 2.6511157 2.2796741 2.8917769 0.0000000 
