9
VPK2_SWPVK_5_436    0.0000000 0.2501973 0.2517109 0.3293508 0.6134166 0.9355485 0.8535042 2.8473880 2.9714966 
Q9Q8S2_9POXV_9_439  0.2501973 0.0000000 0.2774034 0.4232492 0.5788093 0.9182684 0.8520103 2.7799036 2.9791311 
Q9DHT7_YLDV_7_439   0.2517109 0.2774034 0.0000000 0.3168242 0.5506322 0.8710711 0.8121950 2.9491270 2.9290915 
Q8QN08_COWPX_7_436  0.3293508 0.4232492 0.3168242 0.0000000 0.5814566 0.9242011 0.9093145 3.0631939 3.1991262 
Q83155_9POXV_7_438  0.6134166 0.5788093 0.5506322 0.5814566 0.0000000 0.7740023 0.7586664 3.2340721 3.2827316 
V111_FOWPV_3_437    0.9355485 0.9182684 0.8710711 0.9242011 0.7740023 0.0000000 1.1873696 3.1060069 3.4365967 
Q84149_9POXV_53_486 0.8535042 0.8520103 0.8121950 0.9093145 0.7586664 1.1873696 0.0000000 3.6007355 4.0535516 
Q9YVR9_MSEPV_6_454  2.8473880 2.7799036 2.9491270 3.0631939 3.2340721 3.1060069 3.6007355 0.0000000 1.1474827 
Q9EMP6_AMEPV_10_468 2.9714966 2.9791311 2.9290915 3.1991262 3.2827316 3.4365967 4.0535516 1.1474827 0.0000000 
