11
Q980A2_SULSO_7_66  0.0000000 0.5828932 1.4472828 1.3126668 1.1081734 1.6311652 1.8604408 1.4072589 1.6440833 1.3743100 1.3644380 
Q975P1_SULTO_8_67  0.5828932 0.0000000 1.2686774 1.4118468 0.9100171 1.2130278 1.5101666 1.5697799 1.6592623 1.5159524 1.6352989 
Q8PZ97_METMA_3_61  1.4472828 1.2686774 0.0000000 1.0536171 0.9608372 1.3953523 1.3840774 1.3766202 1.8963125 1.5293947 1.3872788 
O29149_ARCFU_3_62  1.3126668 1.4118468 1.0536171 0.0000000 0.7961121 1.2982094 1.2893986 1.2345640 1.5686219 1.2347356 1.1717230 
Q9UY22_PYRAB_2_60  1.1081734 0.9100171 0.9608372 0.7961121 0.0000000 1.1631517 1.2422437 1.0100896 1.6019718 1.5812227 1.3971684 
Q8TVE0_METKA_4_63  1.6311652 1.2130278 1.3953523 1.2982094 1.1631517 0.0000000 1.4263935 1.3142258 2.0910108 1.3469048 1.5381797 
O26365_METTH_3_60  1.8604408 1.5101666 1.3840774 1.2893986 1.2422437 1.4263935 0.0000000 0.7992404 1.2397980 1.4406664 1.5851630 
RPOE2_METJA_1_58   1.4072589 1.5697799 1.3766202 1.2345640 1.0100896 1.3142258 0.7992404 0.0000000 1.1376517 1.5657342 1.6615252 
Q97BH1_THEVO_5_63  1.6440833 1.6592623 1.8963125 1.5686219 1.6019718 2.0910108 1.2397980 1.1376517 0.0000000 1.4356455 1.8997376 
Q8ZSV8_PYRAE_11_71 1.3743100 1.5159524 1.5293947 1.2347356 1.5812227 1.3469048 1.4406664 1.5657342 1.4356455 0.0000000 1.9766065 
Q9HNL2_HALSA_5_65  1.3644380 1.6352989 1.3872788 1.1717230 1.3971684 1.5381797 1.5851630 1.6615252 1.8997376 1.9766065 0.0000000 
