11
O94355_SCHPO_32_158  0.0000000 1.3858044 1.8627856 2.2587251 2.3759741 1.8534071 1.5577183 2.1981429 2.3150123 1.8618677 1.9842408 
Q6CC86_YARLI_83_225  1.3858044 0.0000000 1.6213921 1.7844438 1.4478636 1.8392179 1.5151249 1.4349863 1.3600746 1.4331055 1.5710994 
Q4I2E6_GIBZE_200_343 1.8627856 1.6213921 0.0000000 0.6259612 1.3375363 2.3227948 1.6910240 2.6096275 2.2244364 1.9011476 2.2770530 
Q7S217_NEUCR_36_178  2.2587251 1.7844438 0.6259612 0.0000000 1.2058159 2.7737064 2.0647632 2.2722293 2.0136271 1.7648861 1.8201749 
Q4WTJ7_ASPFU_35_174  2.3759741 1.4478636 1.3375363 1.2058159 0.0000000 1.9759899 1.6816195 2.8025912 2.3225229 1.8194222 2.2084449 
Q6BRA7_DEBHA_31_173  1.8534071 1.8392179 2.3227948 2.7737064 1.9759899 0.0000000 0.3499763 1.7897513 1.5921481 1.5710301 1.7711681 
Q5AMN1_CANAL_40_188  1.5577183 1.5151249 1.6910240 2.0647632 1.6816195 0.3499763 0.0000000 1.7946917 1.3680421 1.2575282 1.4002258 
Q6FRH6_CANGA_68_211  2.1981429 1.4349863 2.6096275 2.2722293 2.8025912 1.7897513 1.7946917 0.0000000 0.5346104 0.5510092 0.7470381 
YBU5_YEAST_84_244    2.3150123 1.3600746 2.2244364 2.0136271 2.3225229 1.5921481 1.3680421 0.5346104 0.0000000 0.6026740 0.7451075 
Q75BH3_ASHGO_52_189  1.8618677 1.4331055 1.9011476 1.7648861 1.8194222 1.5710301 1.2575282 0.5510092 0.6026740 0.0000000 0.4821134 
Q6CVH6_KLULA_53_196  1.9842408 1.5710994 2.2770530 1.8201749 2.2084449 1.7711681 1.4002258 0.7470381 0.7451075 0.4821134 0.0000000 
