24
VE2_BPV1_1_202  0.0000000 0.9290925 0.9840984 1.5126172 1.6124530 1.5294765 1.4075288 1.6001852 2.0280780 1.7342477 1.6174509 1.6705489 1.5235184 1.5794463 1.5506997 1.6299200 1.5545897 1.7137690 1.7428523 1.6686613 1.6645014 1.6307801 1.8784422 1.8726250 
VE2_PAPVE_3_205 0.9290925 0.0000000 0.7153860 2.1730562 1.9750472 2.0166504 2.0827765 1.9549952 2.7315184 2.3695473 2.1677458 2.1064407 1.9946427 2.3840502 1.8895875 1.9884473 1.8454101 1.9808892 2.0037635 2.1513806 1.9128302 1.8090604 2.1062668 2.3014450 
VE2_PAPVD_1_202 0.9840984 0.7153860 0.0000000 2.4257929 1.8062108 1.9137039 2.1079728 2.1200650 2.3018534 2.2839688 2.5087286 2.0118020 2.2694667 2.3424988 1.8701866 2.2818807 2.1527135 1.8940923 1.8932624 1.7573938 1.7118274 1.9178725 1.9210444 1.9529444 
VE2_HPV30_1_201 1.5126172 2.1730562 2.4257929 0.0000000 0.9346395 0.9601788 0.9319423 1.1030005 1.3748087 1.2264075 1.0830824 1.1614682 0.9800522 0.8868795 1.0409846 1.1899377 1.7135210 1.5942090 1.7605018 1.3893444 1.3923219 1.7262197 1.6769663 1.6740391 
VE2_HPV34_2_202 1.6124530 1.9750472 1.8062108 0.9346395 0.0000000 0.7977728 0.9148728 0.8758483 1.1639926 1.0116069 0.9260249 1.0082062 1.0074905 0.9975129 1.1002673 1.1751406 1.4880188 1.5770467 1.3107040 1.3009312 1.2215765 1.6998782 1.5678909 1.5095691 
VE2_HPV11_1_201 1.5294765 2.0166504 1.9137039 0.9601788 0.7977728 0.0000000 0.7396289 0.7876661 1.0698363 1.0379506 1.0621893 1.1610972 1.1097966 1.0753617 1.0594391 0.9983967 1.4438864 1.5049455 1.3895189 1.1482606 1.1204488 1.5213921 1.8907432 1.5545654 
VE2_HPV07_1_201 1.4075288 2.0827765 2.1079728 0.9319423 0.9148728 0.7396289 0.0000000 0.7300733 1.1223540 1.0187969 0.8512408 0.9976797 0.9678839 1.0130356 0.9998501 0.9706583 1.4106120 1.5083790 1.4359571 1.0965587 1.0960944 1.4678187 1.7115422 1.5011489 
VE2_HPV32_1_202 1.6001852 1.9549952 2.1200650 1.1030005 0.8758483 0.7876661 0.7300733 0.0000000 1.1283517 1.0978215 1.0280658 1.1096379 0.9849383 1.0865739 0.8936312 0.9277908 1.4774077 1.3284760 1.3765108 1.3469733 1.3681187 1.6801158 1.6761560 1.4847106 
VE2_HPV33_1_201 2.0280780 2.7315184 2.3018534 1.3748087 1.1639926 1.0698363 1.1223540 1.1283517 0.0000000 0.5673620 0.8767464 0.8364991 1.2061877 1.2349417 1.4211264 1.3690988 1.8042961 1.3763503 1.5568152 1.6105401 1.6100173 1.6113074 1.7288276 1.7077832 
VE2_HPV52_1_201 1.7342477 2.3695473 2.2839688 1.2264075 1.0116069 1.0379506 1.0187969 1.0978215 0.5673620 0.0000000 0.7721971 0.7834096 1.0970592 1.1246429 1.1117894 1.0536119 1.5099973 1.1800466 1.4094638 1.3707770 1.4017112 1.5447652 1.5719412 1.6396879 
VE2_HPV35_2_202 1.6174509 2.1677458 2.5087286 1.0830824 0.9260249 1.0621893 0.8512408 1.0280658 0.8767464 0.7721971 0.0000000 0.4735117 0.9233572 0.9380546 1.2571102 1.0391530 1.4634436 1.4891023 1.8300456 1.5689554 1.4867112 1.6297408 1.5567343 1.7125565 
VE2_HPV16_1_201 1.6705489 2.1064407 2.0118020 1.1614682 1.0082062 1.1610972 0.9976797 1.1096379 0.8364991 0.7834096 0.4735117 0.0000000 1.1099371 1.1153629 1.3046984 1.0810386 1.7500401 1.4730777 1.8044912 1.4719259 1.5997313 1.7675979 1.3599155 1.7588430 
VE2_HPV51_1_200 1.5235184 1.9946427 2.2694667 0.9800522 1.0074905 1.1097966 0.9678839 0.9849383 1.2061877 1.0970592 0.9233572 1.1099371 0.0000000 0.5548679 1.0838288 0.9996762 1.5024416 1.3163347 1.5996270 1.5546353 1.5439629 1.8219685 1.7121307 1.6468263 
VE2_HPV26_1_201 1.5794463 2.3840502 2.3424988 0.8868795 0.9975129 1.0753617 1.0130356 1.0865739 1.2349417 1.1246429 0.9380546 1.1153629 0.5548679 0.0000000 1.1931191 1.2007699 1.6987907 1.6042493 1.7022079 1.4805351 1.3949418 2.0714178 1.7430900 1.4324639 
VE2_HPV27_1_203 1.5506997 1.8895875 1.8701866 1.0409846 1.1002673 1.0594391 0.9998501 0.8936312 1.4211264 1.1117894 1.2571102 1.3046984 1.0838288 1.1931191 0.0000000 0.7764190 1.5778408 1.3378643 1.4984724 1.3818555 1.2789550 1.5363820 1.5411380 1.6044711 
VE2_HPV03_1_203 1.6299200 1.9884473 2.2818807 1.1899377 1.1751406 0.9983967 0.9706583 0.9277908 1.3690988 1.0536119 1.0391530 1.0810386 0.9996762 1.2007699 0.7764190 0.0000000 1.4898473 1.3725553 1.4593959 1.2945371 1.4221703 1.5258110 1.6534490 1.7526763 
VE2_HPV05_1_202 1.5545897 1.8454101 2.1527135 1.7135210 1.4880188 1.4438864 1.4106120 1.4774077 1.8042961 1.5099973 1.4634436 1.7500401 1.5024416 1.6987907 1.5778408 1.4898473 0.0000000 0.8019903 0.7559087 1.1463334 0.9515661 1.2803832 1.2714337 1.5377605 
VE2_HPV49_1_202 1.7137690 1.9808892 1.8940923 1.5942090 1.5770467 1.5049455 1.5083790 1.3284760 1.3763503 1.1800466 1.4891023 1.4730777 1.3163347 1.6042493 1.3378643 1.3725553 0.8019903 0.0000000 0.5855657 1.1128139 1.0856745 1.3381409 1.1373066 1.5703100 
VE2_HPV09_1_202 1.7428523 2.0037635 1.8932624 1.7605018 1.3107040 1.3895189 1.4359571 1.3765108 1.5568152 1.4094638 1.8300456 1.8044912 1.5996270 1.7022079 1.4984724 1.4593959 0.7559087 0.5855657 0.0000000 1.0834189 0.9882342 1.2808644 1.3327996 1.9153558 
VE2_HPV63_1_203 1.6686613 2.1513806 1.7573938 1.3893444 1.3009312 1.1482606 1.0965587 1.3469733 1.6105401 1.3707770 1.5689554 1.4719259 1.5546353 1.4805351 1.3818555 1.2945371 1.1463334 1.1128139 1.0834189 0.0000000 0.4134936 1.1403538 1.6568863 1.2573058 
VE2_HPV1A_1_203 1.6645014 1.9128302 1.7118274 1.3923219 1.2215765 1.1204488 1.0960944 1.3681187 1.6100173 1.4017112 1.4867112 1.5997313 1.5439629 1.3949418 1.2789550 1.4221703 0.9515661 1.0856745 0.9882342 0.4134936 0.0000000 1.1019406 1.6229603 1.1304947 
VE2_CRPVK_1_203 1.6307801 1.8090604 1.9178725 1.7262197 1.6998782 1.5213921 1.4678187 1.6801158 1.6113074 1.5447652 1.6297408 1.7675979 1.8219685 2.0714178 1.5363820 1.5258110 1.2803832 1.3381409 1.2808644 1.1403538 1.1019406 0.0000000 1.5715058 1.6089902 
VE2_HPV04_1_203 1.8784422 2.1062668 1.9210444 1.6769663 1.5678909 1.8907432 1.7115422 1.6761560 1.7288276 1.5719412 1.5567343 1.3599155 1.7121307 1.7430900 1.5411380 1.6534490 1.2714337 1.1373066 1.3327996 1.6568863 1.6229603 1.5715058 0.0000000 1.7898404 
VE2_HPV41_4_206 1.8726250 2.3014450 1.9529444 1.6740391 1.5095691 1.5545654 1.5011489 1.4847106 1.7077832 1.6396879 1.7125565 1.7588430 1.6468263 1.4324639 1.6044711 1.7526763 1.5377605 1.5703100 1.9153558 1.2573058 1.1304947 1.6089902 1.7898404 0.0000000 
