6
RS26_DROME_1_114  0.0000000 0.3031951 0.2258265 0.5452271 0.5812401 0.6393883 
RS26_OCTVU_1_114  0.3031951 0.0000000 0.1735555 0.4451292 0.5149514 0.5875653 
RS26_CRICR_1_113  0.2258265 0.1735555 0.0000000 0.4030888 0.5110863 0.6213218 
RS26_NEUCR_1_114  0.5452271 0.4451292 0.4030888 0.0000000 0.4202649 0.6913487 
RS26A_YEAST_1_113 0.5812401 0.5149514 0.5110863 0.4202649 0.0000000 0.8391801 
RS26_ORYSA_1_120  0.6393883 0.5875653 0.6213218 0.6913487 0.8391801 0.0000000 
