24
CYSE_BUCAI_9_113     0.0000000 0.5435494 2.0913377 2.1447958 2.0970631 1.8234687 0.8259281 0.9493120 0.9511834 1.3564913 1.6605126 1.6109613 1.9260475 1.9503467 2.2403526 1.9157391 2.3401583 2.0452808 1.9401421 1.6956200 1.4458772 3.2748784 1.8617735 3.4196077 
CYSE_BUCAP_9_113     0.5435494 0.0000000 1.9459793 2.0180284 2.2055727 2.0137929 0.9307953 0.9523201 1.1116492 1.6800663 1.5763806 1.5812998 1.8062894 1.8354472 2.0955929 2.1115795 2.0396232 1.9237799 1.7836762 1.8726867 1.7606067 2.7539004 1.8324595 2.7438127 
Q8YHR2_BRUME_41_145  2.0913377 1.9459793 0.0000000 0.3824323 0.4571004 0.5604345 1.3140404 1.0940514 1.3752260 1.2803474 1.3053223 1.1423488 1.5970748 1.6985560 1.4805124 1.0586993 1.6583718 1.0516689 1.4124907 1.7227518 2.0567565 2.1069253 2.6552244 2.7850961 
Q98NE5_RHILO_7_111   2.1447958 2.0180284 0.3824323 0.0000000 0.4026730 0.4670606 1.3073123 1.1650311 1.4207471 0.9996062 1.3485879 1.2318099 1.6951450 1.6661085 1.5762012 1.0134093 2.0265585 1.1960456 1.3543005 1.7074955 1.9261795 2.3027625 2.5010620 2.4441860 
Q92Q66_RHIME_19_123  2.0970631 2.2055727 0.4571004 0.4026730 0.0000000 0.2853330 1.3258340 1.1355692 1.3731405 1.1586208 1.3305470 1.1482767 1.3549663 1.4564393 1.4322210 0.9967565 1.6358627 1.0028709 1.2677221 1.5947706 1.8797841 2.2069282 2.2768793 2.5361095 
Q8UF29_AGRT5_26_130  1.8234687 2.0137929 0.5604345 0.4670606 0.2853330 0.0000000 1.3831719 1.2927656 1.4330505 1.2809627 1.3244729 1.3447092 1.4527983 1.3400997 1.4072173 1.0059078 1.5896538 1.0033986 1.2994126 1.5455430 1.5521475 2.2714890 2.5399280 2.6887964 
CYSE_SHIFL_9_113     0.8259281 0.9307953 1.3140404 1.3073123 1.3258340 1.3831719 0.0000000 0.3571894 0.4790998 0.8016740 0.9674131 1.0111303 1.0305785 1.0609732 0.9264647 1.1512491 1.4280090 1.2382933 1.3040931 1.7036280 1.7293182 2.0022293 1.6727550 2.7621703 
CYSE_HAEIN_5_109     0.9493120 0.9523201 1.0940514 1.1650311 1.1355692 1.2927656 0.3571894 0.0000000 0.4972286 0.8799407 0.9684380 0.9708430 1.0184804 1.1148186 1.1296071 0.8592400 1.1600022 1.1136883 1.3073587 1.6557439 1.7987620 2.3933054 1.6747502 2.5636958 
Q8DCW5_VIBVU_9_113   0.9511834 1.1116492 1.3752260 1.4207471 1.3731405 1.4330505 0.4790998 0.4972286 0.0000000 1.1151269 1.0837883 1.0320243 1.2875211 1.4538181 1.4694076 1.4458675 1.5977757 1.2900807 1.6205811 1.7768543 1.6862049 2.6178346 1.7703752 2.8858532 
Q9JR86_NEIMA_13_117  1.3564913 1.6800663 1.2803474 0.9996062 1.1586208 1.2809627 0.8016740 0.8799407 1.1151269 0.0000000 1.2925337 1.4142309 1.2368648 1.2016466 1.0490634 0.8802181 1.5670146 1.0129412 1.0387089 1.4269358 1.5395146 1.8103881 1.5556980 2.5319862 
Q8H8D0_ORYSA_80_184  1.6605126 1.5763806 1.3053223 1.3485879 1.3305470 1.3244729 0.9674131 0.9684380 1.0837883 1.2925337 0.0000000 0.3604470 1.0213832 0.9388368 0.9642792 1.0501417 1.3356483 0.9300167 1.4304643 1.3794723 1.3380490 2.0498684 1.9846559 2.6683868 
SAT4_ARATH_73_177    1.6109613 1.5812998 1.1423488 1.2318099 1.1482767 1.3447092 1.0111303 0.9708430 1.0320243 1.4142309 0.3604470 0.0000000 0.9315060 0.8331039 0.9408801 0.8648444 1.3319014 1.0346739 1.1493600 1.0938852 1.1269745 1.9860076 1.4397260 2.1393479 
Q9MAZ3_ALLTU_23_127  1.9260475 1.8062894 1.5970748 1.6951450 1.3549663 1.4527983 1.0305785 1.0184804 1.2875211 1.2368648 1.0213832 0.9315060 0.0000000 0.2051704 0.2286275 0.6414822 1.4508674 1.1381896 1.1192637 1.1644458 1.0040333 1.4164439 1.9391075 2.4575469 
Q8W199_SOYBN_20_124  1.9503467 1.8354472 1.6985560 1.6661085 1.4564393 1.3400997 1.0609732 1.1148186 1.4538181 1.2016466 0.9388368 0.8331039 0.2051704 0.0000000 0.2611142 0.6289005 1.3908777 1.1330597 1.1628271 0.9605589 0.9231021 1.2986888 1.7902849 2.5446947 
Q8W0E4_ORYSA_41_145  2.2403526 2.0955929 1.4805124 1.5762012 1.4322210 1.4072173 0.9264647 1.1296071 1.4694076 1.0490634 0.9642792 0.9408801 0.2286275 0.2611142 0.0000000 0.6492116 1.2135030 0.9407510 1.1364274 1.1814611 1.1821894 1.1606411 1.8486880 2.5489345 
Q8LPN9_CHLRE_133_237 1.9157391 2.1115795 1.0586993 1.0134093 0.9967565 1.0059078 1.1512491 0.8592400 1.4458675 0.8802181 1.0501417 0.8648444 0.6414822 0.6289005 0.6492116 0.0000000 1.0689703 0.8528847 1.0196503 1.3613359 1.4344598 1.7198208 1.7831254 2.0053224 
Q9SLZ8_CYAME_117_221 2.3401583 2.0396232 1.6583718 2.0265585 1.6358627 1.5896538 1.4280090 1.1600022 1.5977757 1.5670146 1.3356483 1.3319014 1.4508674 1.3908777 1.2135030 1.0689703 0.0000000 0.7538045 1.3393686 1.7996669 2.0731900 2.2185927 2.3784709 2.9011980 
Q94IE5_CYAME_115_219 2.0452808 1.9237799 1.0516689 1.1960456 1.0028709 1.0033986 1.2382933 1.1136883 1.2900807 1.0129412 0.9300167 1.0346739 1.1381896 1.1330597 0.9407510 0.8528847 0.7538045 0.0000000 0.9977240 1.3979421 1.4591314 1.3785327 2.2293176 2.1541373 
Q9A518_CAUCR_16_120  1.9401421 1.7836762 1.4124907 1.3543005 1.2677221 1.2994126 1.3040931 1.3073587 1.6205811 1.0387089 1.4304643 1.1493600 1.1192637 1.1628271 1.1364274 1.0196503 1.3393686 0.9977240 0.0000000 1.4903852 1.3681567 1.6519549 1.8566311 1.9006160 
SAT3_ARATH_110_214   1.6956200 1.8726867 1.7227518 1.7074955 1.5947706 1.5455430 1.7036280 1.6557439 1.7768543 1.4269358 1.3794723 1.0938852 1.1644458 0.9605589 1.1814611 1.3613359 1.7996669 1.3979421 1.4903852 0.0000000 0.3048405 1.2060510 1.8143790 2.6616280 
SAT1_ARATH_48_152    1.4458772 1.7606067 2.0567565 1.9261795 1.8797841 1.5521475 1.7293182 1.7987620 1.6862049 1.5395146 1.3380490 1.1269745 1.0040333 0.9231021 1.1821894 1.4344598 2.0731900 1.4591314 1.3681567 0.3048405 0.0000000 1.3792142 2.0899105 2.6706333 
Q8GZP7_MAIZE_51_155  3.2748784 2.7539004 2.1069253 2.3027625 2.2069282 2.2714890 2.0022293 2.3933054 2.6178346 1.8103881 2.0498684 1.9860076 1.4164439 1.2986888 1.1606411 1.7198208 2.2185927 1.3785327 1.6519549 1.2060510 1.3792142 0.0000000 2.4356436 2.2634559 
Q8KCI5_CHLTE_6_110   1.8617735 1.8324595 2.6552244 2.5010620 2.2768793 2.5399280 1.6727550 1.6747502 1.7703752 1.5556980 1.9846559 1.4397260 1.9391075 1.7902849 1.8486880 1.7831254 2.3784709 2.2293176 1.8566311 1.8143790 2.0899105 2.4356436 0.0000000 3.0972376 
Q9US33_SCHPO_16_121  3.4196077 2.7438127 2.7850961 2.4441860 2.5361095 2.6887964 2.7621703 2.5636958 2.8858532 2.5319862 2.6683868 2.1393479 2.4575469 2.5446947 2.5489345 2.0053224 2.9011980 2.1541373 1.9006160 2.6616280 2.6706333 2.2634559 3.0972376 0.0000000 
