17
RPOP_PODAN_509_948   0.0000000 0.6453904 0.9848826 1.1421489 1.7727478 2.0223066 1.9788556 2.1982421 2.1113433 2.1676159 1.9457157 2.1918103 2.4641760 2.4184301 2.1510103 1.8952283 4.5422059 
O20533_9EURO_1_441   0.6453904 0.0000000 1.1771708 1.2204608 1.7710595 1.4130946 2.5509816 2.1927420 2.1576549 2.2037725 1.9892784 2.0323341 2.6835907 2.3445646 2.0807376 2.5595963 5.6545600 
RPOP_CLAPU_483_936   0.9848826 1.1771708 0.0000000 2.2325885 2.2087746 2.6234921 1.9766422 2.3538436 2.4857857 2.4471429 2.4562708 2.7490341 3.2890713 2.8032778 3.5337675 2.3280358 5.5533296 
RPOP_NEUCR_463_896   1.1421489 1.2204608 2.2325885 0.0000000 1.1414750 1.8696671 1.6874915 1.7064276 1.5977991 1.7051621 1.5777527 1.6194602 1.8359654 1.5478052 1.6860935 2.9008411 3.5933037 
RPOP_GELSP_404_830   1.7727478 1.7710595 2.2087746 1.1414750 0.0000000 1.9769774 1.9240489 2.2017975 1.9185486 2.1561297 1.8630191 2.3170770 1.6534063 1.4055975 1.6589271 2.3781561 4.0745381 
RPOP_AGABT_644_1102  2.0223066 1.4130946 2.6234921 1.8696671 1.9769774 0.0000000 2.2022204 2.4300599 2.2243982 2.1141682 2.1747199 2.0970685 2.3651192 2.3272639 2.6316119 3.6152897 4.1211149 
RPOM_YEAST_854_1351  1.9788556 2.5509816 1.9766422 1.6874915 1.9240489 2.2022204 0.0000000 0.3427029 0.3613471 0.3584749 0.3756995 0.4545234 1.5814597 1.5405284 1.6403020 2.4567359 4.2297851 
RPOM_SCHPO_696_1120  2.1982421 2.1927420 2.3538436 1.7064276 2.2017975 2.4300599 0.3427029 0.0000000 0.6403904 0.4916984 0.4543643 0.6007237 1.7965816 1.6248888 1.9289932 3.5222092 4.9662412 
RPOT3_ARATH_601_993  2.1113433 2.1576549 2.4857857 1.5977991 1.9185486 2.2243982 0.3613471 0.6403904 0.0000000 0.2194490 0.1661645 0.3939872 1.3259174 1.4116945 1.5809315 2.6959985 4.9279961 
RPOT1_ARATH_584_976  2.1676159 2.2037725 2.4471429 1.7051621 2.1561297 2.1141682 0.3584749 0.4916984 0.2194490 0.0000000 0.1050519 0.4135055 1.4692420 1.4045865 1.5601594 2.5617484 4.8133336 
RPOT2_ARATH_619_1011 1.9457157 1.9892784 2.4562708 1.5777527 1.8630191 2.1747199 0.3756995 0.4543643 0.1661645 0.1050519 0.0000000 0.4164054 1.2595423 1.3120195 1.4126318 2.7341379 4.6551151 
RPOM_HUMAN_830_1230  2.1918103 2.0323341 2.7490341 1.6194602 2.3170770 2.0970685 0.4545234 0.6007237 0.3939872 0.4135055 0.4164054 0.0000000 1.0735715 1.1869992 1.4007656 2.8345904 4.0330195 
RPOL_BPK11_472_906   2.4641760 2.6835907 3.2890713 1.8359654 1.6534063 2.3651192 1.5814597 1.7965816 1.3259174 1.4692420 1.2595423 1.0735715 0.0000000 0.1641598 1.1234084 3.5251799 4.2686864 
RPOL_BPT7_449_883    2.4184301 2.3445646 2.8032778 1.5478052 1.4055975 2.3272639 1.5405284 1.6248888 1.4116945 1.4045865 1.3120195 1.1869992 0.1641598 0.0000000 1.0144253 3.6367626 3.9506001 
RPOL_BPSP6_440_874   2.1510103 2.0807376 3.5337675 1.6860935 1.6589271 2.6316119 1.6403020 1.9289932 1.5809315 1.5601594 1.4126318 1.4007656 1.1234084 1.0144253 0.0000000 3.0121707 4.1863745 
O21375_PICKL_483_989 1.8952283 2.5595963 2.3280358 2.9008411 2.3781561 3.6152897 2.4567359 3.5222092 2.6959985 2.5617484 2.7341379 2.8345904 3.5251799 3.6367626 3.0121707 0.0000000 5.7916090 
RPOP_MAIZE_565_1097  4.5422059 5.6545600 5.5533296 3.5933037 4.0745381 4.1211149 4.2297851 4.9662412 4.9279961 4.8133336 4.6551151 4.0330195 4.2686864 3.9506001 4.1863745 5.7916090 0.0000000 
