7
RS6_DROME_1_127  0.0000000 0.1606934 0.2068711 0.4431876 0.4728539 2.1810194 1.4107152 
RS6_MANSE_1_127  0.1606934 0.0000000 0.2096129 0.4433836 0.4160845 1.9090337 1.5866636 
RS6_CHICK_1_127  0.2068711 0.2096129 0.0000000 0.4040859 0.4623203 1.9393900 1.4535070 
RS6A_SCHPO_1_127 0.4431876 0.4433836 0.4040859 0.0000000 0.3450268 1.8163660 1.4447580 
RS6_KLUMA_1_127  0.4728539 0.4160845 0.4623203 0.3450268 0.0000000 1.7427923 1.5432051 
RS6E_HALMA_3_125 2.1810194 1.9090337 1.9393900 1.8163660 1.7427923 0.0000000 1.1730682 
RS6E_METJA_4_123 1.4107152 1.5866636 1.4535070 1.4447580 1.5432051 1.1730682 0.0000000 
