20
O67484_AQUAE_316_522  0.0000000 0.4905032 0.5174726 0.5110843 0.6029903 0.6246482 1.0044023 0.8924863 0.9511507 3.1037982 3.1647862 2.9464268 2.9888437 2.7261377 3.2034394 3.1641241 2.9643348 2.2384509 2.2690156 2.0622293 
O29016_ARCFU_271_458  0.4905032 0.0000000 0.3348126 0.3860464 0.3878066 0.4180014 0.5657839 0.7149500 0.7238201 3.0099795 3.1559830 3.1335891 3.3594014 2.9396188 3.0204652 3.1140087 2.9246792 2.1678249 2.7740046 2.4162261 
O58564_PYRHO_290_489  0.5174726 0.3348126 0.0000000 0.3427412 0.4617508 0.5206792 0.7767393 0.8155250 0.7901387 2.1084775 2.3779352 2.4062606 2.3553928 2.2290136 2.5593794 2.3170392 2.4834775 1.6395478 2.2451380 2.0321381 
O67544_AQUAE_292_490  0.5110843 0.3860464 0.3427412 0.0000000 0.4592352 0.4641834 0.8223260 0.8673211 0.7499865 2.1350482 2.3265831 2.3124349 2.2908625 2.1635625 2.3800339 2.4303612 2.4195350 1.8159848 2.2003501 2.0315921 
PYCB_METJA_290_487    0.6029903 0.3878066 0.4617508 0.4592352 0.0000000 0.3218424 0.5130759 0.5086875 0.5866448 2.4250967 2.6297794 2.5180564 2.5691337 2.5079374 2.4627372 2.4833941 2.5993376 1.9529195 2.3933967 2.0777699 
PYCB_METTH_292_488    0.6246482 0.4180014 0.5206792 0.4641834 0.3218424 0.0000000 0.6926959 0.6985101 0.7462337 2.7867996 2.8606839 2.6613685 2.6999843 2.7592125 2.6447892 2.7992615 2.8197719 2.1346548 2.2923436 2.1360595 
DCOA_KLEPN_289_495    1.0044023 0.5657839 0.7767393 0.8223260 0.5130759 0.6926959 0.0000000 0.5265227 0.7884198 2.6332946 2.9370112 3.0106880 2.9922208 2.6327159 2.9168662 2.6311482 2.8321624 2.3286318 2.5364467 2.1959679 
O83095_TREPA_292_492  0.8924863 0.7149500 0.8155250 0.8673211 0.5086875 0.6985101 0.5265227 0.0000000 0.5377320 2.4146292 3.0184368 2.7042400 2.9558571 2.6649636 2.9319025 2.9618460 2.3292980 2.4776628 2.8682426 2.5388508 
5S_PROFR_302_486      0.9511507 0.7238201 0.7901387 0.7499865 0.5866448 0.7462337 0.7884198 0.5377320 0.0000000 3.0006342 3.0854174 2.9344921 2.9314819 2.3765415 2.4095908 2.6673972 2.6754552 2.0128982 2.6919898 2.2151849 
PYC_ASPTE_874_1081    3.1037982 3.0099795 2.1084775 2.1350482 2.4250967 2.7867996 2.6332946 2.4146292 3.0006342 0.0000000 0.2363032 0.2586001 0.3060010 0.5629292 0.5957042 0.5713236 0.7683119 0.7749337 1.0775796 1.0899415 
PYC1_YEAST_851_1059   3.1647862 3.1559830 2.3779352 2.3265831 2.6297794 2.8606839 2.9370112 3.0184368 3.0854174 0.2363032 0.0000000 0.2050390 0.3037767 0.4754886 0.5382839 0.4877713 0.8227320 0.8036910 1.0576534 1.2716829 
PYC_PICPA_853_1064    2.9464268 3.1335891 2.4062606 2.3124349 2.5180564 2.6613685 3.0106880 2.7042400 2.9344921 0.2586001 0.2050390 0.0000000 0.3174084 0.6127410 0.6018159 0.6023331 0.8739306 0.7952961 1.0073103 1.1603600 
PYC_SCHPO_865_1073    2.9888437 3.3594014 2.3553928 2.2908625 2.5691337 2.6999843 2.9922208 2.9558571 2.9314819 0.3060010 0.3037767 0.3174084 0.0000000 0.4484265 0.5752017 0.5940983 0.7707710 0.7828104 0.9316668 1.0884380 
O17732_CAEEL_857_1064 2.7261377 2.9396188 2.2290136 2.1635625 2.5079374 2.7592125 2.6327159 2.6649636 2.3765415 0.5629292 0.4754886 0.6127410 0.4484265 0.0000000 0.4315814 0.4212464 0.7338122 0.6935434 0.9992227 1.0887225 
PYC_HUMAN_861_1068    3.2034394 3.0204652 2.5593794 2.3800339 2.4627372 2.6447892 2.9168662 2.9319025 2.4095908 0.5957042 0.5382839 0.6018159 0.5752017 0.4315814 0.0000000 0.3338690 0.8511058 0.8804194 1.1078466 1.1851332 
Q16921_AEDAE_878_1085 3.1641241 3.1140087 2.3170392 2.4303612 2.4833941 2.7992615 2.6311482 2.9618460 2.6673972 0.5713236 0.4877713 0.6023331 0.5940983 0.4212464 0.3338690 0.0000000 0.9465626 0.7429703 0.9867060 1.0351434 
Q59740_RHIET_835_1042 2.9643348 2.9246792 2.4834775 2.4195350 2.5993376 2.8197719 2.8321624 2.3292980 2.6754552 0.7683119 0.8227320 0.8739306 0.7707710 0.7338122 0.8511058 0.9465626 0.0000000 0.7123901 0.9561212 0.9690030 
P94448_BACST_829_1036 2.2384509 2.1678249 1.6395478 1.8159848 1.9529195 2.1346548 2.3286318 2.4776628 2.0128982 0.7749337 0.8036910 0.7952961 0.7828104 0.6935434 0.8804194 0.7429703 0.7123901 0.0000000 1.0974408 1.0599132 
P95127_MYCTU_820_1018 2.2690156 2.7740046 2.2451380 2.2003501 2.3933967 2.2923436 2.5364467 2.8682426 2.6919898 1.0775796 1.0576534 1.0073103 0.9316668 0.9992227 1.1078466 0.9867060 0.9561212 1.0974408 0.0000000 0.3376407 
O54587_CORGL_830_1031 2.0622293 2.4162261 2.0321381 2.0315921 2.0777699 2.1360595 2.1959679 2.5388508 2.2151849 1.0899415 1.2716829 1.1603600 1.0884380 1.0887225 1.1851332 1.0351434 0.9690030 1.0599132 0.3376407 0.0000000 
