16
O96111_PLAF7_29_304 0.0000000 0.2105438 0.2387257 0.7235366 2.7072982 2.8422799 3.0452503 3.0443815 3.0261028 3.3554058 3.6144524 3.2828261 3.3275040 2.9049782 3.0130314 3.0612378 
O96118_PLAF7_22_298 0.2105438 0.0000000 0.2205949 0.6520779 2.7047954 2.9221563 3.1641882 3.1460653 2.8895973 3.2617078 3.3718282 3.1567043 3.1649936 3.0350019 2.9718606 2.9445764 
O96291_PLAF7_22_297 0.2387257 0.2205949 0.0000000 0.7441964 2.8075016 3.0432326 3.3297080 3.2531292 2.8767476 3.3591478 3.5734731 3.3345377 3.4006107 3.0128063 3.1793062 3.1270955 
O96283_PLAF7_23_303 0.7235366 0.6520779 0.7441964 0.0000000 2.6538359 2.6998966 2.9832595 2.9519882 2.8448139 2.7808921 2.8289002 2.9102917 2.7698754 2.4968267 2.9031844 2.5906307 
O96116_PLAF7_22_312 2.7072982 2.7047954 2.8075016 2.6538359 0.0000000 0.2000123 0.1677736 0.2312852 0.5076545 0.4822448 0.5501941 0.4952180 0.5058386 0.3828270 0.4433997 0.5187424 
O96288_PLAF7_25_316 2.8422799 2.9221563 3.0432326 2.6998966 0.2000123 0.0000000 0.2363357 0.1457949 0.4414353 0.4385197 0.5395329 0.5051138 0.5004650 0.3528190 0.4375054 0.5342567 
O96293_PLAF7_25_345 3.0452503 3.1641882 3.3297080 2.9832595 0.1677736 0.2363357 0.0000000 0.1912001 0.6360888 0.5262348 0.6271309 0.6394921 0.5552912 0.4580315 0.5434460 0.6514404 
O96290_PLAF7_25_348 3.0443815 3.1460653 3.2531292 2.9519882 0.2312852 0.1457949 0.1912001 0.0000000 0.4865759 0.4768500 0.5864982 0.5316495 0.4737047 0.3978495 0.4197609 0.5262507 
O96289_PLAF7_20_368 3.0261028 2.8895973 2.8767476 2.8448139 0.5076545 0.4414353 0.6360888 0.4865759 0.0000000 0.4768593 0.3408542 0.3645763 0.4198838 0.3912290 0.2717859 0.3861076 
O96113_PLAF7_37_387 3.3554058 3.2617078 3.3591478 2.7808921 0.4822448 0.4385197 0.5262348 0.4768500 0.4768593 0.0000000 0.2522820 0.4887838 0.4271865 0.3615895 0.5287999 0.4749738 
O96112_PLAF7_20_370 3.6144524 3.3718282 3.5734731 2.8289002 0.5501941 0.5395329 0.6271309 0.5864982 0.3408542 0.2522820 0.0000000 0.2195881 0.3693945 0.4448694 0.3275727 0.4619004 
O96295_PLAF7_20_327 3.2828261 3.1567043 3.3345377 2.9102917 0.4952180 0.5051138 0.6394921 0.5316495 0.3645763 0.4887838 0.2195881 0.0000000 0.3458911 0.3800649 0.3125876 0.4120871 
O96292_PLAF7_9_319  3.3275040 3.1649936 3.4006107 2.7698754 0.5058386 0.5004650 0.5552912 0.4737047 0.4198838 0.4271865 0.3693945 0.3458911 0.0000000 0.3414590 0.4640598 0.4186648 
O96109_PLAF7_25_334 2.9049782 3.0350019 3.0128063 2.4968267 0.3828270 0.3528190 0.4580315 0.3978495 0.3912290 0.3615895 0.4448694 0.3800649 0.3414590 0.0000000 0.4395725 0.2746982 
O96114_PLAF7_20_330 3.0130314 2.9718606 3.1793062 2.9031844 0.4433997 0.4375054 0.5434460 0.4197609 0.2717859 0.5287999 0.3275727 0.3125876 0.4640598 0.4395725 0.0000000 0.4824523 
O96117_PLAF7_25_361 3.0612378 2.9445764 3.1270955 2.5906307 0.5187424 0.5342567 0.6514404 0.5262507 0.3861076 0.4749738 0.4619004 0.4120871 0.4186648 0.2746982 0.4824523 0.0000000 
