17
MSRAB_HAEIN_43_196 0.0000000 0.3087554 0.5226456 0.9013383 0.8801503 1.1300865 1.4265553 1.3477954 1.2064093 1.2947351 1.2853134 1.3407033 1.2673787 1.5062707 0.9573880 1.8228263 1.9386136 
MSRAB_HELPY_36_189 0.3087554 0.0000000 0.4709072 0.9660700 0.9420610 1.1314414 1.3990091 1.4351025 1.3262595 1.3469531 1.3086850 1.3759654 1.2659359 1.9209039 0.9850666 1.6877149 2.0313281 
MSAB1_STRR6_2_155  0.5226456 0.4709072 0.0000000 0.8599344 0.8102072 1.1610027 1.3334431 1.3183477 1.3203597 1.3814845 1.2875037 1.2613555 1.1352037 1.9267161 1.0580801 2.0202054 1.8968894 
MSRA_MYCPN_2_157   0.9013383 0.9660700 0.8599344 0.0000000 0.1892569 1.1456924 1.2470160 1.1972205 1.0301042 1.0898415 1.4948184 1.5690796 0.8893091 1.5406730 1.3203564 2.4731787 1.9345186 
MSRA_MYCGE_2_157   0.8801503 0.9420610 0.8102072 0.1892569 0.0000000 1.1167043 1.1474484 1.1352365 1.1023782 1.0756956 1.5000975 1.5307285 0.8942398 1.4469508 1.2211094 2.3168923 2.0309409 
MSRA_YEAST_17_180  1.1300865 1.1314414 1.1610027 1.1456924 1.1167043 0.0000000 1.1873520 1.1008153 1.1334279 0.8583791 1.2917455 1.2863274 0.9223400 1.7424629 1.1316053 1.4562387 1.4022886 
MSRA_SHIFL_43_203  1.4265553 1.3990091 1.3334431 1.2470160 1.1474484 1.1873520 0.0000000 0.4009229 0.4224279 0.8135561 0.8954217 0.8527108 0.9074061 1.0413641 0.8549036 1.5735026 1.1329217 
MSRA_BOVIN_64_223  1.3477954 1.4351025 1.3183477 1.1972205 1.1352365 1.1008153 0.4009229 0.0000000 0.3633506 0.7534981 1.2558539 1.2631857 1.0211675 1.1320534 0.9207776 1.4580945 1.2612479 
MSRA1_SYNY3_49_208 1.2064093 1.3262595 1.3203597 1.0301042 1.1023782 1.1334279 0.4224279 0.3633506 0.0000000 0.6646225 1.1811039 1.2611179 0.8298334 1.2734678 1.0342670 1.4665176 1.3206721 
MSRA_METTH_8_165   1.2947351 1.3469531 1.3814845 1.0898415 1.0756956 0.8583791 0.8135561 0.7534981 0.6646225 0.0000000 0.7788700 0.7863870 0.7924749 1.1168576 1.0211844 1.1245011 1.4073402 
MSRA_MYCTU_5_158   1.2853134 1.3086850 1.2875037 1.4948184 1.5000975 1.2917455 0.8954217 1.2558539 1.1811039 0.7788700 0.0000000 0.3250112 0.8460512 1.3967486 0.9812795 1.4177542 1.5099819 
MSRA_PSEFL_6_159   1.3407033 1.3759654 1.2613555 1.5690796 1.5307285 1.2863274 0.8527108 1.2631857 1.2611179 0.7863870 0.3250112 0.0000000 0.7496318 1.3512956 0.9905894 1.4120612 1.3929952 
MSRA_SCHPO_2_163   1.2673787 1.2659359 1.1352037 0.8893091 0.8942398 0.9223400 0.9074061 1.0211675 0.8298334 0.7924749 0.8460512 0.7496318 0.0000000 1.2050498 1.2281980 1.5235298 1.5754074 
MSRA_BACSU_6_163   1.5062707 1.9209039 1.9267161 1.5406730 1.4469508 1.7424629 1.0413641 1.1320534 1.2734678 1.1168576 1.3967486 1.3512956 1.2050498 0.0000000 1.3573704 2.0101569 1.9579969 
MSRA2_SYNY3_37_195 0.9573880 0.9850666 1.0580801 1.3203564 1.2211094 1.1316053 0.8549036 0.9207776 1.0342670 1.0211844 0.9812795 0.9905894 1.2281980 1.3573704 0.0000000 1.5713133 1.3919907 
O02089_CAEEL_5_148 1.8228263 1.6877149 2.0202054 2.4731787 2.3168923 1.4562387 1.5735026 1.4580945 1.4665176 1.1245011 1.4177542 1.4120612 1.5235298 2.0101569 1.5713133 0.0000000 1.2878529 
MSRA_DROME_40_188  1.9386136 2.0313281 1.8968894 1.9345186 2.0309409 1.4022886 1.1329217 1.2612479 1.3206721 1.4073402 1.5099819 1.3929952 1.5754074 1.9579969 1.3919907 1.2878529 0.0000000 
