10
PTLA_STRMU_7_102    0.0000000 0.3380167 0.4591157 1.0184131 1.8041827 1.6330282 1.8288737 1.7982615 2.2339578 1.7399803 
PTLA_STAAW_7_102    0.3380167 0.0000000 0.3141734 1.0040345 1.6331704 1.3557480 1.8317548 1.9253015 1.8353912 1.8502693 
PTLA_LACLA_7_102    0.4591157 0.3141734 0.0000000 0.9808174 1.6686154 1.2058593 1.6610836 1.7903355 1.8099433 1.6777312 
PTLA_LACCA_9_104    1.0184131 1.0040345 0.9808174 0.0000000 1.3529576 1.3030883 2.1454946 1.5848767 1.6782493 2.1291103 
PTJA_BACSU_6_101    1.8041827 1.6331704 1.6686154 1.3529576 0.0000000 0.5406942 1.3788641 1.2414270 1.6012067 2.5187415 
PTEA_BACST_5_100    1.6330282 1.3557480 1.2058593 1.3030883 0.5406942 0.0000000 1.2229188 1.2260976 1.4237812 2.7576279 
Q9Z9T5_BACHD_12_107 1.8288737 1.8317548 1.6610836 2.1454946 1.3788641 1.2229188 0.0000000 0.5280345 1.8352993 2.2999416 
O05506_BACSU_12_107 1.7982615 1.9253015 1.7903355 1.5848767 1.2414270 1.2260976 0.5280345 0.0000000 1.8824588 2.3625151 
PTQA_SHIFL_18_113   2.2339578 1.8353912 1.8099433 1.6782493 1.6012067 1.4237812 1.8352993 1.8824588 0.0000000 2.1075843 
O50981_BORBU_13_109 1.7399803 1.8502693 1.6777312 2.1291103 2.5187415 2.7576279 2.2999416 2.3625151 2.1075843 0.0000000 
