13
RL1_THETH_14_221 0.0000000 0.8170368 0.7068642 1.0175970 0.9897739 1.1052032 0.8617091 0.9137991 1.0684279 1.2143006 1.3324481 3.4180606 2.9296896 
RL1_THEMA_15_222 0.8170368 0.0000000 0.6329249 0.8440267 0.8701415 0.9408583 0.9695457 0.8183899 0.9538234 1.0399058 1.1556654 3.2102721 2.6949688 
RL1_BACST_14_220 0.7068642 0.6329249 0.0000000 0.5738972 0.7620254 0.8785282 0.8658827 0.9021885 0.9913198 1.2453960 1.0977353 3.5422803 3.2375956 
RL1_STRGR_14_220 1.0175970 0.8440267 0.5738972 0.0000000 0.8853322 0.9629329 0.9588037 0.9331127 1.0082499 1.3845337 1.2775758 3.2241416 2.9858054 
RL1_ECOLI_14_220 0.9897739 0.8701415 0.7620254 0.8853322 0.0000000 0.8311362 1.0089872 1.0535849 1.2384701 1.2851467 1.2545211 3.5650277 3.1953157 
RL1_LIBAS_16_222 1.1052032 0.9408583 0.8785282 0.9629329 0.8311362 0.0000000 1.1091991 1.0414903 1.1460030 1.2228859 1.6340968 3.3711385 3.2988250 
RK1_CYAPA_15_220 0.8617091 0.9695457 0.8658827 0.9588037 1.0089872 1.1091991 0.0000000 0.3753868 0.5827735 0.7685280 1.3034629 3.1605607 2.9431951 
RL1_SYNY3_16_222 0.9137991 0.8183899 0.9021885 0.9331127 1.0535849 1.0414903 0.3753868 0.0000000 0.4955084 0.7537141 1.4128502 3.3236777 3.0851264 
RK1_PORPU_15_220 1.0684279 0.9538234 0.9913198 1.0082499 1.2384701 1.1460030 0.5827735 0.4955084 0.0000000 0.7938767 1.4886115 3.4173039 3.0505670 
RK1_ODOSI_15_221 1.2143006 1.0399058 1.2453960 1.3845337 1.2851467 1.2228859 0.7685280 0.7537141 0.7938767 0.0000000 1.3526549 3.7425007 3.0407701 
RL1_MYCGE_15_219 1.3324481 1.1556654 1.0977353 1.2775758 1.2545211 1.6340968 1.3034629 1.4128502 1.4886115 1.3526549 0.0000000 4.5532564 3.5447272 
RL10A_RAT_4_212  3.4180606 3.2102721 3.5422803 3.2241416 3.5650277 3.3711385 3.1605607 3.3236777 3.4173039 3.7425007 4.5532564 0.0000000 2.3913910 
RL1_METJA_1_208  2.9296896 2.6949688 3.2375956 2.9858054 3.1953157 3.2988250 2.9431951 3.0851264 3.0505670 3.0407701 3.5447272 2.3913910 0.0000000 
