10
Q59PU7_CANAL_15_248 0.0000000 1.6964664 1.5469175 2.8625493 3.0283786 2.6538157 2.6667281 4.0522839 7.3126249 5.6160466 
Q6C5E1_YARLI_7_247  1.6964664 0.0000000 1.3572383 2.4405014 2.4706539 2.3853613 2.3140358 2.3661351 3.6669620 3.5997978 
DPOA2_SCHPO_3_202   1.5469175 1.3572383 0.0000000 2.0271763 1.9480954 1.7364433 1.8808471 2.1070545 3.9250387 3.7529312 
Q6DCZ1_XENLA_15_248 2.8625493 2.4405014 2.0271763 0.0000000 0.5225060 0.3314446 0.2788865 0.7629984 2.3984227 2.4562336 
Q6P0S9_BRARE_16_248 3.0283786 2.4706539 1.9480954 0.5225060 0.0000000 0.4857458 0.4426632 0.8477068 2.6867258 2.3838542 
Q58D13_BOVIN_15_250 2.6538157 2.3853613 1.7364433 0.3314446 0.4857458 0.0000000 0.0783044 0.7376073 2.3894354 2.2460564 
DPOA2_RAT_15_248    2.6667281 2.3140358 1.8808471 0.2788865 0.4426632 0.0783044 0.0000000 0.6985566 2.3658462 2.4482116 
Q5F3Y1_CHICK_27_259 4.0522839 2.3661351 2.1070545 0.7629984 0.8477068 0.7376073 0.6985566 0.0000000 2.7825248 2.5574971 
DPOA2_CAEEL_17_231  7.3126249 3.6669620 3.9250387 2.3984227 2.6867258 2.3894354 2.3658462 2.7825248 0.0000000 0.4757041 
Q60L27_CAEBR_17_231 5.6160466 3.5997978 3.7529312 2.4562336 2.3838542 2.2460564 2.4482116 2.5574971 0.4757041 0.0000000 
