7
ANM5_HUMAN_180_618   0.0000000 0.5529671 0.8623654 0.9393433 1.1057464 1.3818124 1.5991447 
Q9M090_ARATH_202_652 0.5529671 0.0000000 1.0477298 0.9922398 1.1047066 1.4201619 1.5267856 
CSUL_DROME_162_591   0.8623654 1.0477298 0.0000000 1.3714287 1.5680670 1.3040607 1.9978260 
SKB1_SCHPO_171_615   0.9393433 0.9922398 1.3714287 0.0000000 1.0032960 1.6459850 1.5884914 
Q9P5Z7_NEUCR_183_690 1.1057464 1.1047066 1.5680670 1.0032960 0.0000000 1.7290580 1.4948654 
YLB5_CAEEL_212_710   1.3818124 1.4201619 1.3040607 1.6459850 1.7290580 0.0000000 2.0392682 
HSL7_YEAST_187_679   1.5991447 1.5267856 1.9978260 1.5884914 1.4948654 2.0392682 0.0000000 
