6
DP2L_THEVO_16_833 0.0000000 0.8663394 1.0501011 1.0164649 0.9229540 1.1751245 
DP2L_ARCFU_27_893 0.8663394 0.0000000 0.8234002 0.7128444 0.7007315 0.8656715 
DP2L_METTH_2_843  1.0501011 0.8234002 0.0000000 0.7026261 0.6749438 0.8906285 
DP2L_PYRAB_8_954  1.0164649 0.7128444 0.7026261 0.0000000 0.5587482 0.9718080 
DP2L_METJA_14_887 0.9229540 0.7007315 0.6749438 0.5587482 0.0000000 0.9030507 
DP2L_HALSA_6_925  1.1751245 0.8656715 0.8906285 0.9718080 0.9030507 0.0000000 
