11
O42112_BRARE_10_250  0.0000000 0.3779114 0.8139388 1.1351632 1.9863346 1.7003808 1.4186654 1.5576258 1.2555505 1.7250766 1.6372534 
Q8VD28_MOUSE_3_250   0.3779114 0.0000000 0.7583874 1.1434874 1.9396342 1.4919552 1.4026472 1.5604424 1.2700790 1.5892156 1.4778421 
O42111_BRARE_10_253  0.8139388 0.7583874 0.0000000 1.1562324 1.9207752 1.6607865 1.4998744 1.5118794 1.4231474 1.6250983 1.5528201 
O02029_DROME_93_383  1.1351632 1.1434874 1.1562324 0.0000000 2.0593374 1.7775543 1.8061957 1.9651339 1.6655136 1.7355329 1.7886118 
Q8ML27_DROME_152_378 1.9863346 1.9396342 1.9207752 2.0593374 0.0000000 0.5942468 1.4409344 1.2963354 1.4712679 1.3337435 1.1408945 
Q8ML26_DROME_159_406 1.7003808 1.4919552 1.6607865 1.7775543 0.5942468 0.0000000 1.2982215 1.1602967 1.2901274 1.1746238 1.1762467 
SPON1_MOUSE_174_415  1.4186654 1.4026472 1.4998744 1.8061957 1.4409344 1.2982215 0.0000000 0.2017802 0.5066211 1.0260292 1.1364403 
O42114_BRARE_171_410 1.5576258 1.5604424 1.5118794 1.9651339 1.2963354 1.1602967 0.2017802 0.0000000 0.6276456 1.1648336 1.1309703 
O76822_BRAFL_161_406 1.2555505 1.2700790 1.4231474 1.6655136 1.4712679 1.2901274 0.5066211 0.6276456 0.0000000 1.1020979 1.1315389 
Q19305_CAEEL_165_405 1.7250766 1.5892156 1.6250983 1.7355329 1.3337435 1.1746238 1.0260292 1.1648336 1.1020979 0.0000000 0.9133458 
Q9XZD0_DROME_164_401 1.6372534 1.4778421 1.5528201 1.7886118 1.1408945 1.1762467 1.1364403 1.1309703 1.1315389 0.9133458 0.0000000 
