13
RT11_PROWI_18_127  0.0000000 0.8041305 0.8885097 1.1741751 1.4067618 1.4583858 1.4149459 1.2277563 1.5305266 1.6758950 2.1092518 1.7195917 4.4445343 
RT11_MARPO_15_124  0.8041305 0.0000000 0.7182312 0.8632482 0.8758075 0.8777059 0.8829562 0.9477918 1.1036028 1.4292401 2.0385610 1.7561291 4.5383722 
RS11_BACST_18_127  0.8885097 0.7182312 0.0000000 0.4094597 0.7485449 0.7672482 0.6992782 0.8459623 0.8234464 1.0866581 1.5561453 1.2151815 3.9084282 
RS11_SHIFL_18_127  1.1741751 0.8632482 0.4094597 0.0000000 0.8458443 0.9018574 0.8668342 0.9052437 1.1275676 1.2327097 1.6218282 1.3435194 4.4101006 
RR11_MARPO_20_129  1.4067618 0.8758075 0.7485449 0.8458443 0.0000000 0.2835877 0.3508470 0.4969111 0.7640723 1.6123245 1.8420788 1.5589907 3.6681533 
RR11_EPIVI_28_135  1.4583858 0.8777059 0.7672482 0.9018574 0.2835877 0.0000000 0.2778105 0.4273962 0.8693762 1.8752952 2.1998287 1.9310324 4.2534419 
RR11_PEA_28_137    1.4149459 0.8829562 0.6992782 0.8668342 0.3508470 0.2778105 0.0000000 0.4947880 0.8300256 1.5065713 1.8265141 1.6213857 3.8399264 
RR11_MAIZE_36_142  1.2277563 0.9477918 0.8459623 0.9052437 0.4969111 0.4273962 0.4947880 0.0000000 0.7822171 1.3810120 1.7242488 1.6466444 3.9349730 
RR11_EUGGR_19_128  1.5305266 1.1036028 0.8234464 1.1275676 0.7640723 0.8693762 0.8300256 0.7822171 0.0000000 1.7792683 2.3527695 1.9875486 3.3572793 
RS11_HALMA_9_126   1.6758950 1.4292401 1.0866581 1.2327097 1.6123245 1.8752952 1.5065713 1.3810120 1.7792683 0.0000000 0.8497883 0.6276107 3.8104107 
RS141_MAIZE_27_145 2.1092518 2.0385610 1.5561453 1.6218282 1.8420788 2.1998287 1.8265141 1.7242488 2.3527695 0.8497883 0.0000000 0.6822623 3.8341896 
RS11_SULAC_10_128  1.7195917 1.7561291 1.2151815 1.3435194 1.5589907 1.9310324 1.6213857 1.6466444 1.9875486 0.6276107 0.6822623 0.0000000 3.5838416 
RT11_ACACA_55_172  4.4445343 4.5383722 3.9084282 4.4101006 3.6681533 4.2534419 3.8399264 3.9349730 3.3572793 3.8104107 3.8341896 3.5838416 0.0000000 
