10
RK12_EUGGR_63_131 0.0000000 0.7055158 1.1632364 0.7751291 0.8949001 1.1059075 0.8507643 0.9107051 0.9180488 0.9834578 
RK12_ODOSI_59_127 0.7055158 0.0000000 1.0526480 0.7615193 0.7855499 1.0617332 0.7749219 0.8653299 0.8083190 0.8273946 
RL7_STAAU_6_73    1.1632364 1.0526480 0.0000000 0.6554895 0.9164058 0.6851929 0.5850788 0.5400996 0.6908791 1.3948521 
RL7_DESVM_59_126  0.7751291 0.7615193 0.6554895 0.0000000 0.4996920 0.4751660 0.5327930 0.6103156 0.5303723 0.8807389 
RL7_MYCTU_62_130  0.8949001 0.7855499 0.9164058 0.4996920 0.0000000 0.5827823 0.4755775 0.7883647 0.8749555 0.9758383 
RL7_HALEU_55_122  1.1059075 1.0617332 0.6851929 0.4751660 0.5827823 0.0000000 0.5867223 0.4766807 0.6292626 1.0724776 
RL7_BACST_55_122  0.8507643 0.7749219 0.5850788 0.5327930 0.4755775 0.5867223 0.0000000 0.4574980 0.5518222 0.9274980 
RL7_HALPR_55_122  0.9107051 0.8653299 0.5400996 0.6103156 0.7883647 0.4766807 0.4574980 0.0000000 0.4812232 0.9545178 
RL7_RHOSH_58_124  0.9180488 0.8083190 0.6908791 0.5303723 0.8749555 0.6292626 0.5518222 0.4812232 0.0000000 0.9649740 
RL7_CHLMU_59_127  0.9834578 0.8273946 1.3948521 0.8807389 0.9758383 1.0724776 0.9274980 0.9545178 0.9649740 0.0000000 
