10
Q9L449_AZOBR_94_251  0.0000000 1.3156332 1.3256357 1.3241173 2.0137077 1.8879955 1.2214436 1.7856744 1.7041735 1.7756146 
Q9FB52_CORST_74_251  1.3156332 0.0000000 1.2603760 1.0505212 1.7070553 1.3100317 1.6136877 1.7141420 1.1092334 2.0011694 
Q52874_RHOMR_70_239  1.3256357 1.2603760 0.0000000 0.6872980 0.7495291 1.3217691 1.2020598 1.2557983 1.1409978 1.2671989 
Q04559_9ZZZZ_74_235  1.3241173 1.0505212 0.6872980 0.0000000 1.4278623 1.7360228 1.6318177 1.7876409 1.2571665 1.6886617 
Q9RBJ8_XANCV_151_319 2.0137077 1.7070553 0.7495291 1.4278623 0.0000000 1.3014945 1.5107183 1.9048582 1.7530227 1.6290485 
P96957_9BIFI_59_221  1.8879955 1.3100317 1.3217691 1.7360228 1.3014945 0.0000000 1.6549170 1.7043514 1.4532896 1.7568145 
O85860_SPHAR_106_268 1.2214436 1.6136877 1.2020598 1.6318177 1.5107183 1.6549170 0.0000000 1.4947495 1.5302043 1.6748027 
Q9RHL0_RHOPA_77_236  1.7856744 1.7141420 1.2557983 1.7876409 1.9048582 1.7043514 1.4947495 0.0000000 1.1836630 1.1989469 
Q9ADU6_SALET_99_259  1.7041735 1.1092334 1.1409978 1.2571665 1.7530227 1.4532896 1.5302043 1.1836630 0.0000000 1.2631638 
P94651_CHLLI_106_264 1.7756146 2.0011694 1.2671989 1.6886617 1.6290485 1.7568145 1.6748027 1.1989469 1.2631638 0.0000000 
