13
Q48821_LACPL_3_219  0.0000000 0.0110407 0.5955123 0.6609398 0.6308272 2.5762263 2.2687708 2.2246373 1.9994372 2.3215748 1.9725931 2.5414005 1.8669670 
Q04138_9LACT_3_219  0.0110407 0.0000000 0.5612411 0.6502375 0.5947580 2.4546025 2.2359468 2.1153550 1.9565002 2.2066327 1.9371520 2.4907946 1.8349333 
Q48562_LACHE_1_207  0.5955123 0.5612411 0.0000000 0.2981428 0.5219307 2.0350802 2.1641639 1.9632170 2.0746716 2.3835991 1.7575981 2.1204260 1.9250387 
O53073_9LACT_1_207  0.6609398 0.6502375 0.2981428 0.0000000 0.5019643 2.2883399 1.9731899 2.0480359 2.1955056 2.2376650 1.7029314 2.2577903 1.8825187 
REPB_STRAG_1_205    0.6308272 0.5947580 0.5219307 0.5019643 0.0000000 2.4908847 2.7112725 2.3978855 2.2612279 2.4284901 2.0988387 2.4860963 2.1925284 
Q52222_9ZZZZ_6_194  2.5762263 2.4546025 2.0350802 2.2883399 2.4908847 0.0000000 1.0221400 1.6857103 1.6361585 1.7842487 2.1371119 1.9603801 2.0607370 
O32745_LACAC_3_190  2.2687708 2.2359468 2.1641639 1.9731899 2.7112725 1.0221400 0.0000000 1.0927813 1.3799864 1.6485080 1.9557835 1.8527058 2.4869241 
REPY_STAAU_5_196    2.2246373 2.1153550 1.9632170 2.0480359 2.3978855 1.6857103 1.0927813 0.0000000 1.4062083 1.7019213 2.1239835 1.6476373 2.1444598 
REPB_LACPL_11_205   1.9994372 1.9565002 2.0746716 2.1955056 2.2612279 1.6361585 1.3799864 1.4062083 0.0000000 2.0213907 1.5701062 2.0176453 2.0030442 
Q53565_HELPY_12_212 2.3215748 2.2066327 2.3835991 2.2376650 2.4284901 1.7842487 1.6485080 1.7019213 2.0213907 0.0000000 1.4847655 2.5505083 1.9085501 
O31070_HELPY_23_225 1.9725931 1.9371520 1.7575981 1.7029314 2.0988387 2.1371119 1.9557835 2.1239835 1.5701062 1.4847655 0.0000000 2.3049923 1.7127188 
Q48831_LACPL_6_190  2.5414005 2.4907946 2.1204260 2.2577903 2.4860963 1.9603801 1.8527058 1.6476373 2.0176453 2.5505083 2.3049923 0.0000000 3.0040786 
Q50243_MYCMY_1_200  1.8669670 1.8349333 1.9250387 1.8825187 2.1925284 2.0607370 2.4869241 2.1444598 2.0030442 1.9085501 1.7127188 3.0040786 0.0000000 
