7
Q9KTE8_VIBCH_33_176 0.0000000 1.4311485 1.5976346 1.4121607 3.1354453 2.3759442 2.8237072 
RLPB_ECOLI_19_165   1.4311485 0.0000000 1.3024560 1.0471418 1.9224349 3.1211319 2.7281827 
Y922_HAEIN_35_178   1.5976346 1.3024560 0.0000000 0.4527342 2.4955756 2.6935150 3.2784691 
Q9CLL1_PASMU_20_163 1.4121607 1.0471418 0.4527342 0.0000000 2.1498847 2.7615878 3.0026667 
Q9K0A7_NEIMB_16_159 3.1354453 1.9224349 2.4955756 2.1498847 0.0000000 3.5619444 2.5633190 
Q9PBG7_XYLFA_20_181 2.3759442 3.1211319 2.6935150 2.7615878 3.5619444 0.0000000 3.2991208 
Q9HX32_PSEAE_20_162 2.8237072 2.7281827 3.2784691 3.0026667 2.5633190 3.2991208 0.0000000 
