18
OMPB_NEISI_28_357   0.0000000 0.5362132 0.5295150 0.6391924 0.6991162 3.7568577 3.1100428 3.2229728 3.5102525 3.2425324 3.1930556 3.4388835 3.4458760 3.4696840 3.7240798 3.6479849 3.4477116 3.7336920 
Q9Z4K1_NEIGO_28_326 0.5362132 0.0000000 0.1135169 0.2362049 0.7081263 3.3725075 2.6688918 2.9263592 3.1105782 2.7488962 2.7573335 3.1213388 3.0631436 3.3636961 3.4716996 3.3606515 2.9909634 3.7855254 
Q51262_NEIME_9_311  0.5295150 0.1135169 0.0000000 0.2869245 0.6781425 3.2519039 2.6253531 2.8796339 3.0624616 2.7038637 2.7103765 2.9806225 3.1184181 3.3839296 3.1423938 3.2259623 2.8004676 3.7579174 
O52698_NEIGO_28_348 0.6391924 0.2362049 0.2869245 0.0000000 0.7160231 4.0250933 3.4765653 3.7316175 3.6931626 3.5410448 3.2684975 3.6988751 3.8665622 3.8425056 3.7327015 4.1686045 3.2953110 4.2843437 
OMPA2_NEIMC_28_387  0.6991162 0.7081263 0.6781425 0.7160231 0.0000000 3.3723191 3.0097908 3.1171434 3.1925946 3.0237571 2.8507901 2.8893056 3.1090199 3.7091510 3.4307951 3.4343989 3.2432616 3.5002886 
OMPF_XENNE_27_369   3.7568577 3.3725075 3.2519039 4.0250933 3.3723191 0.0000000 0.2818486 0.2804204 0.3673316 0.3505535 0.3171929 0.3826382 0.3893262 0.4677936 0.5300080 0.4882127 0.5102480 0.4835624 
OMPS2_SALTI_27_383  3.1100428 2.6688918 2.6253531 3.4765653 3.0097908 0.2818486 0.0000000 0.0835191 0.1862825 0.1443530 0.1788864 0.1394558 0.1456881 0.2666114 0.3493854 0.2650697 0.3460013 0.2471136 
OMPF_SERMA_28_374   3.2229728 2.9263592 2.8796339 3.7316175 3.1171434 0.2804204 0.0835191 0.0000000 0.2151830 0.1889386 0.2117182 0.1575200 0.1520711 0.3194566 0.3282131 0.2525619 0.3981523 0.2668988 
OMPC_SALTY_27_378   3.5102525 3.1105782 3.0624616 3.6931626 3.1925946 0.3673316 0.1862825 0.2151830 0.0000000 0.1175626 0.2058665 0.2467817 0.2464004 0.3360351 0.3739820 0.3341261 0.4183987 0.4189487 
OMPC_KLEPN_27_363   3.2425324 2.7488962 2.7038637 3.5410448 3.0237571 0.3505535 0.1443530 0.1889386 0.1175626 0.0000000 0.1826285 0.2203446 0.1886110 0.3602567 0.3579965 0.2750804 0.3724945 0.3400642 
NMPC_ECOLI_29_365   3.1930556 2.7573335 2.7103765 3.2684975 2.8507901 0.3171929 0.1788864 0.2117182 0.2058665 0.1826285 0.0000000 0.2037320 0.2240684 0.3160265 0.3122585 0.3564911 0.3994339 0.3640731 
OMPS1_SALTI_27_394  3.4388835 3.1213388 2.9806225 3.6988751 2.8893056 0.3826382 0.1394558 0.1575200 0.2467817 0.2203446 0.2037320 0.0000000 0.1983150 0.3740533 0.3882877 0.3283933 0.4242524 0.2617198 
YEDS_ECOLI_27_397   3.4458760 3.0631436 3.1184181 3.8665622 3.1090199 0.3893262 0.1456881 0.1520711 0.2464004 0.1886110 0.2240684 0.1983150 0.0000000 0.3194634 0.4132862 0.3091673 0.4085742 0.3205730 
PHOE_CITFR_27_351   3.4696840 3.3636961 3.3839296 3.8425056 3.7091510 0.4677936 0.2666114 0.3194566 0.3360351 0.3602567 0.3160265 0.3740533 0.3194634 0.0000000 0.4785551 0.4561659 0.4669509 0.3895648 
OMPC_SERMA_27_376   3.7240798 3.4716996 3.1423938 3.7327015 3.4307951 0.5300080 0.3493854 0.3282131 0.3739820 0.3579965 0.3122585 0.3882877 0.4132862 0.4785551 0.0000000 0.5513569 0.6407407 0.5585838 
OMPF_ECOLI_28_362   3.6479849 3.3606515 3.2259623 4.1686045 3.4343989 0.4882127 0.2650697 0.2525619 0.3341261 0.2750804 0.3564911 0.3283933 0.3091673 0.4561659 0.5513569 0.0000000 0.3422149 0.4619973 
OMPF_SALTI_28_363   3.4477116 2.9909634 2.8004676 3.2953110 3.2432616 0.5102480 0.3460013 0.3981523 0.4183987 0.3724945 0.3994339 0.4242524 0.4085742 0.4669509 0.6407407 0.3422149 0.0000000 0.4319810 
O87753_KLEPN_28_359 3.7336920 3.7855254 3.7579174 4.2843437 3.5002886 0.4835624 0.2471136 0.2668988 0.4189487 0.3400642 0.3640731 0.2617198 0.3205730 0.3895648 0.5585838 0.4619973 0.4319810 0.0000000 
