11
Q9RAD4_RHOGE_55_466 0.0000000 0.2955760 0.3542309 0.4169980 0.4473184 0.7104946 0.5443828 2.3921930 2.5679824 2.1385413 2.3979452 
Q9S313_RHOAC_55_461 0.2955760 0.0000000 0.3356483 0.4382902 0.4832187 0.7276468 0.6126770 2.6780971 2.4740127 2.0195634 2.5279626 
PUCC_RHOSU_55_451   0.3542309 0.3356483 0.0000000 0.3018208 0.4307216 0.7808185 0.6624694 2.6804650 2.6168983 2.2481624 2.8137135 
PUCC_RHOS4_51_455   0.4169980 0.4382902 0.3018208 0.0000000 0.5135663 0.8885152 0.7321680 2.8862188 2.6660994 2.1752709 2.6102215 
PUCC_RHOCA_54_461   0.4473184 0.4832187 0.4307216 0.5135663 0.0000000 0.8114103 0.7263511 2.6326720 2.4842888 2.3864006 2.5816425 
YPUM_RHOCA_51_458   0.7104946 0.7276468 0.7808185 0.8885152 0.8114103 0.0000000 0.3519200 2.4651661 2.1075375 2.0193355 2.3059375 
Q9RFD8_RHOSH_51_461 0.5443828 0.6126770 0.6624694 0.7321680 0.7263511 0.3519200 0.0000000 2.4372793 2.2331164 1.9424487 2.2368905 
BCH2_RHOCA_28_418   2.3921930 2.6780971 2.6804650 2.8862188 2.6326720 2.4651661 2.4372793 0.0000000 0.3775963 2.4245274 3.0088773 
Q9Z5D5_RHOSH_28_417 2.5679824 2.4740127 2.6168983 2.6660994 2.4842888 2.1075375 2.2331164 0.3775963 0.0000000 2.4492704 3.0225762 
Q9S333_PROMA_1_414  2.1385413 2.0195634 2.2481624 2.1752709 2.3864006 2.0193355 1.9424487 2.4245274 2.4492704 0.0000000 1.2583210 
P73827_SYNY3_40_467 2.3979452 2.5279626 2.8137135 2.6102215 2.5816425 2.3059375 2.2368905 3.0088773 3.0225762 1.2583210 0.0000000 
