11
RL28A_MYCTU_3_63  0.0000000 1.2996433 1.0871417 1.8485856 1.2099218 1.1803711 2.0952017 1.7298984 1.5252263 2.2733895 1.7231658 
RL28_SHIFL_2_62   1.2996433 0.0000000 1.4089467 1.3226486 1.4432989 1.7058766 1.6117798 1.0421681 1.2034597 1.6901032 2.2018083 
RL28_SYNY3_3_63   1.0871417 1.4089467 0.0000000 0.5469068 0.4693568 0.4495008 1.8899428 1.8159463 1.7271682 1.8292285 2.6421907 
RK28_ARATH_67_128 1.8485856 1.3226486 0.5469068 0.0000000 0.8246634 0.8074513 2.2046213 1.7689655 1.9015716 2.0607559 2.0534225 
RK28_CYAPA_3_63   1.2099218 1.4432989 0.4693568 0.8246634 0.0000000 0.5088527 1.7303045 1.5574510 1.5745127 1.9300390 2.0751664 
RK28_PORPU_3_63   1.1803711 1.7058766 0.4495008 0.8074513 0.5088527 0.0000000 1.4256920 1.6725993 1.8829857 1.9041226 2.3540619 
RL28_MYCGE_3_62   2.0952017 1.6117798 1.8899428 2.2046213 1.7303045 1.4256920 0.0000000 1.7610230 1.6539444 2.6256017 2.6354446 
RL28_BACSU_3_61   1.7298984 1.0421681 1.8159463 1.7689655 1.5574510 1.6725993 1.7610230 0.0000000 0.2668655 1.2027368 2.9741467 
RL28_BACST_1_59   1.5252263 1.2034597 1.7271682 1.9015716 1.5745127 1.8829857 1.6539444 0.2668655 0.0000000 1.2836529 2.6322891 
RL28_TREPA_3_63   2.2733895 1.6901032 1.8292285 2.0607559 1.9300390 1.9041226 2.6256017 1.2027368 1.2836529 0.0000000 2.9920102 
RM24_YEAST_70_130 1.7231658 2.2018083 2.6421907 2.0534225 2.0751664 2.3540619 2.6354446 2.9741467 2.6322891 2.9920102 0.0000000 
