14
RIR1_EHV1B_221_771  0.0000000 0.4406879 0.5417897 1.2327799 1.3937652 1.3142449 1.3853686 1.4132027 1.2108249 1.2903301 1.6476381 2.5385079 2.6979531 2.5737539 
RIR1_VZVD_213_756   0.4406879 0.0000000 0.6879121 1.1438902 1.3298360 1.4540617 1.4579234 1.4570927 1.3436762 1.3583840 1.6946144 2.5900275 2.4931658 2.4974654 
RIR1_HHV11_579_1117 0.5417897 0.6879121 0.0000000 1.2731371 1.3235639 1.2582644 1.3675143 1.3627128 1.3817892 1.3627999 1.6589100 2.5509441 2.4510871 2.5341372 
RIR1_EBV_184_731    1.2327799 1.1438902 1.2731371 0.0000000 0.7301071 1.5296348 1.5662590 1.5500802 1.6745881 1.5555830 1.7116224 2.8084248 2.5283075 2.4856615 
RIR1_SHV21_189_715  1.3937652 1.3298360 1.3235639 0.7301071 0.0000000 1.5951059 1.5314901 1.5428086 1.6256932 1.6439166 1.8571619 2.4366078 2.4994478 2.6051100 
RIR1_VACCC_215_741  1.3142449 1.4540617 1.2582644 1.5296348 1.5951059 0.0000000 0.2626503 0.1876554 0.3902841 0.3848164 0.9010090 2.0394017 1.9266157 2.0679266 
RIR1_CAEEL_221_749  1.3853686 1.4579234 1.3675143 1.5662590 1.5314901 0.2626503 0.0000000 0.1853181 0.3276756 0.3451512 0.9747940 2.0881355 1.9604542 2.0722336 
RIR1_HUMAN_215_743  1.4132027 1.4570927 1.3627128 1.5500802 1.5428086 0.1876554 0.1853181 0.0000000 0.3680186 0.3095949 0.8952075 1.8999664 1.8759088 2.1617221 
RIR1_YEAST_215_747  1.2108249 1.3436762 1.3817892 1.6745881 1.6256932 0.3902841 0.3276756 0.3680186 0.0000000 0.3129833 0.9731087 2.1797770 2.2114468 2.1968214 
RIR1_SCHPO_215_742  1.2903301 1.3583840 1.3627999 1.5555830 1.6439166 0.3848164 0.3451512 0.3095949 0.3129833 0.0000000 0.9444315 1.9429006 1.9877301 2.3586330 
RIR1_ASFB7_190_753  1.6476381 1.6946144 1.6589100 1.7116224 1.8571619 0.9010090 0.9747940 0.8952075 0.9731087 0.9444315 0.0000000 2.0890699 2.2213856 2.4362520 
RIR1_BPT4_219_732   2.5385079 2.5900275 2.5509441 2.8084248 2.4366078 2.0394017 2.0881355 1.8999664 2.1797770 1.9429006 2.0890699 0.0000000 0.5567538 2.4697329 
RIR1_ECOLI_222_736  2.6979531 2.4931658 2.4510871 2.5283075 2.4994478 1.9266157 1.9604542 1.8759088 2.2114468 1.9877301 2.2213856 0.5567538 0.0000000 2.3295592 
RIR3_SALTY_174_697  2.5737539 2.4974654 2.5341372 2.4856615 2.6051100 2.0679266 2.0722336 2.1617221 2.1968214 2.3586330 2.4362520 2.4697329 2.3295592 0.0000000 
