6
Q754X4_ASHGO_431_759  0.0000000 1.3346842 1.8118481 1.8922217 1.7983233 1.4974895 
YGJ3_YEAST_439_772    1.3346842 0.0000000 1.9271431 1.9576243 2.0247175 1.9166190 
Q5B2K9_EMENI_970_1310 1.8118481 1.9271431 0.0000000 0.3489946 1.2490865 1.7793490 
Q7SFZ1_NEUCR_928_1260 1.8922217 1.9576243 0.3489946 0.0000000 1.3558961 1.6326430 
O59757_SCHPO_862_1197 1.7983233 2.0247175 1.2490865 1.3558961 0.0000000 1.7331760 
Q6BYZ2_DEBHA_588_916  1.4974895 1.9166190 1.7793490 1.6326430 1.7331760 0.0000000 
