13
RL11_SYNY3_71_139  0.0000000 0.3560878 0.4359388 0.4340061 0.5893131 0.6145162 0.5984177 0.8392864 1.1146633 1.3046489 1.7296913 2.7386882 2.9590728 
RL11_STRGR_74_142  0.3560878 0.0000000 0.5850387 0.5553912 0.7621567 0.6465750 0.7204335 1.3392001 1.0207621 1.1453686 1.5915001 3.1005784 3.3481080 
RL11_BACSU_70_138  0.4359388 0.5850387 0.0000000 0.4763212 0.4702194 0.6674539 0.7735173 0.7544938 1.0716360 1.4094895 1.6106298 2.8858469 2.8854164 
RL11_THEMA_70_138  0.4340061 0.5553912 0.4763212 0.0000000 0.7043620 0.5318206 0.6920944 0.8487206 1.3225595 1.1441322 1.1986109 2.5406027 2.7146828 
RL11_SALTY_71_139  0.5893131 0.7621567 0.4702194 0.7043620 0.0000000 0.8306065 0.9700427 0.8898170 1.3861942 1.5704908 1.3903248 2.8957231 2.6012943 
RL11_THETH_70_138  0.6145162 0.6465750 0.6674539 0.5318206 0.8306065 0.0000000 0.7444073 0.8691845 1.3627185 1.4656389 1.3687218 2.5201417 2.7452979 
RK11_SPIOL_142_210 0.5984177 0.7204335 0.7735173 0.6920944 0.9700427 0.7444073 0.0000000 1.0885599 1.3544875 1.2910702 1.6481943 2.6326437 2.5745138 
RL11_LIBAS_71_139  0.8392864 1.3392001 0.7544938 0.8487206 0.8898170 0.8691845 1.0885599 0.0000000 1.6390882 1.9656333 1.7950718 2.5352066 3.3931669 
RL11_HALSA_66_134  1.1146633 1.0207621 1.0716360 1.3225595 1.3861942 1.3627185 1.3544875 1.6390882 0.0000000 1.7431061 2.0740292 3.0727807 3.3687501 
RL11_SULAC_68_136  1.3046489 1.1453686 1.4094895 1.1441322 1.5704908 1.4656389 1.2910702 1.9656333 1.7431061 0.0000000 2.1035760 2.1294544 2.0128307 
RM11_CAEEL_86_155  1.7296913 1.5915001 1.6106298 1.1986109 1.3903248 1.3687218 1.6481943 1.7950718 2.0740292 2.1035760 0.0000000 3.7850736 3.8090372 
RL12_HUMAN_75_143  2.7386882 3.1005784 2.8858469 2.5406027 2.8957231 2.5201417 2.6326437 2.5352066 3.0727807 2.1294544 3.7850736 0.0000000 0.3678048 
RL12_YEAST_75_143  2.9590728 3.3481080 2.8854164 2.7146828 2.6012943 2.7452979 2.5745138 3.3931669 3.3687501 2.0128307 3.8090372 0.3678048 0.0000000 
