11
Q8KEV4_CHLTE_6_106  0.0000000 0.6234967 0.6005223 0.7281880 0.7067284 1.2213683 1.1936064 1.3510341 1.3911133 1.0693500 1.1691874 
NRDJ_LEPIC_39_155   0.6234967 0.0000000 0.6184377 0.6855868 0.7218309 1.5612579 1.7955764 1.7462070 1.9586316 1.6548867 1.7197204 
Q6N5J7_RHOPA_31_147 0.6005223 0.6184377 0.0000000 0.3888012 0.3461151 1.3951217 1.6435468 1.4549035 1.2347184 1.4804236 1.5818945 
Q57D87_BRUAB_34_150 0.7281880 0.6855868 0.3888012 0.0000000 0.4815340 1.5746248 1.6734287 1.6138884 1.6655103 1.8315205 1.8651255 
Q5LRJ1_SILPO_31_139 0.7067284 0.7218309 0.3461151 0.4815340 0.0000000 1.4071951 1.4788885 1.8085952 1.5302844 1.4691855 1.4872357 
NRDJ_BDEBA_36_121   1.2213683 1.5612579 1.3951217 1.5746248 1.4071951 0.0000000 1.1293617 1.1333808 1.2316226 1.2971439 1.4467759 
NRDJ_RHOBA_79_163   1.1936064 1.7955764 1.6435468 1.6734287 1.4788885 1.1293617 0.0000000 1.2292662 1.2986694 2.0127942 1.9717968 
NRDJ_STRCL_54_137   1.3510341 1.7462070 1.4549035 1.6138884 1.8085952 1.1333808 1.2292662 0.0000000 0.5207071 1.5055835 1.5540464 
Q6A8Y8_PROAC_48_131 1.3911133 1.9586316 1.2347184 1.6655103 1.5302844 1.2316226 1.2986694 0.5207071 0.0000000 1.5238023 1.7027652 
Q897Z5_CLOTE_51_136 1.0693500 1.6548867 1.4804236 1.8315205 1.4691855 1.2971439 2.0127942 1.5055835 1.5238023 0.0000000 0.3041201 
Q97K72_CLOAB_42_127 1.1691874 1.7197204 1.5818945 1.8651255 1.4872357 1.4467759 1.9717968 1.5540464 1.7027652 0.3041201 0.0000000 
