13
SPL6_ARATH_123_201   0.0000000 0.5270962 0.6794014 0.5069514 0.6013729 0.5614659 0.6238782 0.6773361 0.5977909 0.5794340 0.5943008 0.7579894 1.2843914 
SPL9_ARATH_73_151    0.5270962 0.0000000 0.6188558 0.5100231 0.6634033 0.5632949 0.4434995 0.7646541 0.4659833 0.5729920 0.7405808 0.8629907 1.8679668 
SPL11_ARATH_174_252  0.6794014 0.6188558 0.0000000 0.2528784 0.6747921 0.7557134 0.9142647 0.8792123 0.8432258 0.7704747 0.6593961 0.6842907 1.9437413 
SPL2_ARATH_168_246   0.5069514 0.5100231 0.2528784 0.0000000 0.6922077 0.7552248 0.7859824 0.9615519 0.8557162 0.7455890 0.6383308 0.6765516 1.9255670 
SPL3_ARATH_53_131    0.6013729 0.6634033 0.6747921 0.6922077 0.0000000 0.2257055 0.4240304 0.2897953 0.4444653 0.5041475 0.4756114 0.4991922 1.2321140 
SBP1_ANTMA_51_127    0.5614659 0.5632949 0.7557134 0.7552248 0.2257055 0.0000000 0.4682667 0.3302853 0.3545384 0.5210682 0.4662653 0.4849168 1.5210447 
SPL5_ARATH_62_140    0.6238782 0.4434995 0.9142647 0.7859824 0.4240304 0.4682667 0.0000000 0.3031399 0.4657715 0.4548382 0.6837099 0.5398462 1.5477955 
SPL4_ARATH_53_131    0.6773361 0.7646541 0.8792123 0.9615519 0.2897953 0.3302853 0.3031399 0.0000000 0.5119169 0.4954045 0.6339963 0.6053777 1.2859533 
SBP2_ANTMA_84_162    0.5977909 0.4659833 0.8432258 0.8557162 0.4444653 0.3545384 0.4657715 0.5119169 0.0000000 0.5862192 0.6781075 0.7221316 1.7545671 
SPL1_ARATH_105_183   0.5794340 0.5729920 0.7704747 0.7455890 0.5041475 0.5210682 0.4548382 0.4954045 0.5862192 0.0000000 0.5436340 0.5203381 1.0612296 
LG1_MAIZE_184_263    0.5943008 0.7405808 0.6593961 0.6383308 0.4756114 0.4662653 0.6837099 0.6339963 0.6781075 0.5436340 0.0000000 0.2700842 1.5574116 
Q9SM19_MAIZE_210_286 0.7579894 0.8629907 0.6842907 0.6765516 0.4991922 0.4849168 0.5398462 0.6053777 0.7221316 0.5203381 0.2700842 0.0000000 1.4917471 
SPL7_ARATH_137_215   1.2843914 1.8679668 1.9437413 1.9255670 1.2321140 1.5210447 1.5477955 1.2859533 1.7545671 1.0612296 1.5574116 1.4917471 0.0000000 
