8
Q9JNJ7_STRPY_1_289 0.0000000 0.0035081 0.0071065 0.0107559 0.0146094 0.0143571 0.0263893 0.0348199 
Q9JNF5_STRPY_1_305 0.0035081 0.0000000 0.0034373 0.0068627 0.0105911 0.0103060 0.0215998 0.0295226 
Q9JNB1_STRPY_1_396 0.0071065 0.0034373 0.0000000 0.0033594 0.0068362 0.0068482 0.0176019 0.0256273 
Q9JP03_STRPY_1_310 0.0107559 0.0068627 0.0033594 0.0000000 0.0103439 0.0102533 0.0210869 0.0292390 
Q9JP18_STRPY_1_309 0.0146094 0.0105911 0.0068362 0.0103439 0.0000000 0.0140632 0.0253346 0.0339177 
Q9JNT4_STRPY_1_308 0.0143571 0.0103060 0.0068482 0.0102533 0.0140632 0.0000000 0.0213143 0.0291161 
Q9JP22_STRPY_1_350 0.0263893 0.0215998 0.0176019 0.0210869 0.0253346 0.0213143 0.0000000 0.0068321 
Q54958_STRPY_1_305 0.0348199 0.0295226 0.0256273 0.0292390 0.0339177 0.0291161 0.0068321 0.0000000 
