9
PTFAH_SALTY_285_371 0.0000000 0.5372979 1.1587032 1.1530243 1.0967435 0.9436601 1.1874222 1.6618733 1.6407479 
PTFAH_HAEIN_286_372 0.5372979 0.0000000 0.9070116 1.4120873 1.1627625 1.2625388 1.4280724 1.3280610 1.9560678 
PTHP_SHIFL_1_84     1.1587032 0.9070116 0.0000000 1.1699105 1.0632167 1.3390427 1.4243257 1.4705751 1.7205137 
PTHP_ENTFA_1_84     1.1530243 1.4120873 1.1699105 0.0000000 0.2231605 0.3513921 0.3526730 0.8982819 1.6669267 
PTHP_STRSL_1_84     1.0967435 1.1627625 1.0632167 0.2231605 0.0000000 0.3843927 0.3013691 1.0590793 1.7881183 
PTHP_BACST_1_84     0.9436601 1.2625388 1.3390427 0.3513921 0.3843927 0.0000000 0.4251205 1.0754142 1.4996386 
PTHP_STAAW_1_84     1.1874222 1.4280724 1.4243257 0.3526730 0.3013691 0.4251205 0.0000000 0.9569938 1.4956875 
PTHP_RALEU_1_84     1.6618733 1.3280610 1.4705751 0.8982819 1.0590793 1.0754142 0.9569938 0.0000000 1.0961697 
PTSO_SHIFL_2_86     1.6407479 1.9560678 1.7205137 1.6669267 1.7881183 1.4996386 1.4956875 1.0961697 0.0000000 
