6
Q24559_DROME_91_311 0.0000000 1.3415924 1.2222165 2.1916639 1.9195459 2.9114545 
Q18093_CAEEL_85_301 1.3415924 0.0000000 1.3411168 2.0721430 1.8380906 1.9663293 
SEC62_HUMAN_86_308  1.2222165 1.3411168 0.0000000 1.8531620 1.8056305 2.5260545 
SEC62_SCHPO_40_241  2.1916639 2.0721430 1.8531620 0.0000000 1.1825783 1.6055685 
SEC62_YARLI_48_259  1.9195459 1.8380906 1.8056305 1.1825783 0.0000000 1.7774208 
SEC62_YEAST_50_270  2.9114545 1.9663293 2.5260545 1.6055685 1.7774208 0.0000000 
