10
Q07600_EIMTE_3_459    0.0000000 0.9011426 1.1211586 0.6395587 0.7509598 0.7040554 0.9661191 0.9459477 0.9059962 1.4496152 
PNTB_RHORU_4_463      0.9011426 0.0000000 0.5419945 0.6756852 0.7261499 0.7114753 0.9842488 1.0524781 0.9151564 1.0000664 
Q9ZE72_RICPR_4_462    1.1211586 0.5419945 0.0000000 0.7584325 0.8324499 0.7938177 1.1612698 1.2129248 1.1191557 1.2630326 
P73500_SYNY3_4_464    0.6395587 0.6756852 0.7584325 0.0000000 0.2724617 0.2860675 0.6808929 0.6343933 0.6964147 1.0556537 
PNTB_SHIFL_4_462      0.7509598 0.7261499 0.8324499 0.2724617 0.0000000 0.1250916 0.7373899 0.6862625 0.7146704 1.0924063 
PNTB_HAEIN_4_474      0.7040554 0.7114753 0.7938177 0.2860675 0.1250916 0.0000000 0.7503876 0.6718709 0.7215476 1.1016909 
Q18031_CAEEL_573_1036 0.9661191 0.9842488 1.1612698 0.6808929 0.7373899 0.7503876 0.0000000 0.3587829 0.9646377 1.5071861 
NNTM_BOVIN_618_1080   0.9459477 1.0524781 1.2129248 0.6343933 0.6862625 0.6718709 0.3587829 0.0000000 0.9652325 1.6091598 
Q24813_ENTHI_17_526   0.9059962 0.9151564 1.1191557 0.6964147 0.7146704 0.7215476 0.9646377 0.9652325 0.0000000 1.5529036 
P96834_MYCTU_5_472    1.4496152 1.0000664 1.2630326 1.0556537 1.0924063 1.1016909 1.5071861 1.6091598 1.5529036 0.0000000 
