6
RDRP_BPSP_20_567    0.0000000 0.4298225 0.3713112 1.5298637 1.1634488 1.8179405 
O64304_9VIRU_23_569 0.4298225 0.0000000 0.2143114 1.5873478 1.2338250 1.8766356 
RDRP_BPQBE_23_570   0.3713112 0.2143114 0.0000000 1.7179197 1.3561695 1.8214664 
RDRP_BPGA_23_514    1.5298637 1.5873478 1.7179197 0.0000000 0.6696863 2.3380097 
RDRP_BPFR_23_526    1.1634488 1.2338250 1.3561695 0.6696863 0.0000000 2.2285754 
Q38064_BPPP7_3_552  1.8179405 1.8766356 1.8214664 2.3380097 2.2285754 0.0000000 
