6
Q9VV58_DROME_15_464 0.0000000 0.7254281 0.9217613 1.2257370 1.6507462 1.6331083 
SERC1_MOUSE_15_452  0.7254281 0.0000000 0.8648007 1.0204636 1.5660111 1.2966034 
O45719_CAEEL_15_442 0.9217613 0.8648007 0.0000000 1.0383809 1.6662714 1.6907054 
Q63175_RAT_11_458   1.2257370 1.0204636 1.0383809 0.0000000 1.9327015 1.8960760 
Q9S9L9_ARATH_8_412  1.6507462 1.5660111 1.6662714 1.9327015 0.0000000 2.0951487 
TMS1_YEAST_17_467   1.6331083 1.2966034 1.6907054 1.8960760 2.0951487 0.0000000 
