17
RBL_GUITH_25_150   0.0000000 0.1924348 0.1648975 0.2229658 0.2513496 0.3058378 0.2961560 0.8445972 0.8241845 0.7887439 0.7108601 0.6878561 0.7790945 0.7283151 0.7135957 4.7053282 3.9323091 
RBL_CYLSN_25_150   0.1924348 0.0000000 0.1418585 0.2504663 0.2247099 0.3570769 0.3890107 0.9891310 0.9128809 0.8390289 0.7983298 0.7720962 0.7733503 0.7940584 0.7974689 5.5039662 4.3820662 
RBL_ECTSI_25_150   0.1648975 0.1418585 0.0000000 0.2133633 0.1869452 0.2806631 0.3001220 0.8850430 0.7927143 0.7354374 0.6667665 0.7309664 0.6811735 0.7475407 0.7449283 5.0784438 4.2352812 
RBL_GALSU_30_155   0.2229658 0.2504663 0.2133633 0.0000000 0.1670481 0.2662192 0.3315065 0.7647074 0.7714292 0.7298812 0.6316760 0.6848945 0.6666981 0.7878185 0.7895528 4.6808166 4.8059988 
RBL_ANTSP_25_150   0.2513496 0.2247099 0.1869452 0.1670481 0.0000000 0.3061658 0.3382698 0.9285071 0.8188758 0.7561050 0.6668363 0.6869706 0.6806703 0.7209203 0.7284275 5.1815076 5.0351283 
RBL1C_RALEU_24_149 0.3058378 0.3570769 0.2806631 0.2662192 0.3061658 0.0000000 0.0852704 0.8658138 0.8572296 0.7726718 0.7402725 0.7337264 0.8598176 0.8102597 1.0160673 4.6535098 4.7529728 
RBL1_RHOSH_23_148  0.2961560 0.3890107 0.3001220 0.3315065 0.3382698 0.0852704 0.0000000 0.9257373 0.8839660 0.7985383 0.7000511 0.6659105 0.8128373 0.7383597 0.9397647 5.3416864 5.3467794 
RBL1B_CHRVI_13_138 0.8445972 0.9891310 0.8850430 0.7647074 0.9285071 0.8658138 0.9257373 0.0000000 0.2301899 0.1899849 0.3800872 0.4476241 0.6183376 0.6360302 0.7084504 5.6489806 4.9375800 
RBL1A_CHRVI_12_137 0.8241845 0.9128809 0.7927143 0.7714292 0.8188758 0.8572296 0.8839660 0.2301899 0.0000000 0.1220608 0.3021069 0.3493400 0.4943922 0.5184313 0.6476806 5.6634698 5.2685466 
RBL1A_THIFE_14_139 0.7887439 0.8390289 0.7354374 0.7298812 0.7561050 0.7726718 0.7985383 0.1899849 0.1220608 0.0000000 0.3789943 0.3872589 0.4951689 0.5568244 0.7206256 5.9892312 5.4340583 
RBL_ANASP_22_147   0.7108601 0.7983298 0.6667665 0.6316760 0.6668363 0.7402725 0.7000511 0.3800872 0.3021069 0.3789943 0.0000000 0.1806098 0.1957930 0.2201213 0.3217310 5.1359729 4.2438656 
RBL_PROHO_16_141   0.6878561 0.7720962 0.7309664 0.6848945 0.6869706 0.7337264 0.6659105 0.4476241 0.3493400 0.3872589 0.1806098 0.0000000 0.2681172 0.2244693 0.3917930 6.1564452 5.5096859 
RBL_ABIMA_21_146   0.7790945 0.7733503 0.6811735 0.6666981 0.6806703 0.8598176 0.8128373 0.6183376 0.4943922 0.4951689 0.1957930 0.2681172 0.0000000 0.1629654 0.2396866 5.8658694 4.4086284 
RBL_CYAPA_21_146   0.7283151 0.7940584 0.7475407 0.7878185 0.7209203 0.8102597 0.7383597 0.6360302 0.5184313 0.5568244 0.2201213 0.2244693 0.1629654 0.0000000 0.2829763 5.5917904 4.5323152 
RBL_ASTLO_21_146   0.7135957 0.7974689 0.7449283 0.7895528 0.7284275 1.0160673 0.9397647 0.7084504 0.6476806 0.7206256 0.3217310 0.3917930 0.2396866 0.2829763 0.0000000 4.6044014 3.3110017 
RBL2_RHORU_9_134   4.7053282 5.5039662 5.0784438 4.6808166 5.1815076 4.6535098 5.3416864 5.6489806 5.6634698 5.9892312 5.1359729 6.1564452 5.8658694 5.5917904 4.6044014 0.0000000 0.2460737 
RBL2_RHOSH_9_134   3.9323091 4.3820662 4.2352812 4.8059988 5.0351283 4.7529728 5.3467794 4.9375800 5.2685466 5.4340583 4.2438656 5.5096859 4.4086284 4.5323152 3.3110017 0.2460737 0.0000000 
