19
RK14_CYAPA_1_122  0.0000000 0.3224628 0.3267665 0.2415836 0.3200201 0.4703547 0.5703315 0.3802989 0.5099277 0.5758822 0.7379623 0.7651951 1.4522102 1.3287981 1.6236176 1.4482593 1.7046860 2.2702616 2.4044902 
RK14_MARPO_1_122  0.3224628 0.0000000 0.3441802 0.2425197 0.2547144 0.4312847 0.4933206 0.3490171 0.5852751 0.4275055 0.7991049 0.7062979 1.3398875 1.2442005 1.5391640 1.5438225 1.6278291 2.0153994 2.1962083 
RK14_CHLRE_1_122  0.3267665 0.3441802 0.0000000 0.3572152 0.4465034 0.3535289 0.5647468 0.4393370 0.4740225 0.6090517 0.7594692 0.6330056 1.3068357 1.3056982 1.7339820 1.3982330 1.6585435 2.6306374 2.6640390 
RK14_SPIOL_1_121  0.2415836 0.2425197 0.3572152 0.0000000 0.1912383 0.4449365 0.4887261 0.3855322 0.5601266 0.5118039 0.8067283 0.7086086 1.2667386 1.2959487 1.6209425 1.5262804 1.7883243 2.1864269 1.9289712 
RK14_MAIZE_1_123  0.3200201 0.2547144 0.4465034 0.1912383 0.0000000 0.5694593 0.5547582 0.4611243 0.6472348 0.5930720 0.8643337 0.8821702 1.5528945 1.3912670 1.7462795 1.7025750 1.7136218 2.5461943 2.1493820 
RK14_EUGGR_1_121  0.4703547 0.4312847 0.3535289 0.4449365 0.5694593 0.0000000 0.5500576 0.3830130 0.5897688 0.6935113 0.8047597 0.7934329 1.2591552 1.4542845 2.0339784 1.7290765 1.8272113 2.8115500 2.9432817 
RL14_BUCAK_1_123  0.5703315 0.4933206 0.5647468 0.4887261 0.5547582 0.5500576 0.0000000 0.4059651 0.3505208 0.5931496 0.6285185 0.8046099 1.0598724 1.2915616 1.7664458 1.4259900 1.7704667 1.8294386 1.5113449 
RL14_THETH_1_122  0.3802989 0.3490171 0.4393370 0.3855322 0.4611243 0.3830130 0.4059651 0.0000000 0.4559021 0.4002137 0.5718491 0.7612058 1.3295976 1.3340844 1.4960320 1.4412594 1.9485295 1.9374241 2.1041970 
RL14_BACST_1_122  0.5099277 0.5852751 0.4740225 0.5601266 0.6472348 0.5897688 0.3505208 0.4559021 0.0000000 0.5083084 0.4818015 0.5200220 1.3727447 1.2089993 1.5594795 1.3282088 1.6838618 1.9339002 1.7941782 
RL14_THEMA_1_122  0.5758822 0.4275055 0.6090517 0.5118039 0.5930720 0.6935113 0.5931496 0.4002137 0.5083084 0.0000000 0.6109840 0.5460156 1.6810963 1.2754025 1.5453266 1.4644001 1.6003804 1.7870031 1.7073570 
RL14_CHLTR_1_122  0.7379623 0.7991049 0.7594692 0.8067283 0.8643337 0.8047597 0.6285185 0.5718491 0.4818015 0.6109840 0.0000000 0.7995654 1.6881894 1.1194290 1.9331315 1.6823658 2.0141843 1.7902616 1.5773138 
RL14_MYCCT_1_122  0.7651951 0.7062979 0.6330056 0.7086086 0.8821702 0.7934329 0.8046099 0.7612058 0.5200220 0.5460156 0.7995654 0.0000000 1.5470498 1.3977976 1.4884693 1.2790898 1.8407879 1.6335317 1.5914355 
RM14_ACACA_1_129  1.4522102 1.3398875 1.3068357 1.2667386 1.5528945 1.2591552 1.0598724 1.3295976 1.3727447 1.6810963 1.6881894 1.5470498 0.0000000 2.0201227 2.7443233 2.5352933 2.4564329 2.5016372 2.8674628 
RM38_YEAST_1_138  1.3287981 1.2442005 1.3056982 1.2959487 1.3912670 1.4542845 1.2915616 1.3340844 1.2089993 1.2754025 1.1194290 1.3977976 2.0201227 0.0000000 2.4351534 2.0584526 1.9229106 3.0746227 2.3594722 
RL14_METVA_11_132 1.6236176 1.5391640 1.7339820 1.6209425 1.7462795 2.0339784 1.7664458 1.4960320 1.5594795 1.5453266 1.9331315 1.4884693 2.7443233 2.4351534 0.0000000 0.6887606 0.8617203 3.2691945 3.7042940 
RL14_HALMA_11_132 1.4482593 1.5438225 1.3982330 1.5262804 1.7025750 1.7290765 1.4259900 1.4412594 1.3282088 1.4644001 1.6823658 1.2790898 2.5352933 2.0584526 0.6887606 0.0000000 0.9826607 2.8930478 2.4173613 
RL23_RAT_19_140   1.7046860 1.6278291 1.6585435 1.7883243 1.7136218 1.8272113 1.7704667 1.9485295 1.6838618 1.6003804 2.0141843 1.8407879 2.4564329 1.9229106 0.8617203 0.9826607 0.0000000 3.6661268 3.3338119 
RM14_TETPY_1_119  2.2702616 2.0153994 2.6306374 2.1864269 2.5461943 2.8115500 1.8294386 1.9374241 1.9339002 1.7870031 1.7902616 1.6335317 2.5016372 3.0746227 3.2691945 2.8930478 3.6661268 0.0000000 1.1695347 
RM14_PARTE_1_119  2.4044902 2.1962083 2.6640390 1.9289712 2.1493820 2.9432817 1.5113449 2.1041970 1.7941782 1.7073570 1.5773138 1.5914355 2.8674628 2.3594722 3.7042940 2.4173613 3.3338119 1.1695347 0.0000000 
