9
SPT41_ARATH_14_116  0.0000000 0.3980909 1.4514645 1.3902835 1.8993701 1.7747281 1.8749078 1.8730123 2.0523811 
Q8LHK9_ORYSA_29_131 0.3980909 0.0000000 1.4283129 1.4456756 1.7068551 1.5370455 1.9852690 1.8728859 2.0861986 
SPT4H_DROME_11_114  1.4514645 1.4283129 0.0000000 0.6032268 0.8463664 1.1429475 1.2789259 2.1073978 1.8920556 
SPT41_MOUSE_11_114  1.3902835 1.4456756 0.6032268 0.0000000 0.7810155 1.1780085 1.3089014 1.5268925 1.3796392 
SPT4H_CAEEL_10_113  1.8993701 1.7068551 0.8463664 0.7810155 0.0000000 1.3576888 1.6410664 1.8463554 1.6310428 
Q8SR92_ENCCU_11_113 1.7747281 1.5370455 1.1429475 1.1780085 1.3576888 0.0000000 1.5432066 1.8236859 1.5949942 
SPT4_SCHPO_7_102    1.8749078 1.9852690 1.2789259 1.3089014 1.6410664 1.5432066 0.0000000 1.2762838 1.2888362 
SPT4_KLULA_2_99     1.8730123 1.8728859 2.1073978 1.5268925 1.8463554 1.8236859 1.2762838 0.0000000 0.2774486 
SPT4_YEAST_2_99     2.0523811 2.0861986 1.8920556 1.3796392 1.6310428 1.5949942 1.2888362 0.2774486 0.0000000 
