6
Q9HTE5_PSEAE_53_204 0.0000000 1.3969751 2.2250216 1.7862517 1.6390794 1.7468215 
SOXG_CORS1_47_196   1.3969751 0.0000000 1.9963789 2.2406554 2.2328769 1.9223552 
Q98GZ2_RHILO_47_191 2.2250216 1.9963789 0.0000000 1.4657902 1.8111910 1.7979556 
Q98KX5_RHILO_40_189 1.7862517 2.2406554 1.4657902 0.0000000 1.1693386 1.1265988 
Q989Y3_RHILO_26_172 1.6390794 2.2328769 1.8111910 1.1693386 0.0000000 1.2121330 
Q986L5_RHILO_64_213 1.7468215 1.9223552 1.7979556 1.1265988 1.2121330 0.0000000 
