13
Q9M1U0_ARATH_91_434  0.0000000 0.1689045 0.2748745 1.1526488 1.4697769 1.4275008 2.6913949 1.2501875 1.0852109 1.2425878 1.3006789 1.2996715 1.1472964 
Q9LN08_ARATH_308_678 0.1689045 0.0000000 0.2826419 1.1532062 1.4443649 1.5058915 2.8507579 1.1737397 1.0459279 1.1597903 1.2356410 1.3503031 1.1959275 
Q9S9Q4_ARATH_129_473 0.2748745 0.2826419 0.0000000 1.1125926 1.3420567 1.3553073 3.2705129 1.1187161 1.0773391 1.1358137 1.1136543 1.1315882 1.0740234 
SAPS2_HUMAN_128_532  1.1526488 1.1532062 1.1125926 0.0000000 0.4843636 0.4971559 2.7590684 1.5004240 1.5078066 1.2758492 1.2605209 1.3167824 1.2292683 
SAPS1_HUMAN_128_519  1.4697769 1.4443649 1.3420567 0.4843636 0.0000000 0.3580837 2.8612907 1.6430909 1.6286704 1.4199619 1.3808834 1.5090661 1.3374832 
SAPS3_HUMAN_128_513  1.4275008 1.5058915 1.3553073 0.4971559 0.3580837 0.0000000 2.1621348 1.4252257 1.5199688 1.2978770 1.3829066 1.3540583 1.4904530 
Q18696_CAEEL_129_509 2.6913949 2.8507579 3.2705129 2.7590684 2.8612907 2.1621348 0.0000000 3.1428773 2.4002637 1.8713966 2.2826917 2.3893911 2.6681867 
SAP4_YEAST_207_736   1.2501875 1.1737397 1.1187161 1.5004240 1.6430909 1.4252257 3.1428773 0.0000000 0.4710889 0.6263458 0.5718558 0.6271809 0.7538424 
SA155_YEAST_334_847  1.0852109 1.0459279 1.0773391 1.5078066 1.6286704 1.5199688 2.4002637 0.4710889 0.0000000 0.4595994 0.5316065 0.6176678 0.5647352 
SA190_YEAST_266_763  1.2425878 1.1597903 1.1358137 1.2758492 1.4199619 1.2978770 1.8713966 0.6263458 0.4595994 0.0000000 0.2336179 0.2549407 0.4336982 
SA185_YEAST_259_772  1.3006789 1.2356410 1.1136543 1.2605209 1.3808834 1.3829066 2.2826917 0.5718558 0.5316065 0.2336179 0.0000000 0.2093440 0.4581258 
Q9UVI6_CANAL_228_703 1.2996715 1.3503031 1.1315882 1.3167824 1.5090661 1.3540583 2.3893911 0.6271809 0.6176678 0.2549407 0.2093440 0.0000000 0.4544580 
EKC1_SCHPO_141_653   1.1472964 1.1959275 1.0740234 1.2292683 1.3374832 1.4904530 2.6681867 0.7538424 0.5647352 0.4336982 0.4581258 0.4544580 0.0000000 
