21
TRMU_MYCTU_1_353   0.0000000 0.5750945 1.2511662 1.1572519 1.4987584 1.5072924 1.7788748 2.0729580 1.9011469 2.3877864 1.5127297 1.5091647 1.6631303 1.7250667 1.6462234 1.6451463 1.7296070 2.0009942 2.0910302 2.2543744 2.0614984 
TRMU_STRCO_11_365  0.5750945 0.0000000 1.1951069 1.2852241 1.4272989 1.4659623 1.5466775 1.9043835 2.0660420 2.4161244 1.1676318 1.2338810 1.3439279 1.5821161 1.5337489 1.5939081 1.6499625 2.1835402 2.2769819 2.2701198 1.8040543 
TRMU_DEIRA_20_369  1.2511662 1.1951069 0.0000000 1.1077637 1.2186191 1.3550293 1.6477280 2.2628472 1.8532310 1.9383695 1.1869790 1.2009436 1.3274951 1.2139653 1.1453581 1.3719821 1.5689988 2.1112203 2.0950575 2.6601333 1.7720514 
TRMU_RICPR_2_353   1.1572519 1.2852241 1.1077637 0.0000000 1.0959447 1.2757971 1.6002992 1.7273206 1.8967578 1.6553365 1.1811054 1.3342239 1.3765536 1.6669314 1.4420114 1.6373649 1.8746011 2.2154252 1.9433463 2.0822351 1.7196622 
TRMU_SYNY3_3_348   1.4987584 1.4272989 1.2186191 1.0959447 0.0000000 1.2268139 1.5761635 1.6244707 1.8716466 2.3064337 1.0449170 1.0699412 1.2835277 1.5533305 1.4409015 1.5379154 1.4993274 1.8607869 1.9576935 1.9276386 1.6144271 
TRMU_AQUAE_1_351   1.5072924 1.4659623 1.3550293 1.2757971 1.2268139 0.0000000 1.1826505 1.6931008 1.9227328 1.6106854 1.2374170 1.3784862 1.1315435 1.4201590 1.3587419 1.4723391 1.5502668 1.5341303 1.6066435 1.8628368 1.4450326 
TRMU_THEMA_1_353   1.7788748 1.5466775 1.6477280 1.6002992 1.5761635 1.1826505 0.0000000 1.8881792 1.8999129 1.7475408 1.4077907 1.6186760 1.6230830 1.6517141 1.4075782 1.6949123 1.6957285 1.9546661 1.7894095 2.0182123 1.8841416 
TRMU_HELPY_19_359  2.0729580 1.9043835 2.2628472 1.7273206 1.6244707 1.6931008 1.8881792 0.0000000 3.0074626 2.0048816 1.5355924 1.6022192 1.8115499 2.2582956 2.0751089 1.9402189 2.0207688 2.0334687 2.1736513 2.3725340 2.2367236 
TRMU_YEAST_27_407  1.9011469 2.0660420 1.8532310 1.8967578 1.8716466 1.9227328 1.8999129 3.0074626 0.0000000 1.4601964 1.7296344 1.7024039 1.6713009 1.3933749 1.4645081 1.7375537 2.1664423 1.9781850 1.9215531 2.0684166 2.0686577 
TRMU_SCHPO_32_405  2.3877864 2.4161244 1.9383695 1.6553365 2.3064337 1.6106854 1.7475408 2.0048816 1.4601964 0.0000000 1.5246733 1.5837624 1.4390640 1.3752961 1.3092276 1.4491687 1.6618107 1.4950126 1.4294714 2.0959673 1.8217218 
TRMU_ECOLI_6_360   1.5127297 1.1676318 1.1869790 1.1811054 1.0449170 1.2374170 1.4077907 1.5355924 1.7296344 1.5246733 0.0000000 0.1104059 0.4921970 0.9459446 0.7610637 0.9769183 1.0379989 1.3155865 1.3718667 1.4320967 1.3086335 
TRMU_HAEIN_25_379  1.5091647 1.2338810 1.2009436 1.3342239 1.0699412 1.3784862 1.6186760 1.6022192 1.7024039 1.5837624 0.1104059 0.0000000 0.5705426 0.9608422 0.8540426 1.0605459 1.0597968 1.4659875 1.4729313 1.5494560 1.4488949 
TRMU_BACSU_9_358   1.6631303 1.3439279 1.3274951 1.3765536 1.2835277 1.1315435 1.6230830 1.8115499 1.6713009 1.4390640 0.4921970 0.5705426 0.0000000 0.7784644 0.6093599 1.0619050 1.0075561 1.3216720 1.4185190 1.4557646 1.4041646 
TRMU_CHLPN_3_352   1.7250667 1.5821161 1.2139653 1.6669314 1.5533305 1.4201590 1.6517141 2.2582956 1.3933749 1.3752961 0.9459446 0.9608422 0.7784644 0.0000000 0.3187913 1.1438991 1.1626915 1.4931794 1.4474646 1.7264674 1.6188802 
TRMU_CHLTR_3_350   1.6462234 1.5337489 1.1453581 1.4420114 1.4409015 1.3587419 1.4075782 2.0751089 1.4645081 1.3092276 0.7610637 0.8540426 0.6093599 0.3187913 0.0000000 1.1602600 1.2424404 1.3180178 1.2939884 1.4985198 1.6144783 
Q9U1L1_DROME_3_366 1.6451463 1.5939081 1.3719821 1.6373649 1.5379154 1.4723391 1.6949123 1.9402189 1.7375537 1.4491687 0.9769183 1.0605459 1.0619050 1.1438991 1.1602600 0.0000000 0.9969232 1.1728198 1.3673043 1.6077271 1.3497219 
TRMU_HUMAN_5_383   1.7296070 1.6499625 1.5689988 1.8746011 1.4993274 1.5502668 1.6957285 2.0207688 2.1664423 1.6618107 1.0379989 1.0597968 1.0075561 1.1626915 1.2424404 0.9969232 0.0000000 1.6170631 1.4953751 1.8061160 1.3636002 
TRMU_MYCPN_4_365   2.0009942 2.1835402 2.1112203 2.2154252 1.8607869 1.5341303 1.9546661 2.0334687 1.9781850 1.4950126 1.3155865 1.4659875 1.3216720 1.4931794 1.3180178 1.1728198 1.6170631 0.0000000 0.5104808 1.7687066 1.6697407 
TRMU_MYCGE_6_367   2.0910302 2.2769819 2.0950575 1.9433463 1.9576935 1.6066435 1.7894095 2.1736513 1.9215531 1.4294714 1.3718667 1.4729313 1.4185190 1.4474646 1.2939884 1.3673043 1.4953751 0.5104808 0.0000000 1.8246600 1.9186535 
TRMU_BORBU_1_350   2.2543744 2.2701198 2.6601333 2.0822351 1.9276386 1.8628368 2.0182123 2.3725340 2.0684166 2.0959673 1.4320967 1.5494560 1.4557646 1.7264674 1.4985198 1.6077271 1.8061160 1.7687066 1.8246600 0.0000000 0.7055572 
Q9SYD2_ARATH_6_363 2.0614984 1.8040543 1.7720514 1.7196622 1.6144271 1.4450326 1.8841416 2.2367236 2.0686577 1.8217218 1.3086335 1.4488949 1.4041646 1.6188802 1.6144783 1.3497219 1.3636002 1.6697407 1.9186535 0.7055572 0.0000000 
