9
Q07713_STAAU_1_463   0.0000000 0.8029204 1.7787654 2.2369830 2.2243772 1.9781663 1.8535330 1.8423573 2.0340397 
O87219_9LACT_2_454   0.8029204 0.0000000 1.6794412 2.0485585 1.8204269 1.8245847 1.8265126 1.8021365 1.8401627 
Q9ZDN4_RICPR_120_569 1.7787654 1.6794412 0.0000000 1.1237500 1.3264031 1.9374077 1.9350078 1.4507996 1.7261215 
VIRD4_AGRRH_97_580   2.2369830 2.0485585 1.1237500 0.0000000 1.6632952 2.2071808 2.0819707 1.6914064 1.8386495 
TRAG4_ECOLI_120_618  2.2243772 1.8204269 1.3264031 1.6632952 0.0000000 1.9587414 2.1110423 2.0650343 2.1094407 
TRAG_RHISN_163_636   1.9781663 1.8245847 1.9374077 2.2071808 1.9587414 0.0000000 0.1613163 2.2188000 2.5934330 
TRAG_AGRT5_163_640   1.8535330 1.8265126 1.9350078 2.0819707 2.1110423 0.1613163 0.0000000 2.1580178 2.4867204 
O32582_ECOLI_101_581 1.8423573 1.8021365 1.4507996 1.6914064 2.0650343 2.2188000 2.1580178 0.0000000 1.4926973 
O25260_HELPY_177_713 2.0340397 1.8401627 1.7261215 1.8386495 2.1094407 2.5934330 2.4867204 1.4926973 0.0000000 
