7
O32541_ECOLI_26_330 0.0000000 0.3455166 1.0359359 1.6208687 1.9539793 1.7196099 1.8334883 
Q8KNK8_SALTI_29_331 0.3455166 0.0000000 1.1297396 1.6980694 1.9519260 1.7408679 1.9022768 
O85937_SPHAR_32_340 1.0359359 1.1297396 0.0000000 1.5643057 1.7788123 1.4928516 1.7051822 
Q9L5V2_SALTI_2_311  1.6208687 1.6980694 1.5643057 0.0000000 1.7187470 1.4572732 1.7264986 
Q8L271_PROVU_43_357 1.9539793 1.9519260 1.7788123 1.7187470 0.0000000 0.8172040 0.7944508 
Q8KQW7_VIBCH_32_340 1.7196099 1.7408679 1.4928516 1.4572732 0.8172040 0.0000000 0.7677310 
Q8GHQ9_PSERE_35_349 1.8334883 1.9022768 1.7051822 1.7264986 0.7944508 0.7677310 0.0000000 
