10
Y796_NEIMB_2_85 0.0000000 1.3275186 1.4033545 1.1103233 1.0683411 1.0451940 1.4278227 1.8104872 1.7749778 1.7267073 
YFJF_ECOLI_5_88 1.3275186 0.0000000 0.6790173 0.6008421 0.7802941 1.3468390 1.1153926 1.5043098 1.4243994 1.4206394 
Y850_VIBCH_6_89 1.4033545 0.6790173 0.0000000 0.7868750 0.9125350 1.4253020 1.4170994 1.5459684 1.3542156 1.5228731 
Y166_PASMU_4_87 1.1103233 0.6008421 0.7868750 0.0000000 0.2959793 1.2691451 1.4473759 1.6357463 1.4264076 1.4484530 
Y395_HAEIN_4_87 1.0683411 0.7802941 0.9125350 0.2959793 0.0000000 1.3214969 1.5557560 1.4454655 1.4239257 1.2226878 
YOM2_PSEAE_4_89 1.0451940 1.3468390 1.4253020 1.2691451 1.3214969 0.0000000 1.8818924 1.9766211 1.8773935 1.5671754 
Y253_BUCAI_4_87 1.4278227 1.1153926 1.4170994 1.4473759 1.5557560 1.8818924 0.0000000 1.7470441 1.8866193 1.6383853 
RNFH_PSEST_1_84 1.8104872 1.5043098 1.5459684 1.6357463 1.4454655 1.9766211 1.7470441 0.0000000 0.3804847 1.3707768 
RNFH_AZOVI_1_84 1.7749778 1.4243994 1.3542156 1.4264076 1.4239257 1.8773935 1.8866193 0.3804847 0.0000000 1.4597191 
RNFH_RHOCA_1_84 1.7267073 1.4206394 1.5228731 1.4484530 1.2226878 1.5671754 1.6383853 1.3707768 1.4597191 0.0000000 
