24
Q8DTN1_STRMU_323_506 0.0000000 0.3857039 0.4778122 0.7435550 0.4762517 0.5839657 0.6909410 0.6662773 0.8031008 0.7490005 0.7964598 0.9051337 1.0619576 0.8440305 0.8093156 0.7511783 1.0464347 0.9401647 1.0867742 1.1854622 1.0358526 1.0341682 1.1850405 1.2868673 
Q3D950_STRAG_323_506 0.3857039 0.0000000 0.4683559 0.5019335 0.5440893 0.5832720 0.6844887 0.6691641 0.7929159 0.9059873 0.9271007 0.9859594 1.1383158 0.9323506 0.8743407 0.7922653 1.0393931 0.9824425 1.1376474 1.1208166 1.1216609 1.0663809 0.9831764 1.2545184 
ADCA_STRP1_331_515   0.4778122 0.4683559 0.0000000 0.5758849 0.4713428 0.4830817 0.6519156 0.7390430 0.7751038 0.8308196 0.7885287 0.8180601 1.0185655 0.7415554 0.7118417 0.7235659 0.8845333 0.6987213 1.1587102 1.0479529 0.9802795 0.9132751 1.1656556 1.4311135 
Q82Z67_ENTFA_330_511 0.7435550 0.5019335 0.5758849 0.0000000 0.4470647 0.3635086 0.6397585 0.7353360 1.0541558 0.7385963 0.7260835 0.8209508 0.9340252 0.9255486 0.9433356 0.7937827 0.9056191 0.8689577 1.0892749 1.0135614 0.9910614 1.0342613 0.9554542 1.1903685 
Q301J6_STRSU_322_503 0.4762517 0.5440893 0.4713428 0.4470647 0.0000000 0.3063157 0.5208775 0.7063846 0.8532051 0.6707132 0.7397797 0.7222125 0.8822635 0.9217583 0.8157373 0.7954161 0.8583276 0.7348733 0.9922395 1.0822055 0.9352538 0.8946656 1.0448477 1.0802147 
Q842E9_STRGC_319_500 0.5839657 0.5832720 0.4830817 0.3635086 0.3063157 0.0000000 0.5693827 0.5761581 0.7293882 0.6432242 0.5282524 0.6451699 1.0453159 0.9012895 0.7933752 0.7293709 0.9978310 0.8561093 1.1735583 1.1845622 0.9315834 0.9807025 1.0017674 1.1347576 
Q9CG08_LACLA_153_334 0.6909410 0.6844887 0.6519156 0.6397585 0.5208775 0.5693827 0.0000000 0.6398734 1.0004786 0.9846245 0.9459358 0.8430638 1.1741559 1.0109864 1.0366529 0.8921758 1.1304173 1.0121624 1.2175829 1.4508947 1.3057610 1.3406919 0.9467118 1.2150541 
Q5M044_STRT1_328_514 0.6662773 0.6691641 0.7390430 0.7353360 0.7063846 0.5761581 0.6398734 0.0000000 0.7086104 0.9596321 0.8470603 0.9008265 1.0353421 0.8587972 0.8548003 0.7309406 1.0341479 0.8571217 1.1454720 1.0614597 1.2695753 1.0766872 0.8581210 0.9298074 
Q3Y2X1_ENTFC_325_507 0.8031008 0.7929159 0.7751038 1.0541558 0.8532051 0.7293882 1.0004786 0.7086104 0.0000000 0.9659995 0.9561758 1.1215382 1.0551748 0.8427130 0.8871842 0.8120198 1.0920570 1.0273070 1.3296262 1.1240731 1.2154178 1.1998411 1.0633338 1.1607447 
Q4L8S1_STAHJ_335_516 0.7490005 0.9059873 0.8308196 0.7385963 0.6707132 0.6432242 0.9846245 0.9596321 0.9659995 0.0000000 0.3504767 0.4110168 0.9082986 0.8626305 0.8284354 0.8298422 0.9223025 0.9188295 1.0634847 1.0012978 0.8597529 0.9006516 1.1193616 1.1010361 
Q8NV16_STAAW_334_515 0.7964598 0.9271007 0.7885287 0.7260835 0.7397797 0.5282524 0.9459358 0.8470603 0.9561758 0.3504767 0.0000000 0.3876362 0.8774444 0.8920494 0.8939458 0.7911075 0.9425234 0.8264790 1.0657864 0.9064453 0.9027044 0.7927489 1.0293399 1.0546281 
Q49ZY5_STAS1_330_510 0.9051337 0.9859594 0.8180601 0.8209508 0.7222125 0.6451699 0.8430638 0.9008265 1.1215382 0.4110168 0.3876362 0.0000000 1.0740016 0.9727993 0.8461056 0.8367200 0.8944057 0.8070662 0.9124936 1.1018708 0.9283914 0.9419372 1.1558349 1.3176901 
Q5WIZ9_BACSK_154_333 1.0619576 1.1383158 1.0185655 0.9340252 0.8822635 1.0453159 1.1741559 1.0353421 1.0551748 0.9082986 0.8774444 1.0740016 0.0000000 0.3284868 0.5218954 0.4003432 0.4824987 0.5796864 0.7366947 0.6865808 0.6877767 0.7002003 1.1227283 1.2203901 
Q1R157_CHRSD_53_233  0.8440305 0.9323506 0.7415554 0.9255486 0.9217583 0.9012895 1.0109864 0.8587972 0.8427130 0.8626305 0.8920494 0.9727993 0.3284868 0.0000000 0.3608104 0.2972487 0.4124930 0.4812044 0.6873055 0.6296808 0.5624025 0.5344051 1.0296414 1.2770834 
Q6HIV2_BACHK_59_239  0.8093156 0.8743407 0.7118417 0.9433356 0.8157373 0.7933752 1.0366529 0.8548003 0.8871842 0.8284354 0.8939458 0.8461056 0.5218954 0.3608104 0.0000000 0.2373098 0.4390158 0.5981734 0.7901597 0.7384633 0.6261794 0.7199913 1.1249082 1.2984787 
YRPE_BACSU_71_251    0.7511783 0.7922653 0.7235659 0.7937827 0.7954161 0.7293709 0.8921758 0.7309406 0.8120198 0.8298422 0.7911075 0.8367200 0.4003432 0.2972487 0.2373098 0.0000000 0.4458788 0.5295926 0.6699919 0.6979926 0.5645960 0.7152114 1.0242627 1.1619760 
Q8ERM3_OCEIH_154_334 1.0464347 1.0393931 0.8845333 0.9056191 0.8583276 0.9978310 1.1304173 1.0341479 1.0920570 0.9223025 0.9425234 0.8944057 0.4824987 0.4124930 0.4390158 0.4458788 0.0000000 0.4689457 0.7870707 0.5531468 0.6854688 0.7717468 1.0599973 1.3559386 
Q2BBL9_9BACI_83_265  0.9401647 0.9824425 0.6987213 0.8689577 0.7348733 0.8561093 1.0121624 0.8571217 1.0273070 0.9188295 0.8264790 0.8070662 0.5796864 0.4812044 0.5981734 0.5295926 0.4689457 0.0000000 0.7808901 0.6363071 0.8754631 0.7196724 1.0148318 1.1560999 
Q3QU31_9RHOB_34_213  1.0867742 1.1376474 1.1587102 1.0892749 0.9922395 1.1735583 1.2175829 1.1454720 1.3296262 1.0634847 1.0657864 0.9124936 0.7366947 0.6873055 0.7901597 0.6699919 0.7870707 0.7808901 0.0000000 0.6960926 0.6084537 0.6169670 1.2032468 1.3866214 
Q3IXK2_RHOS4_48_227  1.1854622 1.1208166 1.0479529 1.0135614 1.0822055 1.1845622 1.4508947 1.0614597 1.1240731 1.0012978 0.9064453 1.1018708 0.6865808 0.6296808 0.7384633 0.6979926 0.5531468 0.6363071 0.6960926 0.0000000 0.6484171 0.5096672 1.0594374 1.2045944 
Q8UGI8_AGRT5_48_227  1.0358526 1.1216609 0.9802795 0.9910614 0.9352538 0.9315834 1.3057610 1.2695753 1.2154178 0.8597529 0.9027044 0.9283914 0.6877767 0.5624025 0.6261794 0.5645960 0.6854688 0.8754631 0.6084537 0.6484171 0.0000000 0.4793644 1.1135664 1.2948476 
Q2JZD7_RHIEC_37_216  1.0341682 1.0663809 0.9132751 1.0342613 0.8946656 0.9807025 1.3406919 1.0766872 1.1998411 0.9006516 0.7927489 0.9419372 0.7002003 0.5344051 0.7199913 0.7152114 0.7717468 0.7196724 0.6169670 0.5096672 0.4793644 0.0000000 1.0635012 1.2724192 
Q2MAZ5_ECOLI_35_216  1.1850405 0.9831764 1.1656556 0.9554542 1.0448477 1.0017674 0.9467118 0.8581210 1.0633338 1.1193616 1.0293399 1.1558349 1.1227283 1.0296414 1.1249082 1.0242627 1.0599973 1.0148318 1.2032468 1.0594374 1.1135664 1.0635012 0.0000000 0.3376143 
Q8Z6C9_SALTI_35_216  1.2868673 1.2545184 1.4311135 1.1903685 1.0802147 1.1347576 1.2150541 0.9298074 1.1607447 1.1010361 1.0546281 1.3176901 1.2203901 1.2770834 1.2984787 1.1619760 1.3559386 1.1560999 1.3866214 1.2045944 1.2948476 1.2724192 0.3376143 0.0000000 
