6
VP282_ARATH_18_205 0.0000000 1.1224973 1.0095918 1.0187741 1.0560668 1.4015813 
VPS28_YEAST_40_242 1.1224973 0.0000000 1.4644541 1.3566587 1.7910099 1.0997160 
VPS28_DROME_27_208 1.0095918 1.4644541 0.0000000 0.5702428 1.0433767 1.5815190 
VPS28_HUMAN_39_220 1.0187741 1.3566587 0.5702428 0.0000000 1.0443542 1.3575068 
VPS28_CAEEL_27_206 1.0560668 1.7910099 1.0433767 1.0443542 0.0000000 1.4301535 
VPS28_SCHPO_31_248 1.4015813 1.0997160 1.5815190 1.3575068 1.4301535 0.0000000 
