10
Q8ET28_OCEIH_220_372 0.0000000 0.5589328 0.5196855 0.6293374 0.6774830 0.5741040 0.6807928 0.8611126 0.8522046 1.3414189 
Q5L2X0_GEOKA_220_372 0.5589328 0.0000000 0.3593669 0.5374966 0.7604679 0.5790092 0.4646622 0.6140808 0.7573451 1.5886022 
O34868_BACSU_1_153   0.5196855 0.3593669 0.0000000 0.4704366 0.6096691 0.6060435 0.4840692 0.5921758 0.7136207 1.4299155 
Q63GF7_BACCZ_221_373 0.6293374 0.5374966 0.4704366 0.0000000 0.7401532 0.7328396 0.6831869 0.7601888 0.8483436 1.8463136 
Q41F73_9BACI_217_370 0.6774830 0.7604679 0.6096691 0.7401532 0.0000000 0.4720961 0.5095417 0.9731115 1.1381319 1.5907965 
Q5WIH5_BACSK_217_369 0.5741040 0.5790092 0.6060435 0.7328396 0.4720961 0.0000000 0.3737035 0.8357890 1.0232344 1.6186511 
Q9KEG3_BACHD_220_372 0.6807928 0.4646622 0.4840692 0.6831869 0.5095417 0.3737035 0.0000000 0.9293574 1.0042636 1.5944956 
Q8CRV6_STAES_220_373 0.8611126 0.6140808 0.5921758 0.7601888 0.9731115 0.8357890 0.9293574 0.0000000 0.2653546 1.7096100 
Q8NVU2_STAAW_221_374 0.8522046 0.7573451 0.7136207 0.8483436 1.1381319 1.0232344 1.0042636 0.2653546 0.0000000 1.6995219 
Q67RS9_SYMTH_213_365 1.3414189 1.5886022 1.4299155 1.8463136 1.5907965 1.6186511 1.5944956 1.7096100 1.6995219 0.0000000 
