16
Q4BUH6_CROWT_1_111 0.0000000 0.7942183 0.8136797 0.7872459 0.8554986 0.8230648 1.1369837 1.0401203 1.4135555 1.3037880 1.2326136 1.1339155 0.9985111 1.4759431 1.1664272 1.2943115 
Q3M6F6_ANAVT_1_111 0.7942183 0.0000000 0.7751214 0.7050301 0.8838558 1.0025116 1.2711528 0.9355049 1.4265696 1.3997960 1.1246494 1.3312600 1.1365198 1.7569040 1.3214794 1.4626715 
Q4CA82_CROWT_1_109 0.8136797 0.7751214 0.0000000 0.8268648 0.9037729 1.0637852 1.2547894 1.1449583 1.4382730 1.6178237 1.3130664 1.2620642 1.2297473 1.6373989 1.2284269 1.4726222 
Q3M7W5_ANAVT_1_111 0.7872459 0.7050301 0.8268648 0.0000000 0.6936339 0.7664494 1.0249411 0.9326264 1.1604923 1.2887625 1.1041516 1.2682180 1.2139134 1.1944894 0.9661779 1.4423575 
Q4BU80_CROWT_1_110 0.8554986 0.8838558 0.9037729 0.6936339 0.0000000 0.7936976 1.1842276 1.0491218 1.3252581 1.3221869 1.1829984 1.5118980 1.2264451 1.1348415 1.1241937 1.6214606 
Q7A2F8_ANASP_1_111 0.8230648 1.0025116 1.0637852 0.7664494 0.7936976 0.0000000 1.2154206 1.2723747 1.1704195 1.4271455 1.2636557 1.4016776 1.1983958 1.5954004 1.1225707 1.2885409 
Q3HEJ2_TRIER_1_111 1.1369837 1.2711528 1.2547894 1.0249411 1.1842276 1.2154206 0.0000000 0.9220072 1.3280439 1.2656428 1.2482682 1.4654214 1.1033651 0.9902217 1.1454327 1.5574419 
Q4BZ74_CROWT_1_110 1.0401203 0.9355049 1.1449583 0.9326264 1.0491218 1.2723747 0.9220072 0.0000000 1.4910114 1.1500148 1.2029432 1.1805487 1.1099267 1.5215384 1.4126126 1.5913830 
Q3MD55_ANAVT_1_125 1.4135555 1.4265696 1.4382730 1.1604923 1.3252581 1.1704195 1.3280439 1.4910114 0.0000000 1.0734507 1.3150587 1.2850329 1.1548119 1.5629887 1.4259318 1.2274958 
Q4CAM0_CROWT_4_116 1.3037880 1.3997960 1.6178237 1.2887625 1.3221869 1.4271455 1.2656428 1.1500148 1.0734507 0.0000000 0.6502917 0.8550806 0.6053220 1.1806862 1.3108744 1.6077810 
Q3MAU9_ANAVT_1_114 1.2326136 1.1246494 1.3130664 1.1041516 1.1829984 1.2636557 1.2482682 1.2029432 1.3150587 0.6502917 0.0000000 0.8645334 0.6727526 0.9276873 0.9507901 1.5121315 
Q3M7V9_ANAVT_1_113 1.1339155 1.3312600 1.2620642 1.2682180 1.5118980 1.4016776 1.4654214 1.1805487 1.2850329 0.8550806 0.8645334 0.0000000 0.5097232 1.2966353 1.1122586 1.4963896 
Q4CAM5_CROWT_1_113 0.9985111 1.1365198 1.2297473 1.2139134 1.2264451 1.1983958 1.1033651 1.1099267 1.1548119 0.6053220 0.6727526 0.5097232 0.0000000 1.1763212 1.0020717 1.2909027 
Q4C5S5_CROWT_1_111 1.4759431 1.7569040 1.6373989 1.1944894 1.1348415 1.5954004 0.9902217 1.5215384 1.5629887 1.1806862 0.9276873 1.2966353 1.1763212 0.0000000 0.7683000 1.5661011 
Q4C797_CROWT_1_111 1.1664272 1.3214794 1.2284269 0.9661779 1.1241937 1.1225707 1.1454327 1.4126126 1.4259318 1.3108744 0.9507901 1.1122586 1.0020717 0.7683000 0.0000000 1.3841593 
Q4C9A5_CROWT_1_107 1.2943115 1.4626715 1.4726222 1.4423575 1.6214606 1.2885409 1.5574419 1.5913830 1.2274958 1.6077810 1.5121315 1.4963896 1.2909027 1.5661011 1.3841593 0.0000000 
