8
Q8UA04_AGRT5_48_165 0.0000000 0.6708225 0.9562183 1.4909496 1.7035010 1.2319536 2.8149197 2.2680032 
Q92VK6_RHIME_47_166 0.6708225 0.0000000 0.9015255 1.3912429 1.8863598 1.5305247 1.9471449 2.4893160 
Q52872_RHILT_50_169 0.9562183 0.9015255 0.0000000 1.7346015 1.9013837 1.7696751 2.8983601 2.4420117 
Q98MH9_RHILO_50_168 1.4909496 1.3912429 1.7346015 0.0000000 1.5973694 1.6054418 2.5982630 1.6610815 
P71804_MYCTU_53_172 1.7035010 1.8863598 1.9013837 1.5973694 0.0000000 1.2380223 1.5034136 1.9749498 
Q8PWW9_METMA_54_171 1.2319536 1.5305247 1.7696751 1.6054418 1.2380223 0.0000000 1.8518089 1.2217874 
Q7NL28_GLOVI_56_174 2.8149197 1.9471449 2.8983601 2.5982630 1.5034136 1.8518089 0.0000000 3.0961037 
Q6LY88_METMP_51_167 2.2680032 2.4893160 2.4420117 1.6610815 1.9749498 1.2217874 3.0961037 0.0000000 
