8
Q67694_9VIRU_1_124 0.0000000 0.3978729 0.5211435 0.5840944 0.9125084 0.8506281 1.0636898 2.6979529 
Q67702_9VIRU_1_124 0.3978729 0.0000000 0.3918457 0.4615834 0.8397864 0.7251786 0.8646194 2.3362885 
Q8QXV8_9VIRU_1_123 0.5211435 0.3918457 0.0000000 0.5563747 0.8186095 0.8865006 1.0967312 2.5072639 
VNBP_SHVX_1_124    0.5840944 0.4615834 0.5563747 0.0000000 0.6627623 0.5170309 0.6518383 3.0699819 
Q67698_9VIRU_1_124 0.9125084 0.8397864 0.8186095 0.6627623 0.0000000 0.2835646 0.4524908 3.1444849 
Q8QXW6_9VIRU_1_124 0.8506281 0.7251786 0.8865006 0.5170309 0.2835646 0.0000000 0.4479028 2.9462494 
Q67662_9VIRU_1_124 1.0636898 0.8646194 1.0967312 0.6518383 0.4524908 0.4479028 0.0000000 3.6599329 
Q9QEE6_9VIRU_1_222 2.6979529 2.3362885 2.5072639 3.0699819 3.1444849 2.9462494 3.6599329 0.0000000 
