8
UGPA2_YEAST_45_455  0.0000000 1.2802335 1.7310981 1.5700049 1.5952863 1.6849909 1.8464979 3.6734227 
UGPA1_YEAST_51_464  1.2802335 0.0000000 0.5493737 0.6176872 0.5941763 0.8174319 1.0821017 3.3606504 
UGPA_HORVU_29_441   1.7310981 0.5493737 0.0000000 0.5680494 0.5785199 0.9945385 1.0589004 3.7224148 
Q9ZSL9_GRAVE_45_460 1.5700049 0.6176872 0.5680494 0.0000000 0.5497242 0.8938287 1.0149553 3.2880873 
UGPA1_CRIGR_53_472  1.5952863 0.5941763 0.5785199 0.5497242 0.0000000 0.9641839 0.9071281 3.3754167 
UGPA2_SCHPO_50_464  1.6849909 0.8174319 0.9945385 0.8938287 0.9641839 0.0000000 1.4396978 2.8508394 
UGPA_DICDI_67_476   1.8464979 1.0821017 1.0589004 1.0149553 0.9071281 1.4396978 0.0000000 3.3373660 
UAP1_HUMAN_44_472   3.6734227 3.3606504 3.7224148 3.2880873 3.3754167 2.8508394 3.3373660 0.0000000 
