12
SURE_HELPY_2_199  0.0000000 0.7964372 0.7758754 0.9644497 0.7408256 0.9809232 0.8784363 1.2795173 1.2378812 1.6031817 1.3190689 1.2446688 
SURE_AQUAE_2_189  0.7964372 0.0000000 0.7915436 0.7105717 0.6945728 0.6975842 0.7949990 1.0145061 1.2439619 1.3311557 1.7335022 1.6247113 
SURE_HAEIN_1_184  0.7758754 0.7915436 0.0000000 0.3920688 0.9391603 0.8857898 0.8692841 1.3204128 1.5324383 1.5731028 1.5162822 1.5498879 
SURE_ECOLI_1_185  0.9644497 0.7105717 0.3920688 0.0000000 0.9200823 0.8329843 0.9017553 1.2766634 1.6220929 1.8446036 1.8005488 1.3942418 
SURE_RHIME_1_191  0.7408256 0.6945728 0.9391603 0.9200823 0.0000000 0.8006332 1.0733539 1.1480122 1.1041538 1.3300171 1.1169596 1.7207727 
SURE_SYNY3_7_199  0.9809232 0.6975842 0.8857898 0.8329843 0.8006332 0.0000000 0.9538891 1.2061115 1.7210865 1.5330251 1.5104875 1.8226489 
SURE_TREPA_1_187  0.8784363 0.7949990 0.8692841 0.9017553 1.0733539 0.9538891 0.0000000 1.2213860 1.2684861 1.3695911 1.5709315 1.4584218 
SURE_METTH_1_200  1.2795173 1.0145061 1.3204128 1.2766634 1.1480122 1.2061115 1.2213860 0.0000000 0.7233176 0.5346252 1.3836273 1.4624934 
SURE_ARCFU_1_196  1.2378812 1.2439619 1.5324383 1.6220929 1.1041538 1.7210865 1.2684861 0.7233176 0.0000000 0.8108164 1.8462659 1.6685085 
SURE_METJA_1_201  1.6031817 1.3311557 1.5731028 1.8446036 1.3300171 1.5330251 1.3695911 0.5346252 0.8108164 0.0000000 1.7002977 1.6201048 
SURE_CHLTR_7_201  1.3190689 1.7335022 1.5162822 1.8005488 1.1169596 1.5104875 1.5709315 1.3836273 1.8462659 1.7002977 0.0000000 1.8882196 
Y1459_SYNY3_1_184 1.2446688 1.6247113 1.5498879 1.3942418 1.7207727 1.8226489 1.4584218 1.4624934 1.6685085 1.6201048 1.8882196 0.0000000 
