32
COFD_STRCO_3_312     0.0000000 0.4187115 0.3827203 1.3126338 1.2302041 1.0027394 1.1359136 1.4161877 2.6543859 2.9543087 3.0150877 3.3751095 3.2126078 3.0582842 2.9864564 3.1209577 2.8572983 3.0769510 2.9360441 2.7418581 2.9334111 3.0060827 2.7602350 3.5276175 3.4389060 3.2232264 3.8247384 3.1848806 3.1345863 3.0802658 7.6144077 5.9995002 
COFD_MYCTU_3_327     0.4187115 0.0000000 0.1180234 1.5423183 1.2560889 1.0366911 1.1239509 1.4549267 2.2406885 2.4056626 2.2656142 2.3550539 2.1837620 2.1652539 2.0200687 2.0809605 2.2353545 2.2876837 2.5216564 1.8702811 2.4849435 2.1879005 2.1705120 2.4680401 2.3249813 2.2239724 2.8234638 2.4725687 2.2868651 2.6826832 6.2669931 5.8738625 
COFD_MYCLE_3_329     0.3827203 0.1180234 0.0000000 1.4615784 1.1654307 0.8875646 1.0829193 1.5752493 2.3560660 2.6085772 2.3737772 2.5047866 2.4394541 2.4622130 2.2528095 2.3294958 2.5338408 2.4412683 2.8556506 1.9813333 2.5971605 2.4058684 2.4252994 2.7797606 2.7291511 2.4652826 2.9280016 2.3266902 2.3053069 2.7000699 6.7403449 5.8164262 
COFD_HALSA_2_332     1.3126338 1.5423183 1.4615784 0.0000000 1.0694683 1.2318976 1.0445704 1.5855883 2.7620562 3.1112009 4.2073611 3.2503360 2.4463707 2.8740698 3.1470418 3.4557339 2.9837935 4.2360506 3.5686937 2.8594416 2.7562678 2.7029414 2.4951376 3.4731196 2.9304063 3.6880497 3.4482083 3.5860569 3.1747362 3.9010700 6.7620393 5.8106702 
COFD_METAC_1_288     1.2302041 1.2560889 1.1654307 1.0694683 0.0000000 0.7966041 0.6940046 1.0965830 2.4362537 2.3308517 2.7181936 2.8374363 2.7989610 2.6263931 2.5201463 2.7992753 2.8988372 3.0245099 3.1225168 2.9514134 2.3354899 2.4581244 1.9301369 2.6248680 2.4055227 3.0023320 2.9588760 2.4825981 2.7380125 3.0685527 6.9102618 6.3693025 
COFD_METKA_5_305     1.0027394 1.0366911 0.8875646 1.2318976 0.7966041 0.0000000 0.5050288 0.7695633 1.8065231 1.7391785 2.2378447 2.0688969 2.4812747 2.2117330 2.0305804 2.1650996 2.0972015 2.0704269 2.4257151 2.0009044 2.1180753 2.4630435 2.1335812 2.2731348 1.9324498 2.4291938 2.2266985 1.8958580 1.8882961 2.4258722 4.5873734 4.0342050 
COFD_METJA_5_311     1.1359136 1.1239509 1.0829193 1.0445704 0.6940046 0.5050288 0.0000000 0.7768482 2.2633220 2.1021800 2.8392411 2.4961187 2.6649594 2.3135712 2.4184458 2.5783082 2.2579995 2.6323719 2.4144496 2.9452647 2.0676935 2.6888215 2.7738435 2.7732394 2.4226423 3.0436863 3.0558753 2.6267005 2.2609531 3.3710724 5.8643504 4.5488029 
COFD_METTH_7_304     1.4161877 1.4549267 1.5752493 1.5855883 1.0965830 0.7695633 0.7768482 0.0000000 1.9957741 2.0212202 2.5038316 2.1300140 1.9893456 1.8833828 2.0306946 2.1873925 1.8772790 2.5772156 2.0500195 2.5945356 2.1364457 2.2481507 1.9726888 2.3274925 2.1281820 2.4630214 2.5145822 2.2093572 2.0767510 2.4310552 5.0399176 3.4709699 
Y3568_BACHD_6_295    2.6543859 2.2406885 2.3560660 2.7620562 2.4362537 1.8065231 2.2633220 1.9957741 0.0000000 0.1938051 0.4292420 0.3878409 0.4375353 0.4536454 0.5800093 0.4766455 0.4916158 0.4242534 0.6226644 0.7185898 0.4487619 0.6436588 0.4917458 0.9288648 0.7322195 0.8284510 1.2410916 0.9931916 0.8633879 1.0653531 2.5844357 1.8727503 
YVCK_BACSU_7_296     2.9543087 2.4056626 2.6085772 3.1112009 2.3308517 1.7391785 2.1021800 2.0212202 0.1938051 0.0000000 0.3183839 0.3016945 0.4692519 0.3893948 0.5170200 0.4780922 0.4741058 0.3457799 0.6256069 0.6668636 0.3918710 0.6136908 0.5356043 0.8792025 0.7380709 0.8276731 1.2071575 1.0785210 0.8109673 1.0724505 2.4463001 1.9011062 
Y154_SYNY3_149_438   3.0150877 2.2656142 2.3737772 4.2073611 2.7181936 2.2378447 2.8392411 2.5038316 0.4292420 0.3183839 0.0000000 0.2255414 0.4887945 0.4660148 0.5537752 0.4845626 0.6132170 0.4793607 0.7056296 0.6777050 0.6401236 0.7966128 0.7261719 1.1699703 0.9604893 0.9276070 1.2763827 1.1103798 0.9235025 1.2601604 2.6734051 2.7334756 
Y2298_ANASP_139_429  3.3751095 2.3550539 2.5047866 3.2503360 2.8374363 2.0688969 2.4961187 2.1300140 0.3878409 0.3016945 0.2255414 0.0000000 0.3844218 0.3694903 0.4291350 0.4615600 0.4491151 0.5004674 0.5720460 0.5787571 0.6361219 0.7753310 0.7026634 0.8930296 0.7411036 0.7346351 1.3019674 1.0232392 0.7948067 1.3175380 2.7220300 2.3056705 
Q8R8Z9_THETN_7_298   3.2126078 2.1837620 2.4394541 2.4463707 2.7989610 2.4812747 2.6649594 1.9893456 0.4375353 0.4692519 0.4887945 0.3844218 0.0000000 0.1485850 0.2683841 0.2230790 0.4665377 0.5908917 0.5425171 0.7058857 0.6605576 0.7837537 0.6691502 0.9432914 0.9115477 0.9467636 1.3005210 1.1905904 1.1354378 1.3836026 2.6037889 2.0834190 
YAMB_THETU_12_305    3.0582842 2.1652539 2.4622130 2.8740698 2.6263931 2.2117330 2.3135712 1.8833828 0.4536454 0.3893948 0.4660148 0.3694903 0.1485850 0.0000000 0.2390405 0.2465812 0.5318328 0.4963631 0.5104378 0.7076479 0.6093099 0.7197555 0.6256051 1.0338830 0.9297325 0.9531246 1.3074070 1.1696152 0.9887602 1.2714290 2.5842112 1.9116195 
Y512_CLOAB_105_397   2.9864564 2.0200687 2.2528095 3.1470418 2.5201463 2.0305804 2.4184458 2.0306946 0.5800093 0.5170200 0.5537752 0.4291350 0.2683841 0.2390405 0.0000000 0.2183013 0.5351719 0.5957935 0.6177429 0.7697746 0.7037227 0.6713220 0.7687567 0.9649112 0.8304820 0.9050234 1.1306349 1.1887310 1.0360716 1.4183280 2.4871668 2.1849995 
Q8XNH8_CLOPE_105_397 3.1209577 2.0809605 2.3294958 3.4557339 2.7992753 2.1650996 2.5783082 2.1873925 0.4766455 0.4780922 0.4845626 0.4615600 0.2230790 0.2465812 0.2183013 0.0000000 0.5752591 0.5982774 0.6250912 0.7972931 0.6473680 0.7126719 0.6862700 1.1755514 0.9867963 1.0222360 1.3137925 1.1714372 1.0588552 1.3506022 2.6744556 2.1253152 
Q9KX05_STAAU_6_294   2.8572983 2.2353545 2.5338408 2.9837935 2.8988372 2.0972015 2.2579995 1.8772790 0.4916158 0.4741058 0.6132170 0.4491151 0.4665377 0.5318328 0.5351719 0.5752591 0.0000000 0.4765080 0.5322542 0.7810244 0.5789551 0.7100388 0.6827736 0.8945499 0.8011034 0.9929547 1.2907095 1.1462855 0.9021848 1.3313624 2.5359386 1.9242488 
Y778_AQUAE_6_301     3.0769510 2.2876837 2.4412683 4.2360506 3.0245099 2.0704269 2.6323719 2.5772156 0.4242534 0.3457799 0.4793607 0.5004674 0.5908917 0.4963631 0.5957935 0.5982774 0.4765080 0.0000000 0.6628434 0.7206637 0.6067451 0.7319537 0.6719533 0.9228088 0.8151606 0.9156502 1.0446502 1.0291551 0.8480544 1.0040151 2.5285706 1.7404255 
Y1709_THEMA_3_290    2.9360441 2.5216564 2.8556506 3.5686937 3.1225168 2.4257151 2.4144496 2.0500195 0.6226644 0.6256069 0.7056296 0.5720460 0.5425171 0.5104378 0.6177429 0.6250912 0.5322542 0.6628434 0.0000000 0.9863163 0.7609947 0.8431650 0.7768693 1.0691313 0.8914149 1.1382856 1.4410983 1.2738105 1.2140800 1.1432535 2.3417967 2.0271113 
Y1435_DEIRA_148_437  2.7418581 1.8702811 1.9813333 2.8594416 2.9514134 2.0009044 2.9452647 2.5945356 0.7185898 0.6668636 0.6777050 0.5787571 0.7058857 0.7076479 0.7697746 0.7972931 0.7810244 0.7206637 0.9863163 0.0000000 0.9070318 0.7331916 0.7265861 0.9365345 0.7400898 0.9126442 1.1295035 1.1519982 0.9195747 1.2333047 3.2032656 2.6244979 
Y2616_LISIN_9_295    2.9334111 2.4849435 2.5971605 2.7562678 2.3354899 2.1180753 2.0676935 2.1364457 0.4487619 0.3918710 0.6401236 0.6361219 0.6605576 0.6093099 0.7037227 0.6473680 0.5789551 0.6067451 0.7609947 0.9070318 0.0000000 0.7386368 0.5907907 1.1956058 0.9575544 1.0859238 1.1452890 0.8709651 0.7240691 1.1631637 2.1673858 1.5741227 
Y1565_STRPN_6_302    3.0060827 2.1879005 2.4058684 2.7029414 2.4581244 2.4630435 2.6888215 2.2481507 0.6436588 0.6136908 0.7966128 0.7753310 0.7837537 0.7197555 0.6713220 0.7126719 0.7100388 0.7319537 0.8431650 0.7331916 0.7386368 0.0000000 0.2626327 1.1625613 1.0000507 1.1373673 1.5085185 1.4293001 1.1121542 1.2738587 2.3620908 2.1274747 
YJIF_LACLA_6_301     2.7602350 2.1705120 2.4252994 2.4951376 1.9301369 2.1335812 2.7738435 1.9726888 0.4917458 0.5356043 0.7261719 0.7026634 0.6691502 0.6256051 0.7687567 0.6862700 0.6827736 0.6719533 0.7768693 0.7265861 0.5907907 0.2626327 0.0000000 0.9007854 0.9087966 1.0441892 1.2013520 1.1400473 1.0141926 0.8908864 2.3231027 2.0961013 
Q8NQ57_CORGL_23_324  3.5276175 2.4680401 2.7797606 3.4731196 2.6248680 2.2731348 2.7732394 2.3274925 0.9288648 0.8792025 1.1699703 0.8930296 0.9432914 1.0338830 0.9649112 1.1755514 0.8945499 0.9228088 1.0691313 0.9365345 1.1956058 1.1625613 0.9007854 0.0000000 0.3533837 0.4234909 1.3331527 1.3889240 1.2423934 1.1191798 3.2397819 2.4674592 
Y1422_MYCTU_5_305    3.4389060 2.3249813 2.7291511 2.9304063 2.4055227 1.9324498 2.4226423 2.1281820 0.7322195 0.7380709 0.9604893 0.7411036 0.9115477 0.9297325 0.8304820 0.9867963 0.8011034 0.8151606 0.8914149 0.7400898 0.9575544 1.0000507 0.9087966 0.3533837 0.0000000 0.3434204 1.2065815 1.2897412 1.2022826 1.2692406 2.8389027 2.1984373 
Q9Z514_STRCO_48_349  3.2232264 2.2239724 2.4652826 3.6880497 3.0023320 2.4291938 3.0436863 2.4630214 0.8284510 0.8276731 0.9276070 0.7346351 0.9467636 0.9531246 0.9050234 1.0222360 0.9929547 0.9156502 1.1382856 0.9126442 1.0859238 1.1373673 1.0441892 0.4234909 0.3434204 0.0000000 1.0725196 1.1649603 1.1421216 1.1308617 2.7888962 2.2702222 
Y1023_VIBCH_9_296    3.8247384 2.8234638 2.9280016 3.4482083 2.9588760 2.2266985 3.0558753 2.5145822 1.2410916 1.2071575 1.2763827 1.3019674 1.3005210 1.3074070 1.1306349 1.3137925 1.2907095 1.0446502 1.4410983 1.1295035 1.1452890 1.5085185 1.2013520 1.3331527 1.2065815 1.0725196 0.0000000 0.3423816 0.3817018 0.5315465 2.3020995 1.7876395 
Y1158_YERPE_12_302   3.1848806 2.4725687 2.3266902 3.5860569 2.4825981 1.8958580 2.6267005 2.2093572 0.9931916 1.0785210 1.1103798 1.0232392 1.1905904 1.1696152 1.1887310 1.1714372 1.1462855 1.0291551 1.2738105 1.1519982 0.8709651 1.4293001 1.1400473 1.3889240 1.2897412 1.1649603 0.3423816 0.0000000 0.2009817 0.4087604 2.6866587 1.8437261 
YBHK_ECO57_12_302    3.1345863 2.2868651 2.3053069 3.1747362 2.7380125 1.8882961 2.2609531 2.0767510 0.8633879 0.8109673 0.9235025 0.7948067 1.1354378 0.9887602 1.0360716 1.0588552 0.9021848 0.8480544 1.2140800 0.9195747 0.7240691 1.1121542 1.0141926 1.2423934 1.2022826 1.1421216 0.3817018 0.2009817 0.0000000 0.5611446 2.5439252 1.7415005 
Y626_PASMU_19_308    3.0802658 2.6826832 2.7000699 3.9010700 3.0685527 2.4258722 3.3710724 2.4310552 1.0653531 1.0724505 1.2601604 1.3175380 1.3836026 1.2714290 1.4183280 1.3506022 1.3313624 1.0040151 1.1432535 1.2333047 1.1631637 1.2738587 0.8908864 1.1191798 1.2692406 1.1308617 0.5315465 0.4087604 0.5611446 0.0000000 2.5604357 1.8825804 
O22962_ARATH_54_415  7.6144077 6.2669931 6.7403449 6.7620393 6.9102618 4.5873734 5.8643504 5.0399176 2.5844357 2.4463001 2.6734051 2.7220300 2.6037889 2.5842112 2.4871668 2.6744556 2.5359386 2.5285706 2.3417967 3.2032656 2.1673858 2.3620908 2.3231027 3.2397819 2.8389027 2.7888962 2.3020995 2.6866587 2.5439252 2.5604357 0.0000000 1.0930515 
YNB1_YEAST_3_404     5.9995002 5.8738625 5.8164262 5.8106702 6.3693025 4.0342050 4.5488029 3.4709699 1.8727503 1.9011062 2.7334756 2.3056705 2.0834190 1.9116195 2.1849995 2.1253152 1.9242488 1.7404255 2.0271113 2.6244979 1.5741227 2.1274747 2.0961013 2.4674592 2.1984373 2.2702222 1.7876395 1.8437261 1.7415005 1.8825804 1.0930515 0.0000000 
