14
TYRP1_HUMAN_121_471 0.0000000 0.3675716 1.0349210 0.9827574 4.2084582 3.6917426 3.3147109 3.1400828 3.2899608 3.5287898 3.5264815 3.4452477 3.2899611 4.1341101 
TYRP2_HUMAN_117_462 0.3675716 0.0000000 1.0786285 1.0496995 4.2310661 3.1502182 3.0264787 2.8500386 2.9342699 3.2524136 3.1209958 3.1547419 3.4749564 3.5798151 
TYRO_RANNI_115_459  1.0349210 1.0786285 0.0000000 0.2730462 2.6080708 2.2205074 2.4684978 2.3158162 2.7182134 2.5067497 2.5037631 2.5840183 2.4350931 3.0825429 
TYRO_HUMAN_111_456  0.9827574 1.0496995 0.2730462 0.0000000 2.9649292 2.1704360 2.5569333 2.3959704 2.7017411 3.0020317 2.9278148 3.0551887 2.6636831 3.3370089 
TYRO_NEUCR_1_373    4.2084582 4.2310661 2.6080708 2.9649292 0.0000000 1.7019966 2.3522961 2.3054516 2.3734868 2.2352307 2.2995475 2.0173228 2.1653956 2.1521654 
HCYA_OCTDO_388_696  3.6917426 3.1502182 2.2205074 2.1704360 1.7019966 0.0000000 2.1989582 2.1786742 2.2736508 2.2739149 2.0717654 1.9475367 2.2584204 2.1520999 
PPOB_LYCES_106_435  3.3147109 3.0264787 2.4684978 2.5569333 2.3522961 2.1989582 0.0000000 0.0799049 0.0766580 0.0906050 0.3383903 0.3182532 0.3710235 0.4247194 
PPOB_SOLTU_107_428  3.1400828 2.8500386 2.3158162 2.3959704 2.3054516 2.1786742 0.0799049 0.0000000 0.1251036 0.1386347 0.3304213 0.3329611 0.3497924 0.4103352 
PPOD_LYCES_102_430  3.2899608 2.9342699 2.7182134 2.7017411 2.3734868 2.2736508 0.0766580 0.1251036 0.0000000 0.1316239 0.3698014 0.3020627 0.4232457 0.4189355 
PPOA_LYCES_106_434  3.5287898 3.2524136 2.5067497 3.0020317 2.2352307 2.2739149 0.0906050 0.1386347 0.1316239 0.0000000 0.3103543 0.3126914 0.4205348 0.3970272 
PPO_VICFA_112_431   3.5264815 3.1209958 2.5037631 2.9278148 2.2995475 2.0717654 0.3383903 0.3304213 0.3698014 0.3103543 0.0000000 0.2711817 0.3630885 0.4414995 
PPO_MALDO_108_425   3.4452477 3.1547419 2.5840183 3.0551887 2.0173228 1.9475367 0.3182532 0.3329611 0.3020627 0.3126914 0.2711817 0.0000000 0.2415563 0.4332345 
PPO_VITVI_122_440   3.2899611 3.4749564 2.4350931 2.6636831 2.1653956 2.2584204 0.3710235 0.3497924 0.4232457 0.4205348 0.3630885 0.2415563 0.0000000 0.4903775 
PPO_SPIOL_120_455   4.1341101 3.5798151 3.0825429 3.3370089 2.1521654 2.1520999 0.4247194 0.4103352 0.4189355 0.3970272 0.4414995 0.4332345 0.4903775 0.0000000 
