133
PBPA_NEIGO_49_216    0.0000000 0.2280014 0.3939150 0.5469876 0.5355145 0.4416400 0.5169406 0.4049520 0.7104832 0.4275998 0.6056977 0.6751750 0.6517877 0.5014016 0.6883149 0.7788946 0.7724555 0.8511073 0.6881306 0.8580896 0.7166518 0.5631483 0.8019539 0.7540073 0.7456520 0.7841420 0.7847729 0.7117792 0.7548947 0.8060245 1.0448051 0.7935912 0.6715950 0.4621512 0.4033845 0.4656336 0.4452797 0.4531610 0.4879161 0.5472218 1.0550783 1.0416871 1.1840821 1.2695253 0.8848896 0.9905509 1.0062649 0.9474160 0.8027953 0.8414493 1.4734940 1.3445878 1.6572444 1.2354679 1.5622212 0.8892477 1.1796678 0.9489884 1.4907304 1.1973528 0.7455590 0.9123363 1.1089850 0.8248118 1.2658290 1.3541973 1.3874769 1.2603665 1.1913743 1.6038490 1.1075816 0.9176430 1.1334554 1.0027515 1.2631369 1.1921091 1.2312456 1.3981465 1.2476361 1.3373492 1.3277882 1.3149031 1.2615253 1.3218462 1.1769528 1.1195949 1.3535171 1.6607110 1.2653665 1.3586019 1.4022010 1.3648234 1.1922329 1.4553437 1.4503357 0.8449348 1.7046929 1.2116761 1.7444918 1.8909853 1.7713675 1.8449469 1.6812677 1.7589345 1.9670609 1.2387785 1.6238395 1.2584345 1.5574238 1.6039144 1.4664894 1.5547155 1.7362377 1.4341569 1.7467766 1.5576032 1.5918140 1.5076484 2.0624978 1.8862742 2.5106553 1.1595682 1.1700773 1.4992003 1.3938476 1.3815980 1.3440252 1.5191435 1.3800344 1.4367401 1.5560054 1.4698421 1.8094784 
Q8XV55_RALSO_69_235  0.2280014 0.0000000 0.2758785 0.6011164 0.5956665 0.4388871 0.5357190 0.3632985 0.7203986 0.4596997 0.6854634 0.7496092 0.6791224 0.6936767 0.6918814 0.8342326 0.9221786 0.9925443 0.8810248 0.8429859 0.7514902 0.6751482 1.2102170 0.9442464 0.9706278 1.1503226 0.9305766 0.8787567 0.8585332 1.0239647 1.2379733 0.9299039 0.8254152 0.6950690 0.7531474 0.7016735 0.6209124 0.6467185 0.6448835 0.6754451 1.1938860 1.3147232 1.0449389 1.2301130 1.0924471 1.1753735 1.2376736 1.1382049 0.9437826 0.8661322 1.5688909 1.4017163 1.6611132 1.5072995 1.9478717 1.1434308 1.4601458 1.1085142 2.0283846 1.4280866 0.8844078 1.0995160 1.2493001 1.0325870 1.5147596 1.4443427 1.5177290 1.3468847 1.1379222 1.5618154 0.9999560 1.0916981 1.4535022 1.1593477 1.4199931 1.5072592 1.4038069 1.6219883 1.3864609 1.2270076 1.7244753 1.6915858 1.2014723 1.3852041 1.0917764 1.2002278 1.5060386 1.5977421 1.2920417 1.7765293 1.6525371 1.8212720 1.4236023 1.4985959 1.8695449 1.1761470 1.8959102 1.3944625 2.1079448 2.1850005 2.0177711 1.9815603 1.8634540 1.9295107 2.1202131 1.5034029 1.7815625 1.7336445 2.1519469 1.7996849 1.7043673 1.9430454 2.3859651 1.7318354 2.0441040 1.5216392 1.8863297 1.7241783 2.1064459 2.0789685 2.7081103 1.1402707 1.2833038 1.4006519 1.2353751 1.4032667 1.4085497 1.4818863 1.5347077 1.4248876 1.7340425 1.3194915 2.0505239 
O07452_RALEU_31_195  0.3939150 0.2758785 0.0000000 0.5132466 0.5512092 0.4697590 0.4701134 0.3697275 0.6777778 0.4893994 0.6265937 0.6088650 0.5394477 0.6028100 0.6548041 0.7753119 0.8224159 0.9642877 0.8097219 0.8259056 0.8434413 0.6465914 0.9804895 0.8071225 0.9122655 1.0866439 0.8176722 0.8199183 0.7329988 0.8103415 1.0809704 0.8465471 0.8509287 0.6285591 0.7042224 0.5958519 0.5282519 0.5722730 0.7294504 0.6538287 1.2478266 1.1423128 0.9644341 1.1027884 0.9595403 1.0909729 1.0910178 0.9812344 0.8046236 0.8298644 1.2051638 1.0797900 1.3761709 1.2177322 1.6650822 0.9115421 1.1647922 1.2166100 1.7958256 1.1925729 0.8401096 1.0874625 1.2166699 1.1153467 1.2014489 1.2479776 1.3370772 1.1944834 1.0616014 1.4008647 0.9120211 1.0143146 1.1947328 0.9469288 1.4415893 1.3693535 1.3275947 1.5055691 1.4049946 1.4539838 1.6117968 1.6034474 1.3281054 1.1357848 1.0725796 1.0649901 1.3761327 1.4406223 1.2561690 1.5896757 1.2501025 1.4327854 1.1052296 1.3621032 1.5103423 0.9744504 1.4700252 1.2855546 1.9469083 2.1129292 1.8194202 2.0156254 1.8976999 1.9687310 1.9458582 1.3213546 1.8251149 1.6706722 1.8869343 1.9130933 1.6164851 1.8012856 2.3416361 1.5319484 1.7962914 1.5314296 1.6208071 1.7794271 2.2680023 1.9859223 2.5197991 1.0823041 1.2579912 1.6203336 1.5000213 1.2798206 1.3806641 1.5145892 1.4446993 1.6958735 1.7718451 1.1849141 1.7522973 
Q8DCM7_VIBVU_13_180  0.5469876 0.6011164 0.5132466 0.0000000 0.2137120 0.3204148 0.3032055 0.3396295 0.6660523 0.5476372 0.6609564 0.6602778 0.7828279 0.6898785 0.7915505 0.8023376 0.8273856 0.9090012 1.0492782 0.8868464 0.8549452 0.5369360 0.9574938 0.9103348 1.0741295 1.1065837 0.9491637 1.0067731 0.9809542 0.8878298 1.1673141 0.9955110 0.8672391 0.8786414 0.8404663 0.9054326 0.8103868 0.8418120 0.6888251 1.0131496 1.0174019 1.0355134 1.0016211 1.2804804 1.1470987 1.0221623 1.0308049 1.0069771 0.9729871 1.0384456 1.4691612 1.2925353 1.5481536 1.4631954 1.6374935 1.0041017 1.4466923 1.2576618 1.8190974 1.4848392 0.9584913 0.9741092 1.0207244 1.0420272 0.7934722 0.9895576 1.1868508 0.8799538 0.9684490 1.0573040 1.0428348 0.9838495 1.3341282 0.8267800 1.4003038 1.1671105 1.4014465 1.5578573 1.3835617 1.1056013 1.2496131 1.3649355 1.3561912 1.4732476 1.2664927 1.1995322 1.3382304 1.5390833 1.2429340 1.9463119 1.3821992 1.5524842 1.6464451 1.7955355 1.6808869 1.0282808 1.6796817 1.4173172 2.0124461 2.2315297 2.1002083 2.1759639 1.4412956 1.5427022 1.8522377 1.5189539 1.8273437 1.7085418 1.7813206 1.7161679 1.5987886 1.7149643 2.1089868 1.3910020 1.6774559 1.6586619 1.4479317 1.5724041 2.1386787 2.0318003 2.3379182 1.3312707 1.0848625 1.5044015 1.3976204 1.2045664 1.4419522 1.6668018 1.3643560 1.4423952 1.5354912 1.4035576 1.7238602 
PBPA_VIBCH_48_215    0.5355145 0.5956665 0.5512092 0.2137120 0.0000000 0.1824263 0.1921197 0.2906535 0.6904221 0.5177986 0.7300152 0.6563309 0.6698563 0.5666133 0.6438473 0.8211190 0.8004989 0.6743510 0.9130820 0.8106246 0.8168890 0.4990948 1.0327585 0.9067695 0.9771513 1.0856636 0.7518880 0.7175512 0.8131490 0.7944872 1.1020422 0.8295230 0.8645379 0.7598293 0.7571208 0.8139871 0.7501126 0.7362111 0.5734331 0.7437528 1.0006767 0.8894829 1.0771101 0.8177462 1.1103440 1.1234145 1.0955399 0.9272244 0.7872291 0.7959006 1.4689333 1.2193328 1.6648876 1.3765923 1.5466123 0.8461310 1.3817552 1.0571315 1.6127844 1.3621158 0.9182235 0.9604758 1.0186950 0.9263412 0.8826356 0.9918032 1.1722602 0.9373949 1.0706467 1.1108741 0.9322089 0.9172413 1.1709833 0.6581582 1.2383487 1.3131474 1.4740791 1.6600167 1.5660069 1.1693228 1.2720746 1.3904018 1.0828086 1.4428461 1.3310833 1.0178595 1.1978496 1.2539531 1.2478761 1.5947736 1.1702221 1.3869282 1.1999342 1.3120256 1.3284889 0.8372809 1.6800507 1.3242047 1.7384860 1.9053947 1.7651759 1.6886896 1.4724276 1.3059660 1.7638669 1.4254466 1.7643015 1.2934682 1.5900293 1.3461314 1.3685288 1.6160003 1.7989883 1.3769628 1.3708142 1.4919742 1.4455003 1.1787384 2.1290045 2.0223125 1.9305143 1.0407242 1.0549232 1.2868270 1.1959368 1.0798459 1.1484475 1.2889941 1.1223744 1.5186161 1.6337010 1.3338891 1.5443623 
PBPA_ECOLI_48_215    0.4416400 0.4388871 0.4697590 0.3204148 0.1824263 0.0000000 0.2502177 0.1667547 0.5659140 0.3726228 0.6797991 0.4722041 0.6239941 0.5135325 0.5448958 0.6905879 0.7653132 0.8297556 0.8264226 0.8714986 0.8732499 0.4449139 0.9856409 0.8893800 0.8861472 0.9556036 0.7665645 0.7253459 0.7707756 0.7601704 1.1016556 0.8935311 0.8674193 0.8147832 0.7437037 0.7431704 0.6721286 0.6879419 0.5796435 0.6151808 0.8680316 0.9727418 0.9084857 0.8232525 0.9455919 1.0452989 0.9549219 1.0613901 0.8674167 0.7585657 1.2176152 1.1628304 1.4185120 1.2642110 1.6491203 0.8887684 1.2461543 1.0215434 1.5427344 1.2367902 0.7843183 0.8380996 1.0926051 0.9474483 1.0117738 1.1025201 1.1511133 1.0110875 1.0550631 1.2554983 0.8138144 0.8449907 1.0015595 0.7671481 1.0767694 1.2206764 1.3732504 1.5110874 1.5038763 1.0960125 1.3548736 1.4866016 1.1498555 1.3401206 1.1262338 0.9463083 1.2359391 1.3534406 1.0227296 1.5637577 1.2551677 1.4302129 1.3615779 1.4582391 1.3934531 0.9415998 1.3872634 1.1925584 1.5375682 1.6514026 1.6720209 1.6636894 1.3703592 1.2834893 1.7463912 1.5142907 1.5985933 1.5261009 1.7941731 1.6469063 1.5522316 1.7973206 2.0417722 1.6440599 1.7668969 1.7377485 1.7246206 1.4276500 2.2669856 2.1721831 2.1897827 1.0912897 1.1873778 1.4161957 1.3619776 1.2266576 1.2373900 1.3155115 1.3334470 1.4079987 1.4569367 1.4263258 1.8282058 
PBPA_HAEIN_37_204    0.5169406 0.5357190 0.4701134 0.3032055 0.1921197 0.2502177 0.0000000 0.3478474 0.5535607 0.5357100 0.6246342 0.6384392 0.6835986 0.5502404 0.6704127 0.7457812 0.8481326 0.8498495 0.8926557 0.6705453 0.7720159 0.4855598 0.9537520 0.9541925 0.9857154 1.0300711 0.7152311 0.7048733 0.8427048 0.8529052 1.0899588 0.8502634 0.9708449 0.6655743 0.6703299 0.7247803 0.6635298 0.7078175 0.6077358 0.6890959 1.0327052 0.9738387 1.0813830 0.9403127 0.9298275 1.1423888 1.1034932 1.0438954 0.9146421 0.8507333 1.4834183 1.2278249 1.6806784 1.3916069 1.5458136 0.7710166 1.2108031 1.0605041 1.6093265 1.5220824 0.7303078 1.0146067 1.0913024 1.0580811 1.0123314 1.1057968 1.2413662 1.0219409 1.1859845 1.2687102 0.9304531 0.9377675 1.1893692 0.7885792 1.3516958 1.3681395 1.5854450 1.7650938 1.6107040 1.2781216 1.2888151 1.4297036 1.1772581 1.2602034 1.1646903 1.0601334 1.4750493 1.3548164 1.3003305 1.7426555 1.2467005 1.4832878 1.2935379 1.5478287 1.3619167 0.7953898 1.6923987 1.3364349 1.8874929 1.9713628 1.7087201 1.7525471 1.5623902 1.3268963 1.8204084 1.5980163 1.8656925 1.3471017 1.6809620 1.6059120 1.4958526 1.8941468 2.1718671 1.5177250 1.7076903 1.6004184 1.5114652 1.3922623 2.2531891 2.0679330 2.3788385 1.1460010 1.0998760 1.4534488 1.3331683 1.0637563 1.2656673 1.3771068 1.1990222 1.5426825 1.6064668 1.1582534 1.7950835 
Q8EK26_SHEON_48_215  0.4049520 0.3632985 0.3697275 0.3396295 0.2906535 0.1667547 0.3478474 0.0000000 0.6475865 0.2889972 0.5463055 0.5561079 0.7061068 0.5468318 0.5807683 0.7555150 0.8972075 0.9019253 0.8321458 0.9153350 0.9136509 0.5559336 1.0563907 0.9168282 1.1074520 1.0659806 0.7565835 0.7575816 0.7257122 0.7648750 1.0899791 1.0383283 0.9463742 0.8443889 0.8177829 0.7653497 0.6260776 0.7381363 0.6623171 0.6855741 1.1192873 0.9915948 0.9691903 0.9820910 1.1137689 1.2333848 1.1774162 1.1464020 0.9543656 0.7727096 1.7122974 1.4260146 1.8851054 1.6093574 2.1462780 0.9935260 1.3591952 1.1488807 1.6603058 1.3703825 0.8028835 0.8546054 1.0577592 1.0816622 1.0510387 1.2490183 1.4488737 1.1039108 1.0954234 1.1939638 0.9605358 0.9786902 1.2788033 0.8345167 1.3418328 1.5119536 1.8053036 1.8135986 1.7849509 1.3458498 1.6652837 1.8059682 1.3353963 1.4111393 1.3529695 1.1313624 1.3982079 1.6828313 1.0661359 1.7017786 1.3435044 1.5819199 1.4361657 1.6066803 1.6696532 0.9485868 1.7174858 1.2538646 1.8813470 2.0207929 1.8521459 1.8550130 1.5177890 1.4525076 1.9470473 1.4797829 1.9128239 1.6096569 1.8960693 1.7701321 1.7975141 1.8740882 1.9966758 1.5522181 1.9456369 1.7202680 1.7058824 1.6613675 2.2622372 2.2540181 2.2421509 0.9937428 0.9755208 1.3484923 1.2549114 1.2263830 1.1820007 1.2650176 1.2998706 1.4361884 1.3702895 1.2337861 1.7363535 
PBPA_XYLFT_52_220    0.7104832 0.7203986 0.6777778 0.6660523 0.6904221 0.5659140 0.5535607 0.6475865 0.0000000 0.5072284 0.6989418 0.8485651 0.8196029 0.7940007 0.8427242 0.9650504 0.8760797 1.0638639 0.9555323 0.8921535 0.7769490 0.7930348 1.0347974 0.8573194 0.9656177 0.9668245 1.0895618 1.0345153 1.2576515 1.1291758 1.3424326 0.7552756 1.0979127 0.8075015 0.8473999 0.8486020 0.7167505 0.9719977 0.8538531 0.8548712 1.3294729 1.2168151 1.2716665 1.0666686 1.0848887 1.3609178 1.3485092 1.0010421 0.8544574 0.9287883 1.2557354 1.0860175 1.3724109 1.0179827 1.3484814 0.8821350 1.3964624 1.0659193 1.5027187 1.1474871 0.9287401 0.9207268 1.3122339 1.0933320 1.3624877 1.3491733 1.4332200 1.4247676 1.1333986 1.7824141 1.0388096 1.2844209 1.3792590 1.2096914 1.4995700 1.4974252 1.4101660 1.5383858 1.5877169 1.4452868 1.5243181 1.4128008 1.2914153 1.3455077 1.1775284 1.2835502 1.3166968 1.4638011 1.0565826 1.3672735 1.3171651 1.1053510 1.4112884 1.4655411 1.3727270 1.1495161 1.4683484 1.4124096 1.8910921 1.8178449 1.7679948 1.7408753 1.6600452 1.4692637 1.7744866 1.6124948 1.7763638 1.6052041 1.7952373 1.4779096 1.3934603 1.7169138 2.1858424 1.5650606 2.1113607 1.6212353 1.6647491 1.5118321 2.1832970 2.1039725 2.1210900 1.2567873 1.2883839 1.6343609 1.4629671 1.2604777 1.3032479 1.5102314 1.4109051 1.6741760 1.2817430 1.3831736 1.7082136 
PBPA_PSEAE_48_215    0.4275998 0.4596997 0.4893994 0.5476372 0.5177986 0.3726228 0.5357100 0.2889972 0.5072284 0.0000000 0.3497894 0.7404085 0.8090406 0.6312136 0.6648210 0.8244280 0.7745861 0.9980435 0.8320498 1.0013931 0.7784581 0.5452167 0.9230216 0.6449689 0.9091483 0.9016259 0.9116417 0.7940873 0.8766582 0.9142038 1.0828478 0.8478255 0.8698645 0.8003952 0.7202350 0.7540672 0.6877492 0.6568147 0.5798560 0.7204811 1.0107500 1.0361881 0.9239493 1.1779534 0.8803641 1.3540558 1.4638952 1.0522885 0.8846341 0.8171968 1.2812794 1.1690525 1.4712075 1.1668559 1.5789880 0.8920718 1.2757884 1.1236539 1.3391917 1.0513477 0.9009640 1.0123843 1.0675633 0.9569898 1.0164236 1.0036316 0.9898299 0.8632016 0.9107154 1.1610369 0.9158087 0.9355155 1.1532830 0.8803998 1.3431669 1.4988528 1.4506586 1.5184428 1.5684842 1.3384391 1.4901557 1.5041103 1.3530571 1.2436624 1.3658840 1.3925650 1.1722282 1.4656059 0.9813014 1.2227370 1.1700492 1.4415171 1.3295001 1.3929723 1.3253106 0.8927318 1.2459649 1.3280994 1.7338338 1.7560386 1.7826260 1.6909729 1.4473549 1.4227519 1.7310559 1.3785295 1.5006756 1.5227628 1.6939133 1.5448205 1.6252263 1.7895664 1.9434318 1.5430654 1.9616942 1.4224821 1.5719943 1.5864997 1.7814493 1.9978501 2.1608140 1.0341202 1.0628923 1.1976942 1.1651618 1.1261179 1.2195276 1.2614378 1.2437146 1.5980252 1.4312059 1.2720995 1.4675510 
Q9AM64_9GAMM_54_221  0.6056977 0.6854634 0.6265937 0.6609564 0.7300152 0.6797991 0.6246342 0.5463055 0.6989418 0.3497894 0.0000000 0.9538160 1.1168470 0.8937112 0.9722198 0.9845155 0.9219821 1.0294880 1.0294290 0.8909217 0.7856942 0.8554298 0.9098324 0.8744068 0.9470563 1.1206795 1.0158334 0.9286290 0.7726651 0.9077280 1.1544112 0.9210911 0.9362852 0.7341575 0.6396408 0.7460109 0.7378872 0.9442802 0.7335555 0.8447523 1.2937143 1.2884018 1.2275175 1.3076949 1.1070716 1.5978823 1.9032102 1.2028237 1.0624994 1.1814635 1.4315312 1.3691837 1.5932478 1.4775982 1.6206315 1.1298496 1.4109665 1.4340761 1.8305554 1.2458037 1.1265711 1.2592663 1.4209495 1.3213292 1.2269370 1.4841794 1.1448536 1.1193584 1.1705294 1.1994079 1.1407769 1.1670902 1.4039710 1.0782018 1.9081324 1.6905726 1.8489466 1.9811598 1.8482713 1.9777743 1.4300713 1.6156995 1.7004506 1.2817850 1.2715976 1.7524924 1.4885680 1.4343386 1.2791170 1.5126319 1.6858417 1.6635276 1.4661382 1.4051520 1.5910107 0.8706359 1.3664255 1.5972128 2.0742332 1.9864289 2.1051916 1.9355157 1.8658754 1.7930165 1.7308640 1.8589944 2.1450131 1.9520832 1.8705158 1.9024748 1.8537442 2.3617813 2.9166891 1.8305808 1.9711703 1.8544717 1.7155275 1.8866943 2.4862063 2.2042878 2.7776997 1.2329649 1.2152432 1.5922952 1.3548486 1.2161965 1.5914414 1.6367871 1.4291069 1.6868580 1.5785101 1.4043466 1.7027239 
Q8YSX7_ANASP_74_241  0.6751750 0.7496092 0.6088650 0.6602778 0.6563309 0.4722041 0.6384392 0.5561079 0.8485651 0.7404085 0.9538160 0.0000000 0.2921031 0.6439183 0.6711778 0.5920885 0.7773844 0.7811025 0.8389728 1.0305730 0.9230998 0.6363342 0.7148273 0.8159508 0.9433968 0.9088683 0.7338059 0.7136052 0.6811933 0.6994799 1.1245162 0.8575989 0.8265242 0.9686810 0.9934186 0.8578243 0.8436331 0.7745064 0.8361635 0.7593456 1.0407884 1.0986223 1.1050133 0.9126346 0.9917924 0.8582340 0.8701042 1.0900186 0.9314377 0.9376025 1.1727868 1.0200986 1.2457269 1.2627040 1.3062602 0.7793582 1.0431012 1.1000572 1.3680832 1.5297009 0.7928591 0.9285457 1.3288195 0.9030514 0.9366110 1.0346905 1.4223612 1.0431979 1.1787824 1.2539787 1.0021936 0.9524724 1.2349163 0.8102975 1.4977790 1.3279200 1.5266778 1.6279384 1.7803007 1.4365904 1.4898734 1.5494448 1.3689952 1.0497860 1.2278821 1.2208172 1.4361218 1.3670484 1.0120530 1.3745148 1.1329916 1.2586601 1.3011612 1.4654077 1.4467195 0.8963005 1.4881923 1.2714786 1.4600218 1.5624393 1.4471434 1.2923932 1.4150904 1.2430455 1.7665018 1.4410503 1.6801985 1.5131135 1.6976442 1.4919010 1.4016220 1.8171652 1.9902506 1.5468462 2.0376074 1.7859187 1.6135498 1.3973651 2.2563689 1.9058463 2.0696486 1.0946911 1.3493514 1.4501139 1.3954790 1.3688843 1.7085258 1.7577456 1.3513599 1.3986400 1.5286142 1.2736947 1.9757772 
Q55683_SYNY3_229_396 0.6517877 0.6791224 0.5394477 0.7828279 0.6698563 0.6239941 0.6835986 0.7061068 0.8196029 0.8090406 1.1168470 0.2921031 0.0000000 0.7324298 0.6623852 0.7596446 0.6945195 0.8295899 0.8304168 0.9567225 0.8272223 0.6692768 0.8834802 0.8072137 0.8774566 0.9515534 0.8046506 0.7599049 0.8188463 0.8600252 1.0486372 0.7833634 0.8520717 0.8910047 0.9324950 0.7319497 0.8158492 0.7202781 0.8997950 0.8471655 0.9954429 0.9146343 1.1447536 1.1436914 1.0289695 0.8558221 0.8905668 1.0913158 1.0117531 0.8881551 1.1633799 1.0217982 1.2686273 1.1036976 1.1735270 0.7628754 1.0013204 0.9092328 1.3109177 1.7618201 1.0836037 1.0730471 1.7523514 0.9427814 1.4421744 1.4822026 1.4981483 1.5118022 1.3405389 1.7454507 1.1825445 1.0707685 1.1233063 0.8992604 1.3292356 1.3909267 1.4810850 1.6460094 1.5240038 1.3890087 1.4953035 1.4189181 1.1721066 0.8835833 1.1751037 0.9685228 1.3445058 1.3993506 1.1919276 1.2769561 1.2421576 1.0173785 1.0262094 1.2362333 1.1768551 0.7297472 1.6581598 1.3714058 1.7677414 1.9191401 1.7554872 1.7545496 1.6032475 1.7215586 1.6739275 1.1420745 1.4182929 1.1230845 1.5080200 1.2312439 1.1885003 1.4330212 1.7322199 1.1860147 1.7150479 1.2677612 1.4294448 1.2214113 1.8460611 1.7116452 1.9637024 1.3863831 1.6502296 1.6433312 1.5713399 1.3614666 1.6598252 1.8381133 1.2723340 1.6322094 1.7703759 1.2609620 1.5874721 
Q9A3C7_CAUCR_133_300 0.5014016 0.6936767 0.6028100 0.6898785 0.5666133 0.5135325 0.5502404 0.5468318 0.7940007 0.6312136 0.8937112 0.6439183 0.7324298 0.0000000 0.5098905 0.5835732 0.7338245 0.7378076 0.5632432 0.6824647 0.6530354 0.5927113 0.8532290 0.6470938 0.7761138 0.6913784 0.6218390 0.6618595 0.7451708 0.7438871 0.9254987 0.7192703 0.7386330 0.6495842 0.5655709 0.5527309 0.6245637 0.6036412 0.6312739 0.6930580 0.8776417 0.8498257 0.9166715 0.9913767 0.6852277 0.9278639 0.9564729 0.8253441 0.6533716 0.7205170 1.1269369 0.9683081 1.2905338 1.1077731 1.1269172 0.6995016 1.0212010 0.8736224 1.3121023 1.0363588 0.8091898 0.9149468 1.0525636 0.6909179 0.9832709 1.1245568 1.1855058 0.9729176 1.0566868 1.1553615 1.0019899 0.9984152 1.1057251 0.8632048 1.2391400 1.2756116 1.3540216 1.2979704 1.3199223 1.2553124 1.3304579 1.2883253 1.2075763 1.1963277 1.4498775 1.0173677 0.9937784 1.1560743 0.8501046 1.2661469 0.9944934 1.2690563 1.0985542 1.2971075 1.3329555 0.9346412 1.3533214 1.0714611 1.4085118 1.4291517 1.4353852 1.3396962 1.0180550 1.2911999 1.6038806 1.4255791 1.4354084 1.1533878 1.1670491 1.3259899 1.1509786 1.5549308 1.6493341 1.3960503 1.9533081 1.5213033 1.3727986 1.2908291 1.7544994 1.6601199 2.1205332 0.9563378 0.9727907 1.2137279 1.1680133 1.0841253 1.1403738 1.3830816 0.9647346 1.4991745 1.7247626 1.0803553 1.5915103 
Q89VY5_BRAJA_127_294 0.6883149 0.6918814 0.6548041 0.7915505 0.6438473 0.5448958 0.6704127 0.5807683 0.8427242 0.6648210 0.9722198 0.6711778 0.6623852 0.5098905 0.0000000 0.3713929 0.4634121 0.4549485 0.5522929 0.5377230 0.5711611 0.4893643 0.8270445 0.5147067 0.6061350 0.7162809 0.5079565 0.5413336 0.5856638 0.5581895 0.9080862 0.7051904 0.7397195 0.7819855 0.7822633 0.7101542 0.7016155 0.6975146 0.8574612 0.7181526 1.0703318 0.9144802 0.7459276 1.0250154 0.6615042 0.8177322 0.8696091 0.9365217 0.7472092 0.6973998 0.8323363 0.7071149 0.8593714 0.8847744 0.9866879 0.6185976 0.7719026 0.7055105 0.9403160 1.1240674 0.8251168 0.6330389 0.8948936 0.7912869 0.8498031 0.8841973 1.0487295 0.9719887 0.9369979 1.1454841 0.9831719 0.9470486 1.0802326 0.7308608 0.8407992 0.9160418 1.1190543 1.2577648 1.2860824 0.8239738 0.9779517 1.3059370 0.8549247 0.9239850 1.2724776 1.1750288 0.7625704 0.8126571 1.0727463 1.1038880 0.8055190 1.0866418 1.0519057 0.9573454 1.0454295 0.8990583 1.0149517 0.8464568 1.0766343 1.1603568 1.1639484 1.2491259 1.0634811 1.0743544 1.2721640 1.3844872 1.3078438 1.1266966 1.3602005 1.0545080 1.1738952 1.3353220 1.5446606 1.3601641 1.8299860 1.2249444 1.4685847 1.0228681 1.7904865 1.7952684 1.7287191 0.9364240 1.0883435 1.0613046 1.0157342 1.1306273 1.2248971 1.2663628 1.1042255 1.2225490 1.6804531 1.3693793 1.4968761 
Q8G335_BRUSU_111_278 0.7788946 0.8342326 0.7753119 0.8023376 0.8211190 0.6905879 0.7457812 0.7555150 0.9650504 0.8244280 0.9845155 0.5920885 0.7596446 0.5835732 0.3713929 0.0000000 0.6452683 0.6570296 0.5462877 0.5604919 0.5774603 0.6424899 0.7070146 0.8128314 0.8347531 0.7629397 0.5877876 0.7295038 0.6328698 0.6327356 0.9239399 0.8987305 0.8564618 0.9184382 0.9346995 0.8092231 0.7298004 0.9379032 0.8248561 0.9339340 1.1631310 1.1456399 0.9349722 1.2973275 0.8082589 0.7473527 0.7377253 1.0193089 0.8496033 0.9455678 0.8955638 0.8198005 0.8176541 0.9745890 0.9910418 0.5886244 1.1469761 1.0705012 1.2194281 1.1269431 0.9566621 0.8914501 0.9678526 0.8242123 1.1077719 1.1201021 1.3021344 1.1358441 1.1887778 1.0965781 0.9747731 0.8883948 1.2353930 0.8108063 1.1547375 0.9157132 1.2207095 1.1750721 1.3571823 1.0143300 1.1071637 1.2524239 1.2556703 0.7970447 1.0852538 1.3201740 1.1035944 1.0937604 1.1074236 1.3876883 1.1961845 1.0771686 1.3428225 1.1906197 1.2151465 1.1028381 1.2391948 1.1596882 1.6273300 1.8171751 1.7730220 1.6824347 1.3698886 1.3414516 1.5070636 1.2139657 1.6056745 1.4167435 1.3680535 1.3331395 1.1993336 1.4839979 1.7789906 1.5830478 1.9357924 1.6290215 1.6796878 1.2805114 2.1317292 1.8268893 2.3225596 1.1564169 1.2534034 1.3612453 1.2934803 1.3592758 1.4396199 1.6924153 1.3995105 1.1356281 1.2863502 1.5098308 1.7123052 
Q9A848_CAUCR_214_381 0.7724555 0.9221786 0.8224159 0.8273856 0.8004989 0.7653132 0.8481326 0.8972075 0.8760797 0.7745861 0.9219821 0.7773844 0.6945195 0.7338245 0.4634121 0.6452683 0.0000000 0.6760479 0.7126383 0.7081727 0.6512026 0.7185724 0.6432236 0.6028472 0.6875418 0.7988764 0.7812038 0.7742848 0.7031467 0.7353208 1.0357634 0.8053179 0.9765938 0.9966420 1.0113728 1.0195294 0.9525774 0.8968147 0.9243132 1.0177980 1.0373945 1.0976569 0.9274946 1.3177381 0.8239982 0.8676945 0.9729805 0.8899932 0.8111280 0.8282333 0.9169698 0.9438412 1.1414001 0.9164303 1.1070898 0.7512465 0.7803541 1.0663368 1.4622207 1.3580277 1.0453721 1.0142010 1.2894229 1.0742010 1.0640528 1.1370832 1.2911726 1.1276070 1.2046161 1.3022492 1.2147253 1.0981830 1.0843396 0.9040063 1.0588187 0.7959256 1.3888394 1.4879486 1.2464661 1.2736629 0.9271187 1.2389811 1.1383075 0.9742276 1.2619225 1.2522915 1.0043556 1.2313083 1.3380931 1.0455167 0.9775891 0.8775574 1.0223284 1.1583916 1.0668958 0.8633026 1.0584105 1.2583551 1.2290470 1.3327750 1.2076687 1.1895414 1.3082620 1.2706453 1.1979611 1.3189438 1.4735683 1.3331371 1.3289128 1.1607768 1.1693065 1.3171983 1.5929847 1.4750870 1.7632110 1.5439518 1.4445663 1.3259544 1.7431211 1.6122714 1.9537648 1.0192251 1.0030632 1.2882811 1.1978169 1.0556234 1.0562499 1.4601488 1.1103116 1.5002272 1.8450912 1.2141393 1.4983058 
Q9ABH5_CAUCR_63_230  0.8511073 0.9925443 0.9642877 0.9090012 0.6743510 0.8297556 0.8498495 0.9019253 1.0638639 0.9980435 1.0294880 0.7811025 0.8295899 0.7378076 0.4549485 0.6570296 0.6760479 0.0000000 0.9041111 0.9144350 0.7665113 0.6436934 0.8670363 0.6682743 0.8060511 0.8421112 0.8092303 0.7666007 0.8183063 1.0092598 1.0962920 0.7778716 1.1050538 0.8806845 0.8703842 0.9752797 0.9263864 0.9124730 1.0277139 0.8700909 1.2599014 1.2032284 1.0039187 0.9616345 0.7741722 0.9558128 1.0644657 0.7648713 0.7101282 0.8068908 0.8445260 0.6951329 0.9052526 1.0612264 0.9552916 0.8099462 1.1897853 0.9052472 1.3579394 1.4104178 1.1738940 1.0374016 1.2095603 0.9393596 0.9917710 1.0278989 1.2663052 1.1205482 1.1491205 1.2590337 1.0316089 1.0854743 1.5110214 0.8433654 1.0525396 1.1274397 1.1983869 1.6028862 1.3786803 1.1092652 1.1927775 1.3009145 1.2062493 0.9509097 1.2611303 1.2261451 1.0495415 1.1334376 0.9356460 1.2307195 1.1759776 1.1975041 1.0930853 1.0460931 1.3113322 0.9838386 1.2946830 1.1120636 1.6438207 1.6741806 1.7197710 1.4351103 1.5309680 1.7507171 1.6906519 1.6637506 1.4943787 0.9770963 1.1924930 0.9860907 0.9574711 1.5525703 1.6953660 1.3848151 1.6532996 1.2861714 1.4412644 0.9404528 1.8785637 1.6772492 1.7437501 1.0829858 1.1134080 1.0937619 0.9904018 1.3758838 1.6040528 1.5170944 1.4775159 1.1707149 1.6624327 1.3050023 1.4749472 
Q89QM2_BRAJA_101_268 0.6881306 0.8810248 0.8097219 1.0492782 0.9130820 0.8264226 0.8926557 0.8321458 0.9555323 0.8320498 1.0294290 0.8389728 0.8304168 0.5632432 0.5522929 0.5462877 0.7126383 0.9041111 0.0000000 0.3919651 0.3657511 0.8040679 0.6862966 0.7602976 0.8462987 0.9317232 0.8021149 0.7320700 0.7670673 0.7908642 1.3562398 0.9623541 1.0880002 1.0427992 0.9646075 0.9278417 0.9499816 0.9602544 0.7591081 0.9855415 1.3252194 1.2700277 1.1366109 1.2957553 0.9824046 1.0762402 0.9986855 1.2298668 1.1370035 1.0002880 1.1874123 0.9730813 1.1548739 1.1352997 1.4640559 0.8727260 1.2867400 1.3652381 1.4971670 1.5727520 1.2657624 1.3193143 1.4401882 0.9946579 1.2798702 1.4705231 1.4242983 1.2921580 1.3466303 1.7000120 1.6398591 1.3201181 1.2432457 1.2983941 1.3467956 1.3844677 1.5354674 1.5571284 1.6944305 1.2666493 1.5052456 1.4886714 1.2434025 0.9546854 1.4022122 1.3379357 1.0390585 1.3901613 1.5775242 1.4002540 1.3259663 1.4404510 1.4494982 1.6790458 1.3865355 1.1352116 1.5662999 1.1229121 1.8352853 1.9801312 1.8402891 1.9558897 2.0026729 2.0117126 1.9461557 1.3418610 2.0857814 1.2380159 1.3514393 1.3967204 1.2650595 1.7386301 2.2970740 1.7824077 2.1575132 1.8736365 1.6337603 1.4257652 2.1762145 1.9613793 2.4658796 1.2376439 1.2310580 1.4822748 1.4311453 1.4035145 1.6831884 1.9296588 1.3692061 1.4697212 2.1856262 1.3979560 1.5943260 
Q8UGV4_AGRT5_125_292 0.8580896 0.8429859 0.8259056 0.8868464 0.8106246 0.8714986 0.6705453 0.9153350 0.8921535 1.0013931 0.8909217 1.0305730 0.9567225 0.6824647 0.5377230 0.5604919 0.7081727 0.9144350 0.3919651 0.0000000 0.2622256 0.7942115 0.6941156 0.8788354 0.9493122 0.9734341 0.8319612 0.9046246 1.0108642 0.8186022 1.3948102 1.2465400 0.9569431 1.0096336 1.1426071 1.1008680 0.9590825 1.0710418 0.9005034 1.1037883 1.5537209 1.3102259 1.0980868 1.3360860 0.9108731 1.0078868 0.9353220 1.3192102 1.1017248 1.1863490 1.1050548 0.8641085 1.0961848 1.1371596 1.2173337 0.9542412 1.2466955 1.3025250 1.5533569 1.4580204 1.2726702 1.2850953 1.1347289 1.1543240 1.0122138 1.0877052 1.2746010 1.0372941 1.0288367 1.3975815 1.3826166 1.5763408 1.3217783 1.3228302 1.3108621 1.3797843 1.2061914 1.5896535 1.5648836 1.3308278 1.3224652 1.3695201 1.1606271 1.0287986 1.1433419 1.4044679 1.1884162 1.1978337 1.8516888 1.4197855 1.2609257 1.5456004 1.3626318 1.6411910 1.5152608 1.1802093 1.6341745 1.1935360 1.6226331 1.8462944 1.4858450 1.7193852 1.8931028 1.7114657 1.8538035 1.5231588 1.6694731 1.3051982 1.5437398 1.4035761 1.2869349 1.5250126 2.0381899 1.5447884 1.7540371 1.3789007 1.4245678 1.6682903 1.8549166 1.8191941 2.3661172 1.0394928 1.1146812 1.3554997 1.1884732 1.3581080 1.5968055 1.9478023 1.2362012 1.4317169 2.1472559 1.3929588 1.8475812 
Q8G1W8_BRUSU_104_271 0.7166518 0.7514902 0.8434413 0.8549452 0.8168890 0.8732499 0.7720159 0.9136509 0.7769490 0.7784581 0.7856942 0.9230998 0.8272223 0.6530354 0.5711611 0.5774603 0.6512026 0.7665113 0.3657511 0.2622256 0.0000000 0.6616538 0.6827569 0.6140260 0.9089514 0.8372284 0.8863243 0.8406260 0.9107596 0.8608802 1.2544229 1.0336825 0.8817589 0.9688301 0.9466425 0.9534894 0.7820213 0.8545209 0.7597355 1.0533237 1.3592585 1.2070257 0.8572081 1.3926994 0.9699271 1.0214684 1.0428194 1.0289165 0.9649612 0.9907193 1.0703990 0.8489181 0.9492688 1.0935587 1.1580942 0.8075674 1.2212980 1.0915724 1.5869099 1.3071316 1.1895467 1.1180117 1.0771635 0.8540143 1.0781937 1.1951281 1.2005554 1.1967534 1.0540967 1.3896328 1.1632228 1.2634477 1.2138050 1.0135436 1.2739424 1.2469411 1.0965669 1.3889727 1.3046377 1.1495073 1.2851807 1.3063435 1.1014484 0.9456846 1.0197979 1.2561426 1.0493585 0.9632569 1.3935971 1.3683806 1.1432779 1.3060366 1.3048422 1.2219261 1.3682579 1.0984547 1.3635569 1.3820589 1.7301306 1.8051930 1.7840239 1.5887416 1.6389563 1.7572102 1.4959054 1.6545111 1.5955657 1.2878418 1.5139555 1.0574132 1.0437666 1.4073779 2.0285856 1.5516748 1.7865251 1.4958299 1.4085117 1.4022482 1.4887529 1.5636946 1.9721758 1.0560852 1.0007634 1.0119570 0.9858300 0.9849466 1.4594291 1.7077500 1.1971916 1.2581107 1.8891116 1.3862128 1.9095808 
PBPA_AQUAE_45_212    0.5631483 0.6751482 0.6465914 0.5369360 0.4990948 0.4449139 0.4855598 0.5559336 0.7930348 0.5452167 0.8554298 0.6363342 0.6692768 0.5927113 0.4893643 0.6424899 0.7185724 0.6436934 0.8040679 0.7942115 0.6616538 0.0000000 0.8048810 0.8428898 0.6507698 0.7166860 0.7026062 0.6484902 0.8602031 0.8006686 0.9323495 0.7386919 0.6594526 0.7615037 0.7740556 0.6760461 0.5307849 0.5608409 0.7362942 0.6170222 1.0065958 0.8456605 1.0285650 1.0821517 0.7978790 1.0496189 1.1586307 0.9910142 0.8953218 0.8722490 1.1827783 0.9146981 1.1366624 1.1785497 1.2967070 0.7411898 1.4270831 0.9928969 1.4539744 1.4301933 0.8385513 0.8628928 1.1731929 0.6488255 0.8247060 0.9591947 1.1074253 0.9666849 1.0637958 1.2100412 1.0150450 1.0127891 1.3165137 0.7481245 1.0993289 1.1644861 1.2088983 1.3964845 1.3382456 0.8146656 1.3321535 1.2207879 1.0871086 0.8879693 1.0498687 0.9254416 0.9365015 1.4647946 1.0039830 1.3362072 0.9278846 1.1175258 1.0907632 1.2577358 1.2346640 1.0627755 1.2670268 1.2970488 1.4504874 1.5244079 1.4592124 1.6285205 1.0641249 1.2322134 1.7730367 1.2936894 1.3281732 1.0799963 1.2511736 1.0588053 0.9651120 1.3416126 1.5637893 1.2987344 1.3648613 1.0811146 1.3489599 1.0634821 1.5578431 1.5955121 1.8211467 1.0964101 1.1720628 1.1593399 1.2129301 0.8437466 1.1069546 1.2237550 1.1060541 1.3724459 1.5812422 1.1008908 1.7495238 
Q92Y40_RHIME_191_358 0.8019539 1.2102170 0.9804895 0.9574938 1.0327585 0.9856409 0.9537520 1.0563907 1.0347974 0.9230216 0.9098324 0.7148273 0.8834802 0.8532290 0.8270445 0.7070146 0.6432236 0.8670363 0.6862966 0.6941156 0.6827569 0.8048810 0.0000000 0.9112317 0.8216429 1.0664582 0.9382804 0.7625891 0.7990835 0.6826801 1.0838901 1.0829262 0.8988430 1.2351378 1.1197781 1.1178338 1.0767999 1.0540863 1.0100039 1.1492113 1.2017902 1.1420561 1.2584952 1.6966108 0.9641274 1.2222168 1.1961656 1.2025122 1.1958186 1.1536205 1.1361117 0.9379575 1.2105527 1.4021431 1.1289001 0.8889828 0.8399029 1.1286764 1.3661550 1.2820647 1.0313035 1.2976239 1.3011557 1.0130216 0.9666884 1.0353221 1.1608840 0.9560968 1.3556005 1.3581784 1.0819486 0.8728403 0.9884992 1.0036422 1.6884427 1.5212570 1.4577695 1.3313321 1.5328989 1.4993025 1.3563462 1.3430285 1.5187156 0.9914674 1.2733478 1.2967216 1.4783995 1.3584167 1.4371565 1.1847215 1.1557450 1.0133499 1.1934329 1.3743950 1.3308608 1.0104715 1.3424891 1.2270132 1.5534172 1.4845490 1.3852090 1.5107878 1.5733437 1.2406716 1.4354339 1.1138362 1.9684016 1.2540571 1.2927505 1.5934724 1.2992637 1.5747765 1.9730121 1.4959209 2.0215151 1.6962930 1.6297932 1.6259655 2.0781689 1.7096563 2.4330733 1.4647138 1.2322082 1.6852467 1.5720124 1.2503468 1.7692168 1.8876354 1.2154095 1.3983403 1.9694421 1.5223017 1.8201575 
Q8CXK3_OCEIH_57_224  0.7540073 0.9442464 0.8071225 0.9103348 0.9067695 0.8893800 0.9541925 0.9168282 0.8573194 0.6449689 0.8744068 0.8159508 0.8072137 0.6470938 0.5147067 0.8128314 0.6028472 0.6682743 0.7602976 0.8788354 0.6140260 0.8428898 0.9112317 0.0000000 0.5553265 0.4703184 0.6980269 0.5797264 0.6216033 0.6238451 0.8943590 0.7092203 0.8266873 0.7569362 0.8159353 0.7861216 0.7530142 0.6748421 0.8248493 0.8675055 1.1483932 0.8885665 0.6295199 1.0935940 0.7918107 1.1279493 1.2676210 0.8385794 0.7702220 0.7707398 0.8339247 0.8329290 1.0367670 0.8454665 1.1539766 0.7432125 1.0091558 0.9352412 1.1966107 0.9655444 1.0378370 0.9062875 0.9325396 0.7572628 0.9926490 1.0098742 1.0455528 1.0610703 0.9073406 1.2817869 1.0244778 1.0840149 1.0541401 0.9093971 0.9790213 0.9130949 0.9662422 0.9604195 1.0040141 1.1736184 0.8061500 0.8834763 0.9593261 1.0131800 1.4338333 1.1081241 0.9875355 0.8404716 1.0467257 0.9099508 0.9199429 1.0889143 1.0287560 0.9846146 1.1849092 0.8627286 1.1826280 1.0943466 1.2479803 1.2877743 1.2323892 1.2462724 1.1148896 1.2725804 1.1957303 1.5376396 1.3825076 1.3184369 1.4131384 1.1102541 1.0571093 1.4633315 1.6582861 1.1281700 1.5659811 1.4377088 1.1741057 1.0490018 1.7388134 1.5697123 1.5620264 1.2732120 1.2627792 1.4811707 1.4862958 1.1729520 1.4222762 1.6145724 1.1733944 1.4814581 1.7269950 1.2263308 1.6139126 
Q9KDL1_BACHD_45_212  0.7456520 0.9706278 0.9122655 1.0741295 0.9771513 0.8861472 0.9857154 1.1074520 0.9656177 0.9091483 0.9470563 0.9433968 0.8774566 0.7761138 0.6061350 0.8347531 0.6875418 0.8060511 0.8462987 0.9493122 0.9089514 0.6507698 0.8216429 0.5553265 0.0000000 0.5018175 0.8115720 0.6599787 0.7269239 0.8206153 1.0119609 0.7037923 0.7193809 0.6677662 0.7827760 0.6953334 0.6826944 0.7695807 0.9714511 0.8237676 1.1245648 0.9964398 1.0132784 1.0829411 0.7882085 1.0747265 1.2847613 0.9420649 0.8002283 0.8428961 0.9618610 0.9980477 1.2249017 1.0075564 1.1419129 0.8427091 1.0791150 1.0801466 1.2357608 1.1393543 0.8651316 0.7195299 1.1426999 0.7729149 1.1573224 1.2600420 1.1127957 1.2051900 0.9205429 1.6509171 1.0185280 0.9753932 1.3049269 0.8948643 1.3211256 1.1900325 1.2308613 1.1760121 1.2637345 1.2040755 1.2047510 1.2518460 0.9679978 1.0084000 1.0052931 1.2824455 1.1617200 1.4711770 1.2025083 0.9799744 0.8442807 1.2528642 0.7984260 0.9658771 1.0733930 1.1214060 1.1210219 1.2216526 1.4216618 1.4914000 1.5794780 1.5799880 1.4153700 1.5230259 1.6564653 1.5797357 1.7424580 1.5077381 1.6632648 1.4584055 1.3167617 1.7008868 1.9778179 1.5001049 1.8159361 1.5678638 1.5633471 1.2688718 1.9702895 1.6627116 1.6774313 1.6352416 1.6106005 1.8253962 1.9358025 1.3109163 1.7823577 1.9498408 1.2367825 1.6715668 1.9800610 1.8083406 1.3603994 
PBPF_BACSU_49_216    0.7841420 1.1503226 1.0866439 1.1065837 1.0856636 0.9556036 1.0300711 1.0659806 0.9668245 0.9016259 1.1206795 0.9088683 0.9515534 0.6913784 0.7162809 0.7629397 0.7988764 0.8421112 0.9317232 0.9734341 0.8372284 0.7166860 1.0664582 0.4703184 0.5018175 0.0000000 0.8135003 0.7803164 0.7491728 0.8531796 1.0175991 0.8226879 0.9282933 0.7929340 0.7859359 0.7319443 0.6605099 0.7177259 0.9952465 0.8598034 1.3639253 1.0603661 0.9681927 1.0409348 0.8750882 0.9792804 1.0641028 0.8929194 0.7280254 0.8465641 0.9301697 0.9314037 1.1976470 0.8895875 1.1320871 0.7989684 1.2631188 1.0985754 1.2890082 1.0788250 0.9790648 0.8486600 1.0886799 0.6531092 1.3491621 1.3423406 1.4630142 1.3933023 1.1359231 1.6137270 1.1921960 1.2074400 1.4730074 0.9449609 1.1695957 1.1703938 1.3371030 1.3028293 1.3979526 1.3928465 1.1472899 1.2891311 1.3323368 1.0449820 1.3994501 1.2652104 1.2432494 1.4457443 1.0115817 1.0755464 1.0167364 1.0699472 1.1265449 1.1672011 1.1610462 1.0926837 1.1949159 1.3216040 1.3130515 1.4669700 1.4682534 1.3479232 1.2989515 1.5927019 1.6871583 1.5009045 1.5308007 1.1660885 1.3786213 1.2150099 1.0713344 1.4997877 1.8049844 1.3412602 1.6887149 1.5105994 1.4223940 1.1294452 1.9711479 1.6040731 1.5073681 1.3196371 1.2143813 1.5852066 1.5906869 1.2438450 1.5445350 1.8655550 1.1224990 1.5244760 1.3481559 1.3896862 1.6266765 
Q8DMR2_SYNEL_72_240  0.7847729 0.9305766 0.8176722 0.9491637 0.7518880 0.7665645 0.7152311 0.7565835 1.0895618 0.9116417 1.0158334 0.7338059 0.8046506 0.6218390 0.5079565 0.5877876 0.7812038 0.8092303 0.8021149 0.8319612 0.8863243 0.7026062 0.9382804 0.6980269 0.8115720 0.8135003 0.0000000 0.2223066 0.2088195 0.3139634 0.3307462 0.7678336 0.9603513 1.0537937 0.9755972 1.0008309 1.0043119 1.0925136 1.0823663 0.8087365 0.9946444 0.7984397 1.0068725 1.2999986 1.0047762 0.9502144 0.8818639 1.0711703 1.0039207 0.9656246 1.2609581 1.0411806 1.3869493 1.1645294 1.1493516 0.7938629 1.0705944 0.9518284 1.1215300 1.2303203 0.9012207 0.8598036 0.8661470 0.7868501 0.8906905 0.9924225 1.0631782 0.9060833 0.9937056 0.9756508 1.3414084 1.1346355 1.1923460 0.6492232 1.0820032 1.0855286 1.2330879 1.2545801 1.3375527 0.9257273 1.0757892 1.1290737 1.2565012 0.8913879 1.5359064 1.2270656 1.2933308 1.1917828 1.4402793 1.2462435 1.1253244 1.1768014 1.3000335 1.2584702 0.9786552 0.7518402 1.2590058 1.1668922 1.3444183 1.4407395 1.1956598 1.3392712 0.8871259 1.1095888 1.3948320 0.9437435 1.7951517 1.4662113 1.5834077 1.2786764 1.3988681 1.6339963 1.6995230 1.6229163 1.9281100 1.6648481 1.8451587 1.3993800 1.8359143 1.5332332 1.5315997 1.0918315 1.1845492 1.3709621 1.3183561 1.1642521 1.2879735 1.4320849 1.2447165 1.3387560 1.4014113 1.3493072 1.6905320 
Q8YLH2_ANASP_74_242  0.7117792 0.8787567 0.8199183 1.0067731 0.7175512 0.7253459 0.7048733 0.7575816 1.0345153 0.7940873 0.9286290 0.7136052 0.7599049 0.6618595 0.5413336 0.7295038 0.7742848 0.7666007 0.7320700 0.9046246 0.8406260 0.6484902 0.7625891 0.5797264 0.6599787 0.7803164 0.2223066 0.0000000 0.1438276 0.2482149 0.3926261 0.8868118 1.2227830 0.8480076 0.8190700 0.9123495 0.9721901 0.9654451 0.8048496 0.6381172 0.9431022 0.8546054 0.9678857 1.4767605 0.9623810 0.9814907 1.1017239 1.3449441 1.1481509 1.0590635 1.4941938 1.2397914 1.3976253 1.3846488 1.3074304 0.8591018 1.0135622 1.0060827 1.2830105 1.3466211 0.8554574 0.9207978 1.0145512 0.7949228 0.9822273 1.0351443 1.0357638 0.9912601 0.9571781 1.0698804 1.0732631 0.9443439 1.0375823 0.7168021 1.3123253 1.3435940 1.3147387 1.1018273 1.2999988 1.0543701 1.3241704 1.3270205 1.2978065 1.0378445 1.6462469 1.1506807 1.3715989 1.2942242 1.4368219 1.1044597 1.0481977 1.0898232 1.1707553 1.1715200 1.0815420 0.8434496 1.3672183 1.2664326 1.2889310 1.3889868 1.2313198 1.2689389 1.0737947 1.1631100 1.2546987 1.0411884 1.7608185 1.3347957 1.4792810 1.2170564 1.3974250 1.7623641 1.8590579 1.5682766 1.8896791 1.5309858 1.6017504 1.1608376 1.4980539 1.3779822 1.3056621 1.1240456 1.3142366 1.2506471 1.1962700 0.9279762 1.2254024 1.2469952 1.1343533 1.4365030 1.6959186 1.3645245 1.5622679 
Q8YSV0_ANASP_73_241  0.7548947 0.8585332 0.7329988 0.9809542 0.8131490 0.7707756 0.8427048 0.7257122 1.2576515 0.8766582 0.7726651 0.6811933 0.8188463 0.7451708 0.5856638 0.6328698 0.7031467 0.8183063 0.7670673 1.0108642 0.9107596 0.8602031 0.7990835 0.6216033 0.7269239 0.7491728 0.2088195 0.1438276 0.0000000 0.2547332 0.3736845 0.8857256 1.1947677 0.8891515 0.8179568 0.8464685 0.9508604 0.9981739 0.8883662 0.7066690 0.9201165 0.8673354 0.8761727 1.4353877 0.9956685 0.9969467 1.1578682 1.2509135 1.1249847 1.0324575 1.2475286 1.2178418 1.4060673 1.2496545 1.2268912 0.8074349 0.9078643 1.0396602 1.2543514 1.3688767 0.8699763 0.9276252 1.0596143 0.8792066 1.0739638 1.2020844 1.1642040 1.0284117 1.1169300 0.9944767 1.1034196 0.9477128 1.1667799 0.7164770 1.3206737 1.1343078 1.4438121 1.2422147 1.4862757 1.1867793 1.2408985 1.4675734 1.3387624 0.8734635 1.5560137 1.2918606 1.4592549 1.1405619 1.4366758 1.1890393 1.1322209 1.1318820 1.2376537 1.0818133 0.9912746 0.8474576 1.1883976 1.2156522 1.2168156 1.3703898 1.2942995 1.1979720 1.1318224 1.2313903 1.1479991 1.0751456 1.8935469 1.5472722 1.5530654 1.4097239 1.4884688 1.7657169 2.1090271 1.5099532 1.9699845 1.7462969 1.5063330 1.3352556 1.7969875 1.3886990 1.3585660 1.1561622 1.2198536 1.3236959 1.2720159 1.1298089 1.4306623 1.5009430 1.2097604 1.4166880 1.6394718 1.5586167 1.6000312 
