6
VATH_YEAST_6_439   0.0000000 2.7968434 2.6541395 2.7251999 2.9182154 2.8030566 
VATH_MANSE_23_413  2.7968434 0.0000000 0.5087441 0.7285879 1.1011231 1.7824687 
VATH_HUMAN_12_426  2.6541395 0.5087441 0.0000000 0.6023310 1.0563840 1.8500536 
VATH2_CAEEL_14_413 2.7251999 0.7285879 0.6023310 0.0000000 0.9679639 2.0624694 
VATH1_CAEEL_9_406  2.9182154 1.1011231 1.0563840 0.9679639 0.0000000 2.1436973 
VATH_SCHPO_17_405  2.8030566 1.7824687 1.8500536 2.0624694 2.1436973 0.0000000 
