8
Q9K6B6_BACHD_14_176 0.0000000 0.4916754 0.4111154 0.5914821 0.5018664 0.7268406 0.6783622 0.9987766 
Q6HAR0_BACHK_5_167  0.4916754 0.0000000 0.2710991 0.3965272 0.6670231 0.7651099 0.6977173 0.7380615 
P70996_BACSU_6_168  0.4111154 0.2710991 0.0000000 0.3176023 0.5925313 0.8014496 0.7654444 0.6345359 
Q5KUE4_GEOKA_6_168  0.5914821 0.3965272 0.3176023 0.0000000 0.7182900 0.7144729 0.7030541 0.7532038 
Q5WB27_BACSK_14_178 0.5018664 0.6670231 0.5925313 0.7182900 0.0000000 0.8630836 0.8320035 0.8041154 
Q41BH9_9BACI_2_164  0.7268406 0.7651099 0.8014496 0.7144729 0.8630836 0.0000000 0.8031641 1.0453192 
Q8EM42_OCEIH_9_171  0.6783622 0.6977173 0.7654444 0.7030541 0.8320035 0.8031641 0.0000000 0.9551131 
Q6GBM5_STAAS_4_168  0.9987766 0.7380615 0.6345359 0.7532038 0.8041154 1.0453192 0.9551131 0.0000000 
