14
Q9KC48_BACHD_24_343 0.0000000 3.0264965 3.2631568 3.5356820 2.9424425 2.8014325 2.4632229 2.6904102 2.8906280 2.7673615 2.7883940 4.3554866 2.2010509 2.5830826 
Q97EW2_CLOAB_46_375 3.0264965 0.0000000 0.6533835 0.9081647 1.9677617 1.5637998 1.4108885 1.5910151 1.5608557 1.5849855 1.6664404 2.4236517 2.5027857 2.9570547 
YCEH_BACSU_34_363   3.2631568 0.6533835 0.0000000 0.9715926 1.6820926 1.5050319 1.3507916 1.3763680 1.5264683 1.7129026 1.7373457 2.6481360 2.7615836 2.7306247 
Q97J75_CLOAB_35_368 3.5356820 0.9081647 0.9715926 0.0000000 1.7630795 1.7936731 1.6190471 1.7503484 1.9011409 1.6900898 1.6543807 2.4795346 2.5253499 2.6891620 
KLAB_ECOLI_36_368   2.9424425 1.9677617 1.6820926 1.7630795 0.0000000 1.5164393 1.4418299 1.4274386 1.3788794 1.5747782 1.7337796 1.5719311 2.4297802 2.9578312 
TELL_STAAW_39_372   2.8014325 1.5637998 1.5050319 1.7936731 1.5164393 0.0000000 0.5541722 0.4672615 0.6985506 0.9147776 1.1049336 2.5656452 2.7552180 2.8710128 
YAAN_BACSU_50_384   2.4632229 1.4108885 1.3507916 1.6190471 1.4418299 0.5541722 0.0000000 0.3045054 0.5029492 0.9517367 1.1747279 2.3513834 2.4348264 2.9583453 
Y1967_LISMO_66_399  2.6904102 1.5910151 1.3763680 1.7503484 1.4274386 0.4672615 0.3045054 0.0000000 0.5408253 0.9106421 1.1529091 2.3705165 2.4836905 2.8542712 
Q9CFX8_LACLA_52_386 2.8906280 1.5608557 1.5264683 1.9011409 1.3788794 0.6985506 0.5029492 0.5408253 0.0000000 0.8395968 1.2130829 2.2703056 2.4289380 2.8336462 
Q93EQ7_PHOLU_28_363 2.7673615 1.5849855 1.7129026 1.6900898 1.5747782 0.9147776 0.9517367 0.9106421 0.8395968 0.0000000 1.3099756 2.5631064 2.6629976 2.5439581 
O30859_RHOSH_44_380 2.7883940 1.6664404 1.7373457 1.6543807 1.7337796 1.1049336 1.1747279 1.1529091 1.2130829 1.3099756 0.0000000 2.7938496 2.8630745 2.8180391 
Q8L292_PROVU_31_368 4.3554866 2.4236517 2.6481360 2.4795346 1.5719311 2.5656452 2.3513834 2.3705165 2.2703056 2.5631064 2.7938496 0.0000000 3.3466517 3.5422563 
Q8TN38_METAC_46_372 2.2010509 2.5027857 2.7615836 2.5253499 2.4297802 2.7552180 2.4348264 2.4836905 2.4289380 2.6629976 2.8630745 3.3466517 0.0000000 1.3855911 
Q9RVA2_DEIRA_71_395 2.5830826 2.9570547 2.7306247 2.6891620 2.9578312 2.8710128 2.9583453 2.8542712 2.8336462 2.5439581 2.8180391 3.5422563 1.3855911 0.0000000 
