21
Q90350_COTCO_16_147 0.0000000 0.5861635 0.6299648 0.6866800 0.7490701 0.5526961 0.6282808 0.8803817 0.7231123 0.8282801 0.8606643 2.0908470 1.9555687 1.8966908 3.7973984 4.4311986 3.5111322 4.2229795 4.5729037 5.0204240 4.9558302 
TNNI3_XENLA_70_201  0.5861635 0.0000000 0.2942782 0.6007802 0.5226830 0.5792225 0.5907794 0.5306015 0.6846403 0.8519459 0.6893336 2.1680770 1.8898054 1.7572806 5.0380047 4.4040885 3.4789236 4.2076374 4.7827808 5.2877024 3.4276046 
TNNI3_BOVIN_47_178  0.6299648 0.2942782 0.0000000 0.7408740 0.6860940 0.5867437 0.5763973 0.6390675 0.7852359 0.9332594 0.8362638 1.9993349 1.5348077 1.6223923 4.7757393 3.9302220 3.1847456 4.1405655 4.1050436 4.0445979 4.2349632 
TNNI2_COTJA_14_144  0.6866800 0.6007802 0.7408740 0.0000000 0.2288941 0.5179576 0.6095467 1.0178288 0.7719417 0.7706426 0.6652996 2.5764550 2.2666433 2.2076380 4.1488598 3.9306574 3.2638592 4.2800186 3.6779445 4.9048432 4.2816958 
TNNI2_HUMAN_14_144  0.7490701 0.5226830 0.6860940 0.2288941 0.0000000 0.5809675 0.6633848 0.8485924 0.8157211 0.7200541 0.6509650 2.0130884 1.8146364 1.6611887 4.4191902 4.4745947 3.4963541 3.7053465 3.2600846 4.1099015 3.7954965 
O01354_HALRO_15_147 0.5526961 0.5792225 0.5867437 0.5179576 0.5809675 0.0000000 0.1558333 0.8918044 0.7418850 0.8938959 0.8526683 1.5660515 1.2484921 1.1708152 4.3265485 3.8139590 3.2161453 4.0057259 3.9032650 4.8315372 4.5889575 
O01355_HALRO_13_145 0.6282808 0.5907794 0.5763973 0.6095467 0.6633848 0.1558333 0.0000000 0.7824438 0.8013908 0.9143579 0.8482921 1.5295886 1.2097053 1.2548674 4.0163445 3.3235406 3.0356124 3.5427580 3.6871594 4.2899973 3.6477544 
TNNI3_CHICK_1_129   0.8803817 0.5306015 0.6390675 1.0178288 0.8485924 0.8918044 0.7824438 0.0000000 1.1387353 1.1721414 1.0348445 2.3680151 2.0157596 1.8911451 5.7762002 3.7967509 2.9663386 4.0640108 4.5330036 4.2307282 3.5272527 
O13094_SALSA_13_143 0.7231123 0.6846403 0.7852359 0.7719417 0.8157211 0.7418850 0.8013908 1.1387353 0.0000000 0.7164864 0.7884888 2.0702622 1.9281562 1.8552482 6.3643547 8.9999981 5.4996119 7.7285652 8.0215304 7.6368925 5.5237367 
Q90365_CLUHA_11_140 0.8282801 0.8519459 0.9332594 0.7706426 0.7200541 0.8938959 0.9143579 1.1721414 0.7164864 0.0000000 0.6241380 3.0769932 2.5440029 2.5200202 5.1310227 4.7880338 3.9031184 4.6963121 5.1420820 5.3945739 7.0962147 
O13093_SALSA_11_139 0.8606643 0.6893336 0.8362638 0.6652996 0.6509650 0.8526683 0.8482921 1.0348445 0.7884888 0.6241380 0.0000000 2.1756879 2.2878225 2.1754991 3.9177092 4.5116682 3.6817967 4.3995709 3.6190105 5.0745852 5.0327461 
TNNI1_CAEEL_58_191  2.0908470 2.1680770 1.9993349 2.5764550 2.0130884 1.5660515 1.5295886 2.3680151 2.0702622 3.0769932 2.1756879 0.0000000 0.7126814 0.7975412 5.4489780 4.4926116 4.3308494 4.1316428 4.4347236 6.3094898 6.7169079 
TNNI_PONLE_46_175   1.9555687 1.8898054 1.5348077 2.2666433 1.8146364 1.2484921 1.2097053 2.0157596 1.9281562 2.5440029 2.2878225 0.7126814 0.0000000 0.2141657 8.9999989 8.9999988 8.9999981 8.0946194 7.3199424 6.3769875 5.6390632 
TNNI_DROME_104_233  1.8966908 1.7572806 1.6223923 2.2076380 1.6611887 1.1708152 1.2548674 1.8911451 1.8552482 2.5200202 2.1754991 0.7975412 0.2141657 0.0000000 6.8847857 7.7005343 7.1024372 7.0807012 6.5017439 6.9468351 5.8552749 
TNNT2_MOUSE_105_249 3.7973984 5.0380047 4.7757393 4.1488598 4.4191902 4.3265485 4.0163445 5.7762002 6.3643547 5.1310227 3.9177092 5.4489780 8.9999989 6.8847857 0.0000000 0.5063176 0.4558477 0.4155628 0.5761602 0.7115695 8.9999981 
TNNT3_CHICK_68_210  4.4311986 4.4040885 3.9302220 3.9306574 4.4745947 3.8139590 3.3235406 3.7967509 8.9999981 4.7880338 4.5116682 4.4926116 8.9999988 7.7005343 0.5063176 0.0000000 0.0960295 0.4352991 0.6380610 0.9088200 8.9999988 
TNNT3_MOUSE_75_217  3.5111322 3.4789236 3.1847456 3.2638592 3.4963541 3.2161453 3.0356124 2.9663386 5.4996119 3.9031184 3.6817967 4.3308494 8.9999981 7.1024372 0.4558477 0.0960295 0.0000000 0.3983027 0.5857453 0.8027046 8.9999986 
Q98916_CHICK_73_214 4.2229795 4.2076374 4.1405655 4.2800186 3.7053465 4.0057259 3.5427580 4.0640108 7.7285652 4.6963121 4.3995709 4.1316428 8.0946194 7.0807012 0.4155628 0.4352991 0.3983027 0.0000000 0.5076423 0.6616822 8.9999983 
Q25148_HALRO_44_187 4.5729037 4.7827808 4.1050436 3.6779445 3.2600846 3.9032650 3.6871594 4.5330036 8.0215304 5.1420820 3.6190105 4.4347236 7.3199424 6.5017439 0.5761602 0.6380610 0.5857453 0.5076423 0.0000000 0.4821375 7.3515273 
Q25149_HALRO_34_177 5.0204240 5.2877024 4.0445979 4.9048432 4.1099015 4.8315372 4.2899973 4.2307282 7.6368925 5.3945739 5.0745852 6.3094898 6.3769875 6.9468351 0.7115695 0.9088200 0.8027046 0.6616822 0.4821375 0.0000000 8.9999986 
O15987_PATYE_99_241 4.9558302 3.4276046 4.2349632 4.2816958 3.7954965 4.5889575 3.6477544 3.5272527 5.5237367 7.0962147 5.0327461 6.7169079 5.6390632 5.8552749 8.9999981 8.9999988 8.9999986 8.9999983 7.3515273 8.9999986 0.0000000 
