10
Q6IRQ2_XENLA_109_196 0.0000000 0.3227088 0.7204437 1.1345389 0.5667403 0.8975889 1.1102531 1.1516906 1.1800416 1.2414645 
Q28C94_XENTR_113_200 0.3227088 0.0000000 0.7889849 1.0106545 0.6367330 0.8365408 1.3048246 1.2242388 1.1780826 1.2599490 
Q6DRE0_BRARE_136_223 0.7204437 0.7889849 0.0000000 1.0609306 0.4779354 0.7818129 1.3573707 1.2635879 1.2451167 1.2359085 
Q4R4D1_MACFA_52_139  1.1345389 1.0106545 1.0609306 0.0000000 0.5340323 0.5947399 0.8655735 0.7478502 0.4879319 0.5932962 
NXF1_COTJA_110_197   0.5667403 0.6367330 0.4779354 0.5340323 0.0000000 0.3544241 0.9392138 0.7222051 0.7165457 0.7676445 
NXF1_RAT_112_199     0.8975889 0.8365408 0.7818129 0.5947399 0.3544241 0.0000000 0.7887678 0.6425933 0.7639751 0.9555146 
Q4ZGD9_MOUSE_96_178  1.1102531 1.3048246 1.3573707 0.8655735 0.9392138 0.7887678 0.0000000 0.6550737 0.9150760 1.0241133 
Q4R622_MACFA_107_194 1.1516906 1.2242388 1.2635879 0.7478502 0.7222051 0.6425933 0.6550737 0.0000000 0.7702089 0.7818715 
Q4ZGD8_MOUSE_119_206 1.1800416 1.1780826 1.2451167 0.4879319 0.7165457 0.7639751 0.9150760 0.7702089 0.0000000 0.6265462 
Q498M8_RAT_106_193   1.2414645 1.2599490 1.2359085 0.5932962 0.7676445 0.9555146 1.0241133 0.7818715 0.6265462 0.0000000 
