9
Q937K4_ERWCH_5_395  0.0000000 0.4616200 0.4522688 0.5007139 1.3791073 1.4850479 1.9326119 1.8375754 1.6647766 
Q8CZZ8_YERPE_10_392 0.4616200 0.0000000 0.5790878 0.5684038 1.3616709 1.5998843 1.7845940 1.8446275 1.8200242 
Q8Z8C1_SALTI_5_376  0.4522688 0.5790878 0.0000000 0.3251765 1.1893516 1.3695223 1.8939162 1.8916554 1.8136899 
TOLA_ECOLI_5_421    0.5007139 0.5684038 0.3251765 0.0000000 1.2379942 1.2767011 1.9560031 1.8974659 1.7013691 
TOLA_HAEIN_3_371    1.3791073 1.3616709 1.1893516 1.2379942 0.0000000 0.3908164 2.1249404 1.9325748 2.0230924 
Q9CM70_PASMU_3_388  1.4850479 1.5998843 1.3695223 1.2767011 0.3908164 0.0000000 2.3873269 2.0774692 2.1090344 
Q9KR10_VIBCH_5_355  1.9326119 1.7845940 1.8939162 1.9560031 2.1249404 2.3873269 0.0000000 0.4243158 1.6482268 
Q87QU0_VIBPA_5_354  1.8375754 1.8446275 1.8916554 1.8974659 1.9325748 2.0774692 0.4243158 0.0000000 1.5615385 
Q8EDJ7_SHEON_1_342  1.6647766 1.8200242 1.8136899 1.7013691 2.0230924 2.1090344 1.6482268 1.5615385 0.0000000 
