7
O74955_SCHPO_16_208 0.0000000 1.1166162 1.2192531 3.2610887 1.9440910 1.9365784 1.8487357 
TSNAX_HUMAN_50_265  1.1166162 0.0000000 0.8199696 2.3650609 1.6315751 2.0283088 1.8483884 
Q9ZPQ4_ARATH_77_277 1.2192531 0.8199696 0.0000000 2.3168213 1.6907403 1.9121608 1.6136425 
TSN_HUMAN_18_217    3.2610887 2.3650609 2.3168213 0.0000000 3.3195129 2.9530217 2.1812148 
Y175_METJA_32_207   1.9440910 1.6315751 1.6907403 3.3195129 0.0000000 1.0368699 1.4719288 
O58396_PYRHO_18_194 1.9365784 2.0283088 1.9121608 2.9530217 1.0368699 0.0000000 1.3900167 
O28024_ARCFU_14_189 1.8487357 1.8483884 1.6136425 2.1812148 1.4719288 1.3900167 0.0000000 
