7
O27705_METTH_14_176 0.0000000 0.7979073 1.0985951 1.4584091 3.1381167 3.7792619 3.1063851 
Y777_METJA_28_189   0.7979073 0.0000000 1.1182355 1.4117615 2.4096790 2.9403155 2.7229676 
O58353_PYRHO_14_179 1.0985951 1.1182355 0.0000000 1.2914908 2.9613406 2.8619284 3.2844595 
O29501_ARCFU_12_177 1.4584091 1.4117615 1.2914908 0.0000000 3.0736282 3.5093379 2.7441654 
T2EA_HUMAN_20_193   3.1381167 2.4096790 2.9613406 3.0736282 0.0000000 1.1231209 1.6993072 
O62513_CAEEL_34_209 3.7792619 2.9403155 2.8619284 3.5093379 1.1231209 0.0000000 2.0393671 
T2EA_YEAST_15_188   3.1063851 2.7229676 3.2844595 2.7441654 1.6993072 2.0393671 0.0000000 
