8
YNF6_YEAST_3_169     0.0000000 1.1864127 1.1308242 1.1851768 1.1192538 2.0138500 2.0062064 2.3338763 
O13635_SCHPO_88_264  1.1864127 0.0000000 0.9237773 0.9376046 1.0424111 1.4575673 1.6442693 2.3356982 
SIW14_YEAST_116_280  1.1308242 0.9237773 0.0000000 0.5111773 0.9527437 1.5382858 1.5178857 2.3019832 
Y1500_ARATH_53_215   1.1851768 0.9376046 0.5111773 0.0000000 0.9514860 1.5006126 1.5373810 1.8871709 
YNJ9_YEAST_67_236    1.1192538 1.0424111 0.9527437 0.9514860 0.0000000 1.4410628 1.8341496 1.8253970 
Q9U0Z9_LEIMA_398_559 2.0138500 1.4575673 1.5382858 1.5006126 1.4410628 0.0000000 1.4801765 3.4634128 
Q12454_YEAST_3_180   2.0062064 1.6442693 1.5178857 1.5373810 1.8341496 1.4801765 0.0000000 3.1734255 
YCY5_YEAST_62_220    2.3338763 2.3356982 2.3019832 1.8871709 1.8253970 3.4634128 3.1734255 0.0000000 
