12
ENVR_ECOLI_84_203   0.0000000 0.5446797 2.7379783 2.4469852 2.1473629 1.8994623 2.2433216 2.0771582 1.9787175 1.8663678 2.0249198 3.5789136 
Q57J80_SALCH_84_203 0.5446797 0.0000000 2.1806755 2.0771261 1.6986762 1.6178102 1.9873115 1.6585871 1.8824108 1.6068261 1.9296275 3.2597586 
Q93K42_KLEPN_84_204 2.7379783 2.1806755 0.0000000 0.2734192 0.3361712 0.6295355 1.5213558 1.1711083 1.1442166 0.8080707 1.1159163 2.4701472 
Q9AEG3_ENTAE_84_204 2.4469852 2.0771261 0.2734192 0.0000000 0.2760308 0.5931263 1.2134478 0.9380726 0.9325663 0.6848395 0.8466089 2.0502011 
ACRR_SHIFL_84_204   2.1473629 1.6986762 0.3361712 0.2760308 0.0000000 0.5473699 1.2457671 0.8870612 0.8709219 0.6380019 0.9324404 2.3192345 
Q7WTR1_ERWAM_84_204 1.8994623 1.6178102 0.6295355 0.5931263 0.5473699 0.0000000 1.1604132 1.0011037 0.9419775 0.6936801 0.8004421 2.0194390 
Q5IS04_MORMO_84_204 2.2433216 1.9873115 1.5213558 1.2134478 1.2457671 1.1604132 0.0000000 0.6528077 0.6652761 1.0698221 1.0664426 2.4769991 
Q8VPB0_PROMI_84_204 2.0771582 1.6585871 1.1711083 0.9380726 0.8870612 1.0011037 0.6528077 0.0000000 0.4523475 0.7378650 1.0238090 1.9482359 
Q7N0N2_PHOLL_84_204 1.9787175 1.8824108 1.1442166 0.9325663 0.8709219 0.9419775 0.6652761 0.4523475 0.0000000 0.7602009 0.8941006 2.1174718 
Q66DQ8_YERPS_84_204 1.8663678 1.6068261 0.8080707 0.6848395 0.6380019 0.6936801 1.0698221 0.7378650 0.7602009 0.0000000 0.7101852 2.4175724 
Q6D804_ERWCT_84_204 2.0249198 1.9296275 1.1159163 0.8466089 0.9324404 0.8004421 1.0664426 1.0238090 0.8941006 0.7101852 0.0000000 1.9223371 
Q8Y3G8_RALSO_83_203 3.5789136 3.2597586 2.4701472 2.0502011 2.3192345 2.0194390 2.4769991 1.9482359 2.1174718 2.4175724 1.9223371 0.0000000 
