11
TIM_DROVI_21_303    0.0000000 0.0617592 0.5231407 1.9557147 1.2406913 1.2406913 1.4638394 1.4638394 1.3155955 1.2747876 1.7046286 
TIM_DROME_44_318    0.0617592 0.0000000 0.5176902 1.9992265 1.1774389 1.1774389 1.4283996 1.4283996 1.3220315 1.2728861 1.7389668 
Q9NJQ0_ANTPE_21_300 0.5231407 0.5176902 0.0000000 2.1223818 1.3587307 1.3587307 1.5866208 1.5866208 1.4865169 1.5863316 1.9551521 
Q9XW65_CAEEL_16_285 1.9557147 1.9992265 2.1223818 0.0000000 0.7291759 0.7291759 1.0497505 1.0497505 1.9086287 1.8766210 1.9261257 
TIM_RAT_21_292      1.2406913 1.1774389 1.3587307 0.7291759 0.0000000 0.0000010 0.6379732 0.6379732 1.1241079 1.3140907 1.1673145 
TIM_MOUSE_21_292    1.2406913 1.1774389 1.3587307 0.7291759 0.0000010 0.0000000 0.6379732 0.6379732 1.1241079 1.3140907 1.1673145 
Q9NAX2_DROME_19_289 1.4638394 1.4283996 1.5866208 1.0497505 0.6379732 0.6379732 0.0000000 0.0000010 1.6089833 1.5654304 1.6127156 
Q9NG27_DROME_19_289 1.4638394 1.4283996 1.5866208 1.0497505 0.6379732 0.6379732 0.0000010 0.0000000 1.6089833 1.5654304 1.6127156 
SWI1_SCHPO_21_286   1.3155955 1.3220315 1.4865169 1.9086287 1.1241079 1.1241079 1.6089833 1.6089833 0.0000000 0.6413950 0.7987462 
Q9Y8F5_EMENI_32_310 1.2747876 1.2728861 1.5863316 1.8766210 1.3140907 1.3140907 1.5654304 1.5654304 0.6413950 0.0000000 0.8043619 
TOF1_YEAST_41_374   1.7046286 1.7389668 1.9551521 1.9261257 1.1673145 1.1673145 1.6127156 1.6127156 0.7987462 0.8043619 0.0000000 
