6
YGI0_YEAST_11_129 0.0000000 0.8433152 3.0144844 3.1891019 3.5086017 3.3239483 
YNFD_CAEEL_11_135 0.8433152 0.0000000 2.0452871 1.8881643 2.4865318 2.2036085 
YG56_YEAST_5_130  3.0144844 2.0452871 0.0000000 0.2086956 0.9948140 0.8319575 
YHW2_YEAST_5_126  3.1891019 1.8881643 0.2086956 0.0000000 1.1693581 1.0293353 
YAI9_SCHPO_1_118  3.5086017 2.4865318 0.9948140 1.1693581 0.0000000 0.7753063 
YXX3_CAEEL_22_127 3.3239483 2.2036085 0.8319575 1.0293353 0.7753063 0.0000000 
