19
Q4CLR3_TRYCR_35_85  0.0000000 0.3291616 0.3092732 0.9520786 0.9293971 1.1577920 1.2397257 1.2302340 1.2934258 0.9590879 1.0368987 0.9042969 0.7151849 0.9396367 0.8650182 1.0283513 1.1661040 1.1717515 0.9705920 
Q4Q718_LEIMA_2_49   0.3291616 0.0000000 0.3785058 0.6869112 1.2167662 0.9462399 1.0553348 1.3569047 1.2131119 0.6135079 0.8479547 0.9247367 0.7177720 0.8177520 0.7855976 0.8965562 1.0381398 1.3029501 1.1298622 
Q585Z9_9TRYP_2_52   0.3092732 0.3785058 0.0000000 0.7185054 1.0815557 1.0270359 0.9982862 1.1693595 0.9409463 0.9144142 1.0324325 0.7489310 0.6493302 0.7295398 0.7623463 0.8568040 0.9238432 1.2586356 1.0273150 
Q4PI43_USTMA_2_58   0.9520786 0.6869112 0.7185054 0.0000000 1.8582376 1.1447696 1.3453114 0.9274063 1.2760562 0.9915773 1.3203156 0.9078995 0.9651080 1.2803920 0.9208481 0.9373811 1.2507122 1.6563173 1.1135752 
Q6BQJ9_DEBHA_2_64   0.9293971 1.2167662 1.0815557 1.8582376 0.0000000 0.6057485 0.7306685 0.9557472 0.7201142 1.0238302 0.8602015 0.8786579 0.9180929 0.8102563 0.7884529 0.9192060 0.8158591 1.2896609 1.1945763 
Q3E764_YEAST_2_64   1.1577920 0.9462399 1.0270359 1.1447696 0.6057485 0.0000000 0.9580633 0.8882617 0.9016141 0.9231356 1.0071184 0.7822406 0.9271905 1.2617069 0.8082637 0.8830789 0.7268921 1.6866666 1.5790458 
Q20588_CAEEL_2_64   1.2397257 1.0553348 0.9982862 1.3453114 0.7306685 0.9580633 0.0000000 0.5450192 0.6656474 0.6767789 0.5953754 0.7681709 0.6902950 1.1124811 0.7138481 0.7094686 0.6510893 1.0640073 0.8714810 
Q55JI9_CRYNE_2_64   1.2302340 1.3569047 1.1693595 0.9274063 0.9557472 0.8882617 0.5450192 0.0000000 0.7217559 0.6583725 0.6775147 0.5728343 0.6348900 1.0082808 0.7175223 0.9144112 0.7519205 0.7614455 0.6803038 
Q54PJ6_DICDI_40_102 1.2934258 1.2131119 0.9409463 1.2760562 0.7201142 0.9016141 0.6656474 0.7217559 0.0000000 0.6382211 0.7735233 0.5919841 0.6146834 0.7407237 0.6562164 0.7863102 0.7879673 1.0181072 0.8194547 
CCD72_MOUSE_2_64    0.9590879 0.6135079 0.9144142 0.9915773 1.0238302 0.9231356 0.6767789 0.6583725 0.6382211 0.0000000 0.2578698 0.3130411 0.3844782 0.4948372 0.6002325 0.5184830 0.6475493 0.8587821 0.7540503 
CCD72_XENTR_2_64    1.0368987 0.8479547 1.0324325 1.3203156 0.8602015 1.0071184 0.5953754 0.6775147 0.7735233 0.2578698 0.0000000 0.3660145 0.4205408 0.6008362 0.8508314 0.9909390 0.6555526 0.8109958 0.8153003 
Q4SUE2_TETNG_2_64   0.9042969 0.9247367 0.7489310 0.9078995 0.8786579 0.7822406 0.7681709 0.5728343 0.5919841 0.3130411 0.3660145 0.0000000 0.2406990 0.5212333 0.7079315 0.7050715 0.6158964 0.8483357 0.7520828 
Q6IHK7_DROME_2_64   0.7151849 0.7177720 0.6493302 0.9651080 0.9180929 0.9271905 0.6902950 0.6348900 0.6146834 0.3844782 0.4205408 0.2406990 0.0000000 0.3957150 0.7241703 0.8176544 0.7598232 0.8181107 0.8400340 
Q7PNC0_ANOGA_2_64   0.9396367 0.8177520 0.7295398 1.2803920 0.8102563 1.2617069 1.1124811 1.0082808 0.7407237 0.4948372 0.6008362 0.5212333 0.3957150 0.0000000 0.8253944 1.0284622 1.1906706 1.5039945 1.1495160 
Q4WXS3_ASPFU_4_68   0.8650182 0.7855976 0.7623463 0.9208481 0.7884529 0.8082637 0.7138481 0.7175223 0.6562164 0.6002325 0.8508314 0.7079315 0.7241703 0.8253944 0.0000000 0.3108281 0.4454248 1.0748694 0.8042730 
Q2GZW6_CHAGB_4_68   1.0283513 0.8965562 0.8568040 0.9373811 0.9192060 0.8830789 0.7094686 0.9144112 0.7863102 0.5184830 0.9909390 0.7050715 0.8176544 1.0284622 0.3108281 0.0000000 0.3034268 1.1955466 0.8408388 
Q4IFF6_GIBZE_4_68   1.1661040 1.0381398 0.9238432 1.2507122 0.8158591 0.7268921 0.6510893 0.7519205 0.7879673 0.6475493 0.6555526 0.6158964 0.7598232 1.1906706 0.4454248 0.3034268 0.0000000 0.8023431 0.7265055 
Q1SK74_MEDTR_2_64   1.1717515 1.3029501 1.2586356 1.6563173 1.2896609 1.6866666 1.0640073 0.7614455 1.0181072 0.8587821 0.8109958 0.8483357 0.8181107 1.5039945 1.0748694 1.1955466 0.8023431 0.0000000 0.2320432 
Q653G8_ORYSA_1_63   0.9705920 1.1298622 1.0273150 1.1135752 1.1945763 1.5790458 0.8714810 0.6803038 0.8194547 0.7540503 0.8153003 0.7520828 0.8400340 1.1495160 0.8042730 0.8408388 0.7265055 0.2320432 0.0000000 
