92
Q9X7F6_METCH_124_286 0.0000000 0.6033904 0.7015971 0.8022913 0.7947814 0.6721856 0.7753129 0.6531467 0.6165364 0.7721356 0.8437425 0.7056251 0.9462563 0.7445659 0.7539963 0.6456790 0.6338295 0.6681880 0.5949411 0.5901579 0.8167310 0.5090759 0.6164985 0.6882844 0.8805762 0.7388437 0.6753401 0.6680451 0.7156984 0.7848940 0.7245216 0.6587034 0.5948372 0.6903180 0.6284328 0.6120324 1.0131164 0.8437961 0.8398453 0.8197004 0.7970108 0.8939424 0.6755721 0.9280503 0.6237503 0.8855000 0.7822656 0.8658191 0.6353372 0.9591510 0.7237049 0.8681941 0.7977729 0.7307993 0.9213010 1.0993485 0.6873437 0.7524401 0.8003080 0.6650244 0.8133540 0.6136952 0.6261758 0.7388088 0.8513510 0.8422460 0.7556126 0.8276032 1.0564022 0.8874129 1.0500735 0.9604426 0.9412259 0.8136882 0.9478050 0.7714442 0.9356685 1.0496433 0.9996587 1.3708155 0.9474227 1.1194706 0.8563659 0.7878737 1.0740220 1.0160889 1.1419434 1.2899984 1.7547673 1.1480947 1.6295561 3.1884681 
Q8FVP6_BRUSU_123_292 0.6033904 0.0000000 0.3194761 0.5276748 0.3076682 0.4241889 0.4892594 0.5459455 0.3684096 0.5677140 0.5182665 0.3927661 0.5660425 0.6436351 0.4828175 0.4172949 0.4373800 0.5158539 0.5881656 0.4171025 0.4953321 0.5532212 0.4884286 0.5756961 0.5924800 0.5434600 0.5230411 0.6711976 0.6125446 0.6349503 0.6861775 0.6567696 0.7094331 0.7542769 0.8099667 0.7398634 0.7384208 0.6675366 0.5372787 0.5817762 0.4049407 0.6667541 0.4083617 0.7245787 0.7204655 0.6512444 0.3893858 0.5531810 0.5516253 0.5451664 0.8484412 0.5932073 0.7570545 0.5871699 0.8343381 0.9586207 0.5726638 0.7041774 1.0857322 0.6672600 0.7033419 0.5272084 0.5538808 0.7898964 0.6198592 0.7328837 0.4727434 0.4856001 0.6645678 0.7163873 0.5613097 0.8040030 0.8511063 0.7422737 0.6039197 0.8459256 0.9620349 1.2214083 0.9959080 0.9625330 1.0078521 0.9466547 1.0908684 0.7501609 1.3567979 1.1600162 1.0249443 1.0953993 1.3500862 1.4133129 2.2637229 3.7290472 
Q9A8Y0_CAUCR_172_341 0.7015971 0.3194761 0.0000000 0.4133960 0.4718309 0.4593729 0.4985289 0.5463012 0.4838495 0.6072720 0.5983887 0.3995440 0.6206498 0.7335136 0.3498436 0.4594695 0.5296874 0.5996913 0.4453153 0.3868360 0.6770800 0.6294419 0.6066076 0.4988408 0.4713720 0.4279369 0.5707381 0.5181907 0.5406310 0.7079710 0.6987757 0.6997025 0.6491063 0.9097673 0.7877164 0.6140665 1.0596608 1.0008148 0.8186810 0.6741110 0.5010075 0.6424967 0.4373562 0.7883606 0.8144066 0.6111502 0.4359726 0.5614515 0.7822427 0.6972519 1.0095751 0.6483369 0.7126127 0.5118402 0.9252410 0.8913904 0.6430360 0.6079818 1.1081884 0.7950306 0.6756967 0.5965142 0.6218211 0.7881066 0.8057771 0.8136141 0.6381046 0.6131365 0.6646341 0.7146391 0.5422313 0.7330612 0.7848322 0.8171058 0.5529311 1.1524376 1.0131092 0.9903894 0.8430536 0.8983839 1.0527983 0.9587859 1.1306027 0.9366061 1.0142488 1.1080052 0.9042228 0.9448119 1.5219194 1.3220357 1.8709521 3.0850787 
Q89WX9_BRAJA_124_287 0.8022913 0.5276748 0.4133960 0.0000000 0.6911439 0.7428272 0.9234326 0.7201038 0.9758026 0.9808746 1.0113216 0.7508812 0.9616586 0.9453427 0.6867246 0.8730757 0.7429895 0.7588331 0.7480854 0.8409174 0.9674097 1.0047171 0.8762781 0.8790720 0.8639906 0.8609525 0.6758293 0.7980605 0.8538541 1.0144366 0.8848678 0.9586011 0.8595543 0.9686783 0.8086787 0.5618164 0.8850095 0.9793279 0.7898385 0.8774718 0.6518930 0.9659260 0.6450359 0.9119773 0.8550976 1.0294704 0.7409939 0.8203296 0.9909658 1.0162632 1.2460110 0.8426886 1.0843015 0.7021350 1.0043848 1.1691576 0.9046619 0.9281956 1.1099085 1.1928522 0.7965866 0.8325933 0.8525077 0.9672699 0.9864407 0.9060601 0.8990563 0.7535004 0.8525399 1.1214285 0.8944763 1.0223687 1.0832309 1.0311829 0.9704008 1.0748925 1.2796514 1.4526025 1.0014534 0.9936632 1.2255051 0.7484215 1.3677415 1.0611761 1.5023496 1.4438804 1.1724924 1.3524562 1.6290244 1.6244986 2.4679604 4.0233437 
Q73HK3_WOLPM_123_283 0.7947814 0.3076682 0.4718309 0.6911439 0.0000000 0.3569355 0.4753302 0.6438274 0.6088383 0.5636952 0.5751296 0.6325534 0.6841694 0.7747710 0.4575820 0.5348887 0.6657775 0.5980650 0.7181396 0.4651170 0.6702992 0.6391165 0.6750132 0.8813099 0.7019050 0.8109939 0.6615100 0.6820405 0.6869178 0.7156305 0.8978476 0.7384175 0.6849331 0.7313853 0.8301029 0.7057840 0.8961029 0.8440435 0.5405059 0.6214617 0.6245453 0.6076208 0.4657900 0.5788689 0.6895168 0.7759994 0.4773035 0.7767345 0.6740067 0.6203446 0.8505297 0.6687295 0.7912440 0.4477470 0.7083823 0.9282335 0.6458301 0.7303803 1.0352057 0.6798348 0.6878750 0.5715205 0.5823839 0.7387114 0.7615740 0.6562970 0.5888927 0.6871924 0.6277343 0.5847432 0.4419377 0.8347221 0.9234573 0.7248566 0.7166373 0.9591066 1.1718703 1.1815653 1.1127861 0.9812683 1.0273205 1.1775872 1.0317412 0.7968125 1.4871255 1.2739266 1.1048958 0.9313271 1.2521671 1.2183119 2.0699867 3.2997140 
Q883B5_PSESM_123_285 0.6721856 0.4241889 0.4593729 0.7428272 0.3569355 0.0000000 0.5639142 0.7259302 0.4398160 0.5431536 0.5899600 0.6378741 0.5624901 0.5545970 0.4469050 0.5280327 0.6906449 0.5845973 0.6398780 0.4465293 0.6991122 0.6371510 0.6353969 0.8095345 0.7872923 0.7103525 0.6542178 0.7565142 0.7861548 0.6449800 0.8152232 0.7575480 0.7100421 0.7355992 0.7993368 0.8263289 1.0775396 0.8815232 0.7205634 0.5909998 0.5117418 0.6334200 0.4522130 0.6240701 0.7135559 0.6654329 0.4729380 0.6389460 0.7294569 0.6679944 0.7543262 0.5578772 0.7085478 0.4803912 0.6515767 0.9658578 0.5600278 0.7040825 0.9602521 0.5853998 0.6287058 0.6640449 0.5284793 0.6334589 0.7282187 0.6568704 0.5066097 0.5669213 0.4272863 0.4644306 0.4170997 0.8596936 0.6686293 0.7195733 0.7789723 1.1444605 0.9552888 1.2858445 1.2092993 0.9048101 1.3222593 1.2005182 0.9816411 0.8316828 1.2428850 1.1232654 0.9677011 1.0928094 1.5043250 1.0569518 2.0757381 4.3207500 
Q8KN38_SPHCR_123_285 0.7753129 0.4892594 0.4985289 0.9234326 0.4753302 0.5639142 0.0000000 0.6409405 0.5687857 0.5990592 0.5619479 0.5076621 0.7567960 0.8317184 0.5969962 0.5741998 0.5425258 0.6915765 0.6943177 0.4880974 0.6351968 0.6214925 0.6464261 0.8349788 0.7380395 0.6114883 0.6613413 0.6885175 0.8442898 0.7871757 1.0967939 0.7391665 0.9076250 0.9592183 0.8669039 0.7998776 1.1739606 1.1373413 0.8787587 0.8352452 0.6410727 0.6805773 0.5807203 0.8653141 1.1731917 0.7224880 0.5840871 0.7636418 0.8037814 0.9111652 0.9288593 0.8259258 0.7707643 0.5873128 1.0041264 1.1115388 0.7818112 0.7742976 1.2085008 0.8476968 0.8134171 0.7712445 0.6437576 0.8933247 0.7574830 0.7460409 0.6748511 0.6226210 0.7084276 0.7059217 0.8490746 0.8125487 0.9282950 0.9491134 0.5928749 1.2796845 1.1504598 1.0258706 1.1952528 1.1731597 1.0269604 1.1480784 1.0921091 0.9593224 1.6116954 1.4172979 0.9612665 1.4943104 1.7778395 1.3514429 1.9474330 4.1405463 
Q88LI7_PSEPK_124_288 0.6531467 0.5459455 0.5463012 0.7201038 0.6438274 0.7259302 0.6409405 0.0000000 0.6427691 0.7218848 0.6787339 0.4409420 0.8184663 0.8784941 0.6706817 0.6822339 0.3730404 0.6541295 0.7463634 0.5840919 0.6626437 0.5521953 0.6556956 0.6702344 0.7444452 0.7251108 0.5436366 0.6649381 0.9401668 0.6440812 0.7377392 0.6226483 0.6243569 0.7771391 0.6645858 0.5392319 1.0153557 0.7877325 0.9857556 0.9993731 0.9055392 0.9404854 0.7096765 0.9597633 1.0243166 0.8688662 0.6741187 0.7453765 0.9007048 0.9019635 0.9053812 0.8981241 0.8027956 0.6695152 0.9955607 0.9591299 0.5780347 0.6238842 0.7745988 0.7499831 1.0792603 0.5295418 0.5776739 0.9389897 0.7739534 1.1442936 0.7820151 0.8096881 0.7164888 0.8031793 0.8547689 0.9571268 1.0040622 0.9573379 1.0884418 0.9651302 1.2221655 1.2272253 1.0301283 1.0407563 0.9174532 0.9976393 1.1639049 0.9057824 1.2061668 1.2891548 1.1799013 1.4477835 1.5117282 1.1474372 1.6836002 2.5184858 
Q88WM8_LACPL_125_286 0.6165364 0.3684096 0.4838495 0.9758026 0.6088383 0.4398160 0.5687857 0.6427691 0.0000000 0.4401458 0.4096249 0.3569393 0.5808524 0.6104013 0.6031447 0.5276524 0.5311678 0.7164871 0.7778840 0.5592224 0.6975582 0.5203791 0.5880285 0.5839405 0.7311649 0.5539146 0.5885034 0.7050532 0.7029364 0.7492452 0.6085456 0.5599793 0.6666994 0.7438970 0.6994150 0.7523700 0.8913833 0.8243141 0.8574441 0.7213021 0.5727316 0.7057481 0.5447174 0.5749084 0.7016326 0.8988785 0.6104116 0.6507233 0.5308148 0.5484449 0.5879798 0.8213527 0.7440459 0.6184627 0.7330690 1.0042104 0.5884697 0.6822870 1.0208871 0.4847323 0.7009984 0.5715635 0.3661449 0.7061323 0.7755014 0.7344643 0.5003937 0.6742025 0.5135581 0.6274477 0.6310562 0.9851933 0.6900845 0.6496870 0.6632894 0.7822278 0.9226865 1.5308830 1.0783770 1.1655215 1.1584213 1.2239333 0.9273661 0.7825890 1.2645690 1.2560914 0.9222075 1.1016901 1.6093488 1.3325313 1.7776676 3.8606150 
FOLD_STRTR_123_282   0.7721356 0.5677140 0.6072720 0.9808746 0.5636952 0.5431536 0.5990592 0.7218848 0.4401458 0.0000000 0.2456490 0.3852116 0.3928803 0.5924467 0.4811789 0.5896254 0.5132332 0.7940678 0.6724104 0.4982160 0.6302863 0.5489659 0.5735690 0.7253387 0.6838741 0.5657765 0.5816764 0.8013214 0.5404801 0.6510825 0.7580494 0.6229543 0.7699827 0.6641706 0.5574382 0.8625386 0.8817527 0.6601355 0.7298652 0.8560667 0.6064092 0.6595333 0.6292534 0.6345597 0.7339281 0.9477321 0.5670644 0.8858459 0.6125185 0.6122148 0.7627870 0.7438788 0.6449177 0.6312008 0.8306074 1.0314329 0.5610155 0.5930059 0.9507970 0.5413295 0.8062103 0.6752703 0.6574242 0.8321320 0.7271262 0.6939904 0.5574085 0.6570155 0.4781160 0.5256821 0.6058882 0.6924986 0.7763216 0.5117391 0.7115869 1.0141867 1.1501994 1.4618757 1.4237030 1.2771593 1.3149969 1.1984168 1.3223170 0.7976022 1.2580029 1.2195617 0.9031166 1.1021866 1.6459009 1.0985351 1.6489871 5.5320605 
Q836W7_ENTFA_122_281 0.8437425 0.5182665 0.5983887 1.0113216 0.5751296 0.5899600 0.5619479 0.6787339 0.4096249 0.2456490 0.0000000 0.2205629 0.3020685 0.3661192 0.4338758 0.4966259 0.6266978 0.6952015 0.6672963 0.4516187 0.4587882 0.6479667 0.5857326 0.5598297 0.5416854 0.5679462 0.6161996 0.6301217 0.6822802 0.6777755 0.7781127 0.6477046 0.7199288 0.6823898 0.5893906 0.9370973 0.9130491 0.7441636 0.8973024 0.8736417 0.5460954 0.6098807 0.5437454 0.7162798 0.8777288 0.8804483 0.5698738 0.7071285 0.4939573 0.5422799 0.7476786 0.6976482 0.5534154 0.5575939 0.8354717 0.9697283 0.6165018 0.6678387 1.0031812 0.6226961 0.7415063 0.6113928 0.7250757 0.8494954 0.6503891 0.8374017 0.5787774 0.6698810 0.4666244 0.5499832 0.7235809 0.8146629 0.6718019 0.5437082 0.6766362 1.0017309 1.0993673 1.4805891 1.2797996 1.1138227 1.1697625 1.2131214 1.2361993 0.9019394 1.6915690 1.4668077 0.8798122 1.1187759 1.7822121 1.2670114 1.7968119 3.8289247 
Q71ZW2_LISMF_122_281 0.7056251 0.3927661 0.3995440 0.7508812 0.6325534 0.6378741 0.5076621 0.4409420 0.3569393 0.3852116 0.2205629 0.0000000 0.3485816 0.3486214 0.4112392 0.4886154 0.4711586 0.7222082 0.5462166 0.5044834 0.5000242 0.5398519 0.4986854 0.5793732 0.5427902 0.4305563 0.6100687 0.5459998 0.5926771 0.6772934 0.8358011 0.6320386 0.7003518 0.7839796 0.6306183 0.7644990 0.9156778 0.7910441 0.8091371 0.8182317 0.4516976 0.6092234 0.6096699 0.6457470 0.7370901 0.7109047 0.4834830 0.4657991 0.5177775 0.5541491 0.6428202 0.6084922 0.4567805 0.4787518 0.6948206 0.8403461 0.6277918 0.5883348 0.8576307 0.6518260 0.7354131 0.6205312 0.5206622 0.7096268 0.6365392 0.9673634 0.6153352 0.6060745 0.4913598 0.5747145 0.6668322 0.6635313 0.4674538 0.5213404 0.7254091 1.0577170 1.0678990 1.2888955 0.9930427 0.9429313 1.0123095 0.9001482 1.0819245 0.7552952 1.4307247 1.3135829 0.8621299 1.0697432 1.7029477 1.0238606 1.3771229 3.3204671 
Q8EQ43_OCEIH_122_281 0.9462563 0.5660425 0.6206498 0.9616586 0.6841694 0.5624901 0.7567960 0.8184663 0.5808524 0.3928803 0.3020685 0.3485816 0.0000000 0.2911195 0.3879953 0.4700412 0.6053416 0.7793474 0.5959199 0.4133520 0.4907057 0.5992452 0.6252371 0.5429472 0.4466799 0.4572986 0.6567024 0.7155730 0.6084698 0.6831819 0.5770209 0.7307194 0.5418489 0.6137078 0.4637658 0.9182550 0.6856064 0.5769532 0.7244912 0.7445259 0.5073835 0.5694489 0.4993187 0.6723823 0.8773155 0.5649525 0.4215390 0.5515571 0.4502167 0.6128209 0.6715693 0.6010582 0.4481920 0.4641613 0.6135867 0.7925451 0.5312356 0.4850165 0.7034273 0.5939172 0.5444676 0.7242434 0.6378170 0.6236063 0.5371965 0.7977338 0.4366689 0.5713687 0.3841591 0.6096124 0.4726042 0.7211570 0.7062550 0.4531122 0.7105650 0.9968790 1.1135252 1.2182880 1.2343254 0.7647978 0.8838677 1.0169876 0.9962532 0.8290645 1.3836359 1.1018386 0.8177596 1.0487855 1.9855917 1.1006260 1.5412504 4.3331972 
Q818R5_BACCR_123_282 0.7445659 0.6436351 0.7335136 0.9453427 0.7747710 0.5545970 0.8317184 0.8784941 0.6104013 0.5924467 0.3661192 0.3486214 0.2911195 0.0000000 0.5660041 0.6002472 0.6870111 0.8116050 0.5409281 0.4560998 0.6154902 0.5878406 0.7373827 0.7508671 0.7560633 0.6293586 0.8791170 0.9110480 0.7746722 0.8081452 0.8618693 0.8874645 0.7751193 0.8298923 0.7407512 1.0330576 0.9099182 0.7947906 0.9503921 0.8992729 0.7107604 0.7720944 0.7074999 0.7770076 0.8547409 0.7281302 0.6119797 0.6524560 0.5495771 0.8533407 0.5246726 0.5862713 0.6094874 0.5813002 0.6394249 0.7441085 0.7551555 0.7446167 0.8173213 0.8231873 0.7337782 0.7312893 0.7173998 0.5951934 0.5859320 0.9618543 0.5901857 0.7609074 0.4740289 0.7960558 0.7176796 0.8043001 0.6419813 0.4979061 0.9388166 1.0554963 0.9881692 1.4010882 1.2015167 0.8848563 1.0032510 1.0297638 1.0146283 0.7149848 1.4733886 1.2382998 1.0001895 1.0788004 2.0805700 0.9473117 1.6918443 3.6631587 
Q6JWS5_9BACT_123_281 0.7539963 0.4828175 0.3498436 0.6867246 0.4575820 0.4469050 0.5969962 0.6706817 0.6031447 0.4811789 0.4338758 0.4112392 0.3879953 0.5660041 0.0000000 0.2607434 0.4908437 0.3810600 0.3279532 0.3310890 0.6533672 0.5246762 0.5555595 0.4717493 0.3705747 0.4275393 0.4476145 0.3446897 0.5735482 0.6904810 0.6523907 0.6732801 0.5120909 0.5728087 0.4877830 0.5378376 0.9003294 0.7165043 0.6114794 0.6389466 0.4792694 0.5672584 0.3878389 0.7180606 0.7908716 0.5607610 0.3173797 0.5674653 0.7033920 0.6484878 0.9195740 0.4584591 0.3627703 0.4383726 0.6564918 0.7438080 0.4856896 0.3979324 0.8600492 0.5968714 0.4384790 0.4934576 0.6111315 0.6360986 0.6148388 0.8045416 0.5965907 0.7118451 0.4964045 0.5927054 0.5852015 0.6931492 0.7495042 0.7017900 0.6312274 1.0130641 0.8743160 0.7768085 0.7492331 0.7453230 0.7082534 0.7308426 0.7815044 0.5812027 1.1585975 1.1443824 0.8303115 0.8664774 1.5543742 1.5103766 2.0233189 3.9502660 
Q82XC3_NITEU_123_282 0.6456790 0.4172949 0.4594695 0.8730757 0.5348887 0.5280327 0.5741998 0.6822339 0.5276524 0.5896254 0.4966259 0.4886154 0.4700412 0.6002472 0.2607434 0.0000000 0.4600285 0.4980444 0.5508091 0.5127035 0.7256630 0.3968796 0.7030279 0.4195553 0.5909148 0.5528127 0.5725246 0.3878849 0.6964226 0.7848157 0.7109414 0.7021725 0.5215102 0.5286961 0.6134239 0.5555525 0.7318766 0.6947000 0.6525797 0.7461372 0.5286982 0.6447791 0.5514216 0.7356329 0.7991796 0.7206928 0.4407932 0.5342836 0.7349379 0.5858722 0.9276934 0.6809273 0.4973197 0.4994857 0.6310733 0.6644711 0.4438346 0.4389017 1.0587001 0.5006847 0.5835002 0.4637795 0.5270901 0.5155367 0.6742173 0.7607679 0.5849852 0.6407791 0.5742018 0.6243665 0.5506178 0.9656375 0.7316907 0.8350509 0.7607313 0.8494263 0.8735850 1.1384973 0.8135318 0.7345947 0.8008714 0.9721270 1.0044269 0.6157618 1.1580428 1.1849971 0.8936860 0.9859629 1.6255354 1.4220284 2.1614709 3.8466498 
Q7VVW3_BORPE_131_290 0.6338295 0.4373800 0.5296874 0.7429895 0.6657775 0.6906449 0.5425258 0.3730404 0.5311678 0.5132332 0.6266978 0.4711586 0.6053416 0.6870111 0.4908437 0.4600285 0.0000000 0.3666681 0.4838400 0.4272939 0.5205342 0.2835516 0.5007991 0.6413967 0.7710985 0.5210235 0.4718422 0.6059351 0.6269746 0.5677295 0.6538670 0.5606836 0.5362499 0.5500038 0.4930173 0.3732613 0.8387219 0.7097071 0.8532975 0.8406139 0.8127571 0.7898736 0.6279433 0.7269118 0.7806596 0.7648208 0.5504119 0.6692512 0.8689170 0.8082041 0.7121395 0.7819150 0.6100735 0.4707019 0.9681978 0.8642097 0.4968395 0.4276518 0.8681525 0.6118237 0.7642576 0.5597697 0.6502401 0.7420093 0.5941910 0.9363281 0.6082174 0.6375058 0.5954972 0.7912664 0.8878901 0.9123683 0.9956463 0.7982986 0.8274036 1.0232762 1.0523824 0.9775217 0.7446191 1.0678431 0.8083217 0.9247885 1.0270397 0.5567097 1.2406550 1.3163714 1.2332014 1.3148765 1.6567849 1.2309431 1.9872716 3.5900936 
Q9HPY4_HALSA_122_290 0.6681880 0.5158539 0.5996913 0.7588331 0.5980650 0.5845973 0.6915765 0.6541295 0.7164871 0.7940678 0.6952015 0.7222082 0.7793474 0.8116050 0.3810600 0.4980444 0.3666681 0.0000000 0.3877802 0.4469791 0.4624877 0.3892429 0.3587644 0.5260887 0.7327910 0.6167969 0.5125792 0.5664997 0.7471333 0.5165047 0.9406978 0.8877891 0.8775218 0.7769873 0.7967546 0.5275737 1.3570006 1.0435190 0.6823876 0.5508411 0.5776172 0.6449378 0.5255858 0.6511425 0.6505333 0.7113656 0.5265918 0.5817393 0.7590819 0.8439052 0.8563840 0.6091372 0.5640960 0.5099038 0.7896470 1.0412086 0.6782235 0.6413463 0.9030028 0.7491811 0.7559040 0.6196043 0.7388963 0.6819559 0.5889798 0.8741451 0.5577893 0.6499995 0.7192145 0.7951316 0.6664243 0.9174883 0.9337075 0.7708132 0.9274044 0.9851530 0.7347168 0.6675189 0.5849661 0.7929785 0.5691016 0.6386758 0.6353847 0.5868631 1.1543676 1.2064814 0.9965617 0.9949547 1.3672761 1.5188094 2.1821843 3.0714989 
Q74EU7_GEOSL_122_281 0.5949411 0.5881656 0.4453153 0.7480854 0.7181396 0.6398780 0.6943177 0.7463634 0.7778840 0.6724104 0.6672963 0.5462166 0.5959199 0.5409281 0.3279532 0.5508091 0.4838400 0.3877802 0.0000000 0.3409784 0.6269542 0.4783442 0.4998807 0.5867874 0.6720914 0.5529410 0.5152842 0.6325247 0.6517619 0.7097945 0.8172598 0.7140744 0.7919961 0.7569932 0.6888999 0.7610753 1.1387401 0.9040995 0.7535447 0.8013093 0.5023783 0.7236103 0.5141431 0.7749330 0.7116178 0.6778576 0.4759777 0.5638428 0.7291798 0.9301640 0.7638707 0.5740888 0.7772487 0.5694783 0.7950724 0.9959370 0.7982315 0.6792818 0.7845463 0.8339097 0.6949194 0.7357329 0.7439621 0.7480548 0.5681127 0.8800312 0.5991575 0.6152873 0.7462610 0.6828150 0.7770263 0.6718296 0.8776954 0.6891046 0.6760340 1.3607851 0.9837004 0.8223698 0.9674077 1.1312287 0.9804281 0.8621804 0.8122662 0.6843416 1.1355099 1.2191745 0.9553334 0.9496304 1.4177021 1.2926521 1.9281505 2.9502169 
Q7UNN9_RHOBA_157_324 0.5901579 0.4171025 0.3868360 0.8409174 0.4651170 0.4465293 0.4880974 0.5840919 0.5592224 0.4982160 0.4516187 0.5044834 0.4133520 0.4560998 0.3310890 0.5127035 0.4272939 0.4469791 0.3409784 0.0000000 0.4789488 0.3710338 0.4758159 0.4392365 0.4699493 0.5435407 0.4208626 0.6344143 0.4854747 0.3443449 0.6502275 0.6935523 0.6479747 0.6244530 0.5460782 0.7630096 1.0103481 0.7835537 0.6956031 0.6685318 0.5427876 0.5396697 0.3832050 0.7335927 0.7718799 0.4447118 0.4258557 0.5714125 0.5280937 0.7501518 0.6384669 0.5523731 0.5879915 0.4859130 0.8382710 1.0261254 0.6217156 0.5316236 0.7433628 0.5720012 0.6003094 0.4946819 0.5905630 0.6480312 0.3869059 0.6528303 0.3615200 0.5008623 0.4506975 0.5930012 0.6296917 0.5430717 0.8297802 0.5342846 0.5021582 1.0620389 0.9922065 0.8965151 0.9723906 0.7881159 0.7374889 0.9832704 0.8026856 0.6713069 1.0653494 0.9420000 0.7073272 0.8104577 1.3020527 1.2677652 1.6933914 3.0423419 
Q73RS2_TREDE_123_290 0.8167310 0.4953321 0.6770800 0.9674097 0.6702992 0.6991122 0.6351968 0.6626437 0.6975582 0.6302863 0.4587882 0.5000242 0.4907057 0.6154902 0.6533672 0.7256630 0.5205342 0.4624877 0.6269542 0.4789488 0.0000000 0.5468675 0.5049173 0.6383141 0.6681237 0.6735962 0.6050997 0.8354825 0.6771281 0.4260567 0.9046884 0.7230505 0.8641735 0.8975229 0.7939174 1.1193957 1.1785604 0.7908164 0.7450193 0.8284440 0.6647345 0.6832289 0.5939486 0.8285330 0.8934474 0.6727640 0.5753497 0.6968720 0.5321669 0.8242725 0.8391580 0.7702633 0.8540944 0.5563961 0.7878608 0.8527077 0.7654060 0.8137847 0.6413051 0.6986149 0.8552304 0.8356856 0.8244749 0.8244796 0.5838045 0.8282660 0.4325840 0.4751974 0.7548951 0.6397367 0.5816225 0.5895391 0.8638198 0.6134459 0.9811996 0.9648374 1.0806225 1.0998445 0.9643291 0.9557715 0.8200827 1.0212158 1.1226062 1.0125598 1.3184998 1.0749516 0.9516536 1.2220725 1.7294956 1.2363640 1.6949741 3.0307685 
Q6ALZ5_DESPS_141_312 0.5090759 0.5532212 0.6294419 1.0047171 0.6391165 0.6371510 0.6214925 0.5521953 0.5203791 0.5489659 0.6479667 0.5398519 0.5992452 0.5878406 0.5246762 0.3968796 0.2835516 0.3892429 0.4783442 0.3710338 0.5468675 0.0000000 0.5011647 0.5978722 0.8226375 0.6310532 0.5182639 0.6388613 0.6159147 0.6065535 0.7341993 0.6439508 0.7051454 0.6355215 0.6747377 0.5356471 0.9787010 0.7915149 0.7435323 0.7377866 0.8228026 0.7750228 0.7478302 0.6125382 0.6310666 0.8438429 0.6937859 0.6484062 0.6913505 0.7478143 0.5587358 0.8447859 0.5822550 0.5497991 0.8579567 0.8605596 0.6608957 0.5519632 0.9465024 0.5350271 0.6145945 0.4816680 0.4578599 0.4684115 0.5687775 0.9477906 0.5944716 0.6818105 0.7036939 0.5889221 0.8084224 0.7345107 0.8128414 0.6012235 0.9130881 0.8347075 1.0813521 0.9509438 0.6832623 1.0703516 0.7409210 0.9334301 0.8752377 0.4694701 1.2106314 1.2575232 0.9693017 0.9433156 1.6633719 1.0910410 1.5358060 3.6026499 
Q72JL7_THET2_120_277 0.6164985 0.4884286 0.6066076 0.8762781 0.6750132 0.6353969 0.6464261 0.6556956 0.5880285 0.5735690 0.5857326 0.4986854 0.6252371 0.7373827 0.5555595 0.7030279 0.5007991 0.3587644 0.4998807 0.4758159 0.5049173 0.5011647 0.0000000 0.5399766 0.6103748 0.5978590 0.6008349 0.7321757 0.4761602 0.7211370 0.8274823 0.7042270 0.7833037 0.8920931 0.6848874 0.9057608 1.2733343 0.8586757 0.7820345 0.7633851 0.5838796 0.7292860 0.6522715 0.6769083 0.7313403 0.7824400 0.6306351 0.8278118 0.4876027 0.7414213 0.5595777 0.8037491 0.6289907 0.5171812 0.7758967 1.0634938 0.6972538 0.6909153 0.9225863 0.6013030 0.6942774 0.6823198 0.6901821 0.7786324 0.5578414 0.7581043 0.4224910 0.5637382 0.7395497 0.7938212 0.7131273 0.8152042 1.0907742 0.6214235 0.8416273 0.9685013 1.0201640 0.9513816 1.1293456 1.1997740 1.0021869 0.9107936 0.9411544 0.6295819 1.1365935 1.2141719 0.8715748 1.1702528 1.4554664 1.3140396 1.6686403 3.1030661 
Q8DMU0_SYNEL_102_265 0.6882844 0.5756961 0.4988408 0.8790720 0.8813099 0.8095345 0.8349788 0.6702344 0.5839405 0.7253387 0.5598297 0.5793732 0.5429472 0.7508671 0.4717493 0.4195553 0.6413967 0.5260887 0.5867874 0.4392365 0.6383141 0.5978722 0.5399766 0.0000000 0.2948190 0.3879966 0.4541012 0.4819551 0.5224625 0.5999594 0.6511745 0.7833417 0.7174440 0.6956475 0.5744218 0.8394595 1.0974949 0.7143404 0.8385818 0.7760884 0.5644640 0.6757166 0.5401420 0.8346211 0.9336756 0.8169484 0.6076983 0.5609037 0.5609963 0.6282796 0.8995292 0.8872467 0.6617358 0.6879290 0.9717977 1.1714785 0.5765979 0.6683073 0.9166328 0.6304088 0.7771656 0.5149937 0.5487807 0.7108982 0.6248644 0.8900096 0.5489764 0.6404321 0.7864765 0.8627595 0.6508821 0.7108417 0.7636155 0.8201706 0.7268355 0.8508906 0.9526669 0.9731649 0.9335943 0.9456743 0.8642447 0.9705393 0.9247023 0.8682744 1.0061862 1.1621262 0.7719534 1.0250003 1.5216187 1.7194660 1.9487844 4.0943064 
Q55626_SYNY3_129_292 0.8805762 0.5924800 0.4713720 0.8639906 0.7019050 0.7872923 0.7380395 0.7444452 0.7311649 0.6838741 0.5416854 0.5427902 0.4466799 0.7560633 0.3705747 0.5909148 0.7710985 0.7327910 0.6720914 0.4699493 0.6681237 0.8226375 0.6103748 0.2948190 0.0000000 0.3684454 0.5759350 0.4567378 0.5755974 0.6974817 0.7616801 0.8137265 0.6899891 0.8591917 0.7260942 0.9855969 1.1261250 0.8430264 0.8545195 0.6148516 0.5936601 0.5485256 0.5284457 0.9684710 0.9557908 0.7446378 0.5186506 0.7249721 0.5098045 0.7995766 0.7752643 0.8045465 0.6696683 0.6747302 0.9942357 1.1643049 0.6645969 0.6922015 0.8961908 0.7782707 0.7415312 0.6766606 0.7296898 0.7879937 0.6810290 0.8704213 0.5408441 0.7727823 0.7741945 0.7265018 0.5669134 0.5868286 0.7633034 0.6969370 0.6595061 1.0201638 1.0256919 0.7849836 1.1187674 0.7847582 0.8297622 1.0807232 1.0167537 1.0563725 1.3059056 1.1380245 0.7870906 0.9946620 1.6793465 1.6206510 1.6201633 3.4092514 
Q7NJE8_GLOVI_125_288 0.7388437 0.5434600 0.4279369 0.8609525 0.8109939 0.7103525 0.6114883 0.7251108 0.5539146 0.5657765 0.5679462 0.4305563 0.4572986 0.6293586 0.4275393 0.5528127 0.5210235 0.6167969 0.5529410 0.5435407 0.6735962 0.6310532 0.5978590 0.3879966 0.3684454 0.0000000 0.5751299 0.3118758 0.3672493 0.7670362 0.8514732 0.7883179 0.8619207 1.0759741 0.8039812 0.8692042 1.1383283 1.0291743 0.9868453 0.9391542 0.5924879 0.7608283 0.6239555 0.8869427 1.0535748 0.6922788 0.4922581 0.6738239 0.6084725 0.8110754 0.9696232 0.6614846 0.5821467 0.5434356 1.1605922 1.1063251 0.7306347 0.7030429 0.9914159 0.6932454 0.8288765 0.7427682 0.7098853 0.8188282 0.7739633 0.8713986 0.6905814 0.7454564 0.7967711 0.9804347 0.8968464 0.5647316 0.8404507 0.8218993 1.0215892 1.0192154 0.9648818 0.9234853 1.0788435 0.9685576 0.9725841 0.9343379 1.1225648 0.8381272 1.1139719 1.1795409 0.8193943 1.1530085 1.4987622 1.2219841 1.7460697 4.8454382 
Q72F91_DESVH_122_284 0.6753401 0.5230411 0.5707381 0.6758293 0.6615100 0.6542178 0.6613413 0.5436366 0.5885034 0.5816764 0.6161996 0.6100687 0.6567024 0.8791170 0.4476145 0.5725246 0.4718422 0.5125792 0.5152842 0.4208626 0.6050997 0.5182639 0.6008349 0.4541012 0.5759350 0.5751299 0.0000000 0.6077715 0.7161160 0.6704184 0.7040268 0.6141409 0.8063398 0.8029603 0.5900125 0.7901795 1.1080062 0.7600884 0.8277353 0.8166302 0.6950774 0.9128077 0.5660088 0.9365733 1.0432780 0.9183975 0.6474136 0.7579591 0.7419886 0.7610547 0.8939341 0.7712546 0.8315815 0.5708075 0.9933397 1.1790176 0.5869077 0.7294905 1.0304035 0.8326411 0.7102570 0.6608456 0.6871117 1.0518325 0.7161900 0.9417879 0.5689812 0.6689636 0.6880399 0.6864294 0.8528579 0.7737075 0.9923776 0.7245921 0.8351170 1.3172677 1.2708583 1.1199668 1.0334291 1.2184886 1.0860554 1.1572473 1.2364118 0.9198380 1.3289379 1.3621428 1.0264113 1.4250337 1.4762977 1.5627125 2.1893064 3.8478457 
Q7TTW4_SYNPX_123_282 0.6680451 0.6711976 0.5181907 0.7980605 0.6820405 0.7565142 0.6885175 0.6649381 0.7050532 0.8013214 0.6301217 0.5459998 0.7155730 0.9110480 0.3446897 0.3878849 0.6059351 0.5664997 0.6325247 0.6344143 0.8354825 0.6388613 0.7321757 0.4819551 0.4567378 0.3118758 0.6077715 0.0000000 0.4989506 0.8404315 0.8228250 0.8325628 0.7564422 0.7989851 0.7809501 0.7108028 1.1147602 1.0600336 0.9000771 0.8281724 0.8187618 0.8722394 0.6112191 0.8792289 1.0005419 0.7268608 0.4949788 0.5494201 0.8617805 0.7649709 1.0159996 0.6985830 0.7010732 0.5116071 1.1226458 1.2571645 0.8115280 0.6419238 0.9771482 0.7451677 0.7671786 0.5806110 0.7408536 0.7829208 0.9916898 1.0365708 0.8587236 0.8862338 0.8283041 0.9528017 1.0191488 0.5842952 0.8939716 1.0461281 1.0024334 1.0179804 1.0312122 0.8955489 0.7710579 0.8016840 0.7301727 0.7940244 0.9820703 0.8246536 1.1417897 1.2044068 0.8437457 1.0842100 1.2939284 1.2055120 1.7726507 3.2946267 
Q7TVA3_PROMA_123_291 0.7156984 0.6125446 0.5406310 0.8538541 0.6869178 0.7861548 0.8442898 0.9401668 0.7029364 0.5404801 0.6822802 0.5926771 0.6084698 0.7746722 0.5735482 0.6964226 0.6269746 0.7471333 0.6517619 0.4854747 0.6771281 0.6159147 0.4761602 0.5224625 0.5755974 0.3672493 0.7161160 0.4989506 0.0000000 0.6499749 0.8412389 0.8334192 0.8181754 1.0063423 0.7552298 1.0255096 1.2670201 0.9274558 0.9591176 1.1684482 0.7430867 0.7014946 0.7888539 0.7003797 0.8101255 0.6639773 0.6308889 0.8398222 0.6057217 0.9040761 0.8350482 0.9787716 0.7883925 0.4571236 1.1569456 1.4224313 0.9504406 0.6903498 0.9659702 0.7075014 0.7337397 0.7817875 0.8341721 0.6995782 0.8008492 0.6741073 0.5408580 0.7009652 0.7675141 0.9153971 0.7774697 0.4242845 1.0657569 0.8729845 0.9336575 0.8194220 1.1418262 1.0777860 0.9971826 1.1205879 0.9789576 0.8309675 1.1599287 0.8407651 1.1961237 1.0792327 0.7395890 0.9017142 1.3584154 0.9439391 1.5306829 3.3110493 
O83714_TREPA_124_291 0.7848940 0.6349503 0.7079710 1.0144366 0.7156305 0.6449800 0.7871757 0.6440812 0.7492452 0.6510825 0.6777755 0.6772934 0.6831819 0.8081452 0.6904810 0.7848157 0.5677295 0.5165047 0.7097945 0.3443449 0.4260567 0.6065535 0.7211370 0.5999594 0.6974817 0.7670362 0.6704184 0.8404315 0.6499749 0.0000000 0.9786585 0.7868056 0.8487720 0.8443304 0.8646517 1.0077082 1.4141430 1.1080231 0.9830648 0.8386406 0.7898341 0.7790259 0.5285560 0.6975795 0.7026429 0.8090753 0.7159747 0.7356961 0.7198123 0.8541951 0.8269165 0.9045499 0.9345343 0.6627177 1.1584353 1.3638185 0.8864515 0.8672399 0.9393127 0.9679975 1.0706868 0.6759938 0.8600360 0.9128379 0.8027733 0.9265719 0.4905768 0.5711513 0.6467974 0.8315860 0.5506118 0.7194042 1.0231315 0.8596068 0.8855457 0.9226000 1.1116617 1.1459492 0.9741133 0.8784290 0.8231624 1.0374249 1.0913431 0.9681007 1.0589647 1.0488435 0.9577145 0.9228645 1.2260027 1.4015587 2.2558590 3.2991336 
Q87BK4_XYLFT_129_290 0.7245216 0.6861775 0.6987757 0.8848678 0.8978476 0.8152232 1.0967939 0.7377392 0.6085456 0.7580494 0.7781127 0.8358011 0.5770209 0.8618693 0.6523907 0.7109414 0.6538670 0.9406978 0.8172598 0.6502275 0.9046884 0.7341993 0.8274823 0.6511745 0.7616801 0.8514732 0.7040268 0.8228250 0.8412389 0.9786585 0.0000000 0.5021207 0.3623859 0.4649697 0.3836088 0.5972043 0.5579521 0.5626723 0.8862626 0.8365342 0.7822363 0.8316584 0.6775251 0.8711736 0.8964650 0.8577453 0.7054926 0.6697712 0.8336339 0.7630004 0.9833787 0.9691302 0.9416116 0.8452633 0.9330664 1.1386013 0.6155594 0.6337642 0.8184466 0.6431359 0.7032911 0.5336130 0.6834186 0.8018267 0.8948717 1.0822986 0.8046247 0.7879195 0.7592107 0.8515035 0.9939928 1.1922045 1.2476365 0.9773563 0.8851289 0.7805991 1.2386471 1.3821851 1.1711409 1.1205975 0.8586459 1.2015353 1.0119942 0.9090387 1.3173160 1.3307379 1.0601167 1.0395219 1.6210507 1.3543357 1.8082627 3.5370647 
Q9JWI9_NEIMA_124_283 0.6587034 0.6567696 0.6997025 0.9586011 0.7384175 0.7575480 0.7391665 0.6226483 0.5599793 0.6229543 0.6477046 0.6320386 0.7307194 0.8874645 0.6732801 0.7021725 0.5606836 0.8877891 0.7140744 0.6935523 0.7230505 0.6439508 0.7042270 0.7833417 0.8137265 0.7883179 0.6141409 0.8325628 0.8334192 0.7868056 0.5021207 0.0000000 0.4197561 0.4231906 0.4037669 0.4958039 0.6653042 0.4977921 0.8465919 0.8804762 0.7659233 0.8814171 0.6590651 0.7083826 0.8442305 1.1370233 0.7983156 0.8365636 0.7823773 0.5145766 0.8323857 0.9680756 0.8842778 0.6361050 0.9532938 0.8686516 0.4583924 0.6725245 1.0033976 0.6178521 0.7398626 0.7528517 0.7359005 0.9224859 0.7838003 0.9211276 0.7831887 0.8656733 0.8151009 0.6968843 0.9039879 1.1614964 1.0547584 0.8699697 0.8355053 1.0459343 1.3683053 1.3755104 1.1856151 1.4094015 1.2213439 1.2548637 1.2705667 1.0392063 1.4270425 1.4103000 0.9485438 1.3963225 1.4753954 1.3729621 1.7503764 2.6876279 
FOLD_PHOPO_124_283   0.5948372 0.7094331 0.6491063 0.8595543 0.6849331 0.7100421 0.9076250 0.6243569 0.6666994 0.7699827 0.7199288 0.7003518 0.5418489 0.7751193 0.5120909 0.5215102 0.5362499 0.8775218 0.7919961 0.6479747 0.8641735 0.7051454 0.7833037 0.7174440 0.6899891 0.8619207 0.8063398 0.7564422 0.8181754 0.8487720 0.3623859 0.4197561 0.0000000 0.4103095 0.3151465 0.4120101 0.4494347 0.4101034 0.8381548 0.8281420 0.7672412 0.8238596 0.6209203 0.7247660 0.8315737 0.9348077 0.7457910 0.6214431 0.8130985 0.6777913 0.8528116 0.8788178 0.6767310 0.6421269 0.7517677 0.8123149 0.3861170 0.4848909 0.8051598 0.6241339 0.6871184 0.5728643 0.7031299 0.7585624 0.8137440 0.8733409 0.7277419 0.8701815 0.7029504 0.8137159 0.7342280 1.2413545 1.0021949 0.8936300 0.9326342 0.8192422 1.3043355 1.3871003 1.0352595 1.0188672 1.0872112 1.3361771 1.0583849 0.9240644 1.2047155 1.2523859 1.0378833 0.9439245 1.6314125 1.2402871 1.7005214 2.9259005 
Q7VM86_HAEDU_124_284 0.6903180 0.7542769 0.9097673 0.9686783 0.7313853 0.7355992 0.9592183 0.7771391 0.7438970 0.6641706 0.6823898 0.7839796 0.6137078 0.8298923 0.5728087 0.5286961 0.5500038 0.7769873 0.7569932 0.6244530 0.8975229 0.6355215 0.8920931 0.6956475 0.8591917 1.0759741 0.8029603 0.7989851 1.0063423 0.8443304 0.4649697 0.4231906 0.4103095 0.0000000 0.3073525 0.3849206 0.5283028 0.4458906 0.5254146 0.7235212 0.6790209 0.7390311 0.4849987 0.5342691 0.6879337 1.0692260 0.7675049 0.6673944 0.7744945 0.5833990 0.7974537 0.9059234 0.7947105 0.8100705 0.8464860 0.8547752 0.5185333 0.5371265 1.0246286 0.6181806 0.6389236 0.6077907 0.6673205 0.7095262 0.7665660 0.9721839 0.6397458 0.6173366 0.5879023 0.7577317 0.8205590 1.4543216 1.1122308 0.9670302 0.7859612 1.0563486 1.2562303 1.3352464 1.1086398 1.3342038 1.1029183 1.1557945 0.9131777 0.6926925 1.4302100 1.3442006 1.2344499 0.9885231 1.3410134 1.7252844 2.3304819 2.8549069 
Q83EK7_COXBU_124_283 0.6284328 0.8099667 0.7877164 0.8086787 0.8301029 0.7993368 0.8669039 0.6645858 0.6994150 0.5574382 0.5893906 0.6306183 0.4637658 0.7407512 0.4877830 0.6134239 0.4930173 0.7967546 0.6888999 0.5460782 0.7939174 0.6747377 0.6848874 0.5744218 0.7260942 0.8039812 0.5900125 0.7809501 0.7552298 0.8646517 0.3836088 0.4037669 0.3151465 0.3073525 0.0000000 0.3528853 0.4666699 0.3188611 0.6789901 0.8147048 0.6439814 0.7791209 0.5121786 0.7881493 0.8788298 0.9765527 0.7900495 0.7830143 0.6773217 0.7315808 0.8304153 0.8872675 0.6557910 0.5881747 0.7789060 0.8909025 0.4103341 0.4332457 0.7422827 0.6127932 0.7062365 0.7078538 0.7660385 0.8349963 0.5881520 0.8387023 0.6300470 0.6787926 0.5431160 0.7934332 0.9493876 1.1287565 1.1665085 0.7689839 0.8102134 1.0702291 1.4755490 1.2258881 1.0101392 1.1544415 0.9616092 1.1430063 0.8899115 0.8273712 1.2434856 1.2966286 0.9930936 1.3014547 1.6912523 1.4856985 1.8366578 4.6037597 
Q87YR0_PSESM_124_283 0.6120324 0.7398634 0.6140665 0.5618164 0.7057840 0.8263289 0.7998776 0.5392319 0.7523700 0.8625386 0.9370973 0.7644990 0.9182550 1.0330576 0.5378376 0.5555525 0.3732613 0.5275737 0.7610753 0.7630096 1.1193957 0.5356471 0.9057608 0.8394595 0.9855969 0.8692042 0.7901795 0.7108028 1.0255096 1.0077082 0.5972043 0.4958039 0.4120101 0.3849206 0.3528853 0.0000000 0.5957942 0.5158579 0.6672105 0.8129879 0.8349082 0.8076730 0.6604159 0.6686560 0.7435461 1.1512330 0.8071927 0.7572572 1.0726082 0.8938887 1.0137580 0.9689707 0.7180401 0.5933190 0.9695822 0.8421880 0.5655151 0.4460059 1.0959392 0.7340643 0.8047556 0.6124984 0.7052924 0.7425872 0.8915433 1.1794637 1.0911598 1.0186329 0.7927996 0.9849753 0.8643067 1.5198906 1.1165969 1.0669418 0.9424172 1.0886923 1.1164505 1.1332975 0.6689309 1.0728079 0.8426590 0.7854539 0.7965085 0.7324633 1.3026686 1.3772023 1.2291512 1.4107819 1.3839113 1.7103126 2.3266746 3.9978154 
Q7VRB3_BLOFL_124_283 1.0131164 0.7384208 1.0596608 0.8850095 0.8961029 1.0775396 1.1739606 1.0153557 0.8913833 0.8817527 0.9130491 0.9156778 0.6856064 0.9099182 0.9003294 0.7318766 0.8387219 1.3570006 1.1387401 1.0103481 1.1785604 0.9787010 1.2733343 1.0974949 1.1261250 1.1383283 1.1080062 1.1147602 1.2670201 1.4141430 0.5579521 0.6653042 0.4494347 0.5283028 0.4666699 0.5957942 0.0000000 0.4030420 0.8411849 1.1513088 0.8474727 1.1693603 0.8942607 1.0071665 1.1278422 1.6168345 0.9439992 1.0381085 1.0120135 0.9198005 1.1511387 1.0914969 1.0542236 1.0524330 0.6828275 0.8222368 0.6406572 0.6006470 0.9999125 0.8464116 0.9225701 0.9398776 0.9797972 1.0699165 1.0006911 1.0366068 1.0955242 1.0814402 0.8478847 1.0101631 1.0483737 1.5282491 1.3128858 1.0217795 1.0995581 0.9938612 1.9116665 2.3651638 1.5602452 1.4146243 1.5903677 1.5483887 1.5514209 1.0906285 1.6249731 1.4755285 1.5522818 1.2785031 1.8000959 1.3675394 2.1002944 5.8553865 
Q8D2W0_WIGBR_124_283 0.8437961 0.6675366 1.0008148 0.9793279 0.8440435 0.8815232 1.1373413 0.7877325 0.8243141 0.6601355 0.7441636 0.7910441 0.5769532 0.7947906 0.7165043 0.6947000 0.7097071 1.0435190 0.9040995 0.7835537 0.7908164 0.7915149 0.8586757 0.7143404 0.8430264 1.0291743 0.7600884 1.0600336 0.9274558 1.1080231 0.5626723 0.4977921 0.4101034 0.4458906 0.3188611 0.5158579 0.4030420 0.0000000 0.5137626 0.9020512 0.7074987 0.8950074 0.7382195 0.7939012 0.9137209 1.0802085 0.7280662 0.7863890 0.7294943 0.8167489 0.8706918 0.9046549 0.8654528 0.7343160 0.8130950 0.9245712 0.5257097 0.4870012 0.8204127 0.5935896 0.9420828 0.7970969 0.7550484 0.7691964 0.7726316 1.1526933 0.9013564 0.9438542 0.6877551 0.8695793 0.8049207 1.1627445 1.1040907 0.9649058 0.9448972 0.9872315 1.4958277 1.6098616 1.2577346 1.5674053 1.1894960 1.1936867 1.2357467 1.0190478 1.6492461 1.5768235 1.1936220 1.1599420 1.7935208 1.5872482 1.7165701 5.1044926 
O43007_SCHPO_155_319 0.8398453 0.5372787 0.8186810 0.7898385 0.5405059 0.7205634 0.8787587 0.9857556 0.8574441 0.7298652 0.8973024 0.8091371 0.7244912 0.9503921 0.6114794 0.6525797 0.8532975 0.6823876 0.7535447 0.6956031 0.7450193 0.7435323 0.7820345 0.8385818 0.8545195 0.9868453 0.8277353 0.9000771 0.9591176 0.9830648 0.8862626 0.8465919 0.8381548 0.5254146 0.6789901 0.6672105 0.8411849 0.5137626 0.0000000 0.4818902 0.4972167 0.4651229 0.6047146 0.5397203 0.6065626 0.8844814 0.5845176 0.6380180 0.6258104 0.6804384 0.9099951 0.7152678 0.8576706 0.7213034 0.9036433 1.1553967 0.7626726 0.7032073 1.1048607 0.7341896 0.7237000 0.7343065 0.6479038 0.6069331 0.7459766 0.8648716 0.6368374 0.6566434 0.7542163 0.6287491 0.7311250 1.0865685 0.9113935 1.1423738 0.8693415 1.1405200 1.3017247 1.1615557 1.2141473 1.4836292 1.0798084 1.1080890 0.9580961 0.7125850 1.6833361 1.4255747 1.2248170 1.0278333 1.6675547 1.5205022 1.9954378 4.5948914 
Q6BGV3_DEBHA_125_294 0.8197004 0.5817762 0.6741110 0.8774718 0.6214617 0.5909998 0.8352452 0.9993731 0.7213021 0.8560667 0.8736417 0.8182317 0.7445259 0.8992729 0.6389466 0.7461372 0.8406139 0.5508411 0.8013093 0.6685318 0.8284440 0.7377866 0.7633851 0.7760884 0.6148516 0.9391542 0.8166302 0.8281724 1.1684482 0.8386406 0.8365342 0.8804762 0.8281420 0.7235212 0.8147048 0.8129879 1.1513088 0.9020512 0.4818902 0.0000000 0.4579415 0.5138691 0.5750659 0.5559769 0.4950000 0.9653745 0.6996963 0.6883944 0.7418372 0.8586222 0.9087585 0.6414991 0.8864822 0.7567891 0.8426356 1.1584368 0.7505544 0.8793589 1.0404951 0.8494401 0.8505616 0.7830597 0.6780371 0.8577871 0.8167226 1.0405847 0.7764732 0.7690688 0.7728204 0.8005498 0.7347347 1.2430245 0.8423384 1.0785028 0.8081224 1.0572292 1.3059151 1.0541028 1.0632235 1.1789841 1.1199421 1.1978786 1.0201297 0.8774805 1.5328568 1.4072640 1.1450083 1.0680638 1.7806900 1.7316894 1.9000132 4.9041821 
Q6BZU8_YARLI_190_357 0.7970108 0.4049407 0.5010075 0.6518930 0.6245453 0.5117418 0.6410727 0.9055392 0.5727316 0.6064092 0.5460954 0.4516976 0.5073835 0.7107604 0.4792694 0.5286982 0.8127571 0.5776172 0.5023783 0.5427876 0.6647345 0.8228026 0.5838796 0.5644640 0.5936601 0.5924879 0.6950774 0.8187618 0.7430867 0.7898341 0.7822363 0.7659233 0.7672412 0.6790209 0.6439814 0.8349082 0.8474727 0.7074987 0.4972167 0.4579415 0.0000000 0.3917020 0.4111503 0.4907283 0.4638889 0.8054377 0.5131321 0.4960010 0.4116086 0.5160867 0.6935334 0.4944431 0.6039133 0.6302130 0.7179024 1.0324893 0.6211258 0.7017143 1.1204753 0.6861077 0.7121771 0.6759577 0.5515513 0.6805179 0.5724015 0.6676321 0.5832817 0.5249267 0.5797684 0.6373971 0.5210179 0.9703247 0.6285413 0.8264045 0.5342954 1.1494071 0.8977710 1.2217315 1.0734846 1.0001879 1.1089972 0.8654368 0.8603937 0.7483851 1.5861323 1.3435577 0.9255694 0.9587654 1.6338207 1.7020023 2.3240022 3.1772621 
C1TM_YEAST_157_324   0.8939424 0.6667541 0.6424967 0.9659260 0.6076208 0.6334200 0.6805773 0.9404854 0.7057481 0.6595333 0.6098807 0.6092234 0.5694489 0.7720944 0.5672584 0.6447791 0.7898736 0.6449378 0.7236103 0.5396697 0.6832289 0.7750228 0.7292860 0.6757166 0.5485256 0.7608283 0.9128077 0.8722394 0.7014946 0.7790259 0.8316584 0.8814171 0.8238596 0.7390311 0.7791209 0.8076730 1.1693603 0.8950074 0.4651229 0.5138691 0.3917020 0.0000000 0.4955813 0.6220701 0.5778716 0.6986505 0.5413276 0.5304731 0.5561280 0.7260497 0.7142329 0.7556176 0.7219207 0.6323765 0.8936669 1.2773734 0.7226929 0.6254360 1.0417327 0.7789448 0.7286672 0.6801859 0.6946152 0.5882453 0.5777885 0.9265643 0.5681544 0.5895476 0.6313171 0.5744669 0.6491235 0.9377670 0.7263935 1.0754561 0.6660454 1.1562850 0.8801791 1.0922041 1.2543538 1.2074802 0.8321917 1.1372864 0.9521980 0.8209063 1.6405862 1.3471308 1.1727936 0.8958023 1.8701011 1.4900243 2.0777765 3.5878779 
