11
SSI_STRON_2_96    0.0000000 0.4191246 0.4712338 0.6662865 0.6880373 0.6485582 0.8306270 0.6975128 1.0673620 1.0392871 1.0116194 
SSI_STRLT_1_95    0.4191246 0.0000000 0.3252647 0.5519145 0.6601636 0.6932882 0.8132026 0.4920807 0.9233261 1.1204780 0.9944796 
SSI_STREU_1_95    0.4712338 0.3252647 0.0000000 0.3733529 0.6069162 0.6126568 0.7960567 0.5424984 0.8918998 1.0201196 0.9910550 
SSI_STRNE_2_97    0.6662865 0.5519145 0.3733529 0.0000000 0.6666115 0.6075884 0.7571731 0.5615226 0.7593455 1.0540206 1.0870838 
SSI_STRAN_2_96    0.6880373 0.6601636 0.6069162 0.6666115 0.0000000 0.2762702 0.2688819 0.3218162 0.4710229 1.1018998 1.0803850 
SSI4_STRLA_9_103  0.6485582 0.6932882 0.6126568 0.6075884 0.2762702 0.0000000 0.2952796 0.4086104 0.4611557 1.1395915 1.0635004 
SSI2_STRLO_37_131 0.8306270 0.8132026 0.7960567 0.7571731 0.2688819 0.2952796 0.0000000 0.3336538 0.4168522 1.0520030 1.1684085 
SSI2_STRRO_6_100  0.6975128 0.4920807 0.5424984 0.5615226 0.3218162 0.4086104 0.3336538 0.0000000 0.5071268 0.9073452 0.9656162 
SSI_STRAO_37_131  1.0673620 0.9233261 0.8918998 0.7593455 0.4710229 0.4611557 0.4168522 0.5071268 0.0000000 1.4253969 1.2271038 
SSI1_STRCI_2_97   1.0392871 1.1204780 1.0201196 1.0540206 1.1018998 1.1395915 1.0520030 0.9073452 1.4253969 0.0000000 1.2424017 
SSI8_STRVG_2_98   1.0116194 0.9944796 0.9910550 1.0870838 1.0803850 1.0635004 1.1684085 0.9656162 1.2271038 1.2424017 0.0000000 
