12
Q9JIQ5_MOUSE_426_629   0.0000000 0.0051334 0.0051334 0.3723057 0.6932640 0.9247202 0.9747136 0.9309608 1.0016982 2.5587171 2.5783361 2.5783361 
Q9ET42_MOUSE_354_557   0.0051334 0.0000000 0.0000010 0.3703435 0.6775596 0.9307861 0.9811886 0.9370495 1.0083572 2.5812368 2.6010639 2.6010639 
Q9JIQ4_MOUSE_222_425   0.0051334 0.0000010 0.0000000 0.3703435 0.6775596 0.9307861 0.9811886 0.9370495 1.0083572 2.5812368 2.6010639 2.6010639 
TACC3_HUMAN_637_837    0.3723057 0.3703435 0.3703435 0.0000000 0.5689988 0.8421017 0.8785698 0.8646029 0.8877910 2.4233183 2.4420289 2.4420289 
MASK_XENLA_723_930     0.6932640 0.6775596 0.6775596 0.5689988 0.0000000 0.7454576 0.8028979 0.7686864 0.7557651 2.6605832 2.6802905 2.6802905 
Q99KQ6_MOUSE_390_597   0.9247202 0.9307861 0.9307861 0.8421017 0.7454576 0.0000000 0.0372049 0.0411233 0.3573827 2.6539763 2.6740370 2.6740370 
TACC2_MOUSE_828_1034   0.9747136 0.9811886 0.9811886 0.8785698 0.8028979 0.0372049 0.0000000 0.0764074 0.3836206 2.5498667 2.5691948 2.5691948 
TACC2_HUMAN_818_1025   0.9309608 0.9370495 0.9370495 0.8646029 0.7686864 0.0411233 0.0764074 0.0000000 0.3349223 2.7498465 2.7707153 2.7707153 
TACC1_HUMAN_596_803    1.0016982 1.0083572 1.0083572 0.8877910 0.7557651 0.3573827 0.3836206 0.3349223 0.0000000 2.5573285 2.5766919 2.5766919 
Q9XZL7_DROME_969_1184  2.5587171 2.5812368 2.5812368 2.4233183 2.6605832 2.6539763 2.5498667 2.7498465 2.5573285 0.0000000 0.0050670 0.0050670 
Q9VN51_DROME_969_1184  2.5783361 2.6010639 2.6010639 2.4420289 2.6802905 2.6740370 2.5691948 2.7707153 2.5766919 0.0050670 0.0000000 0.0000010 
Q9NJH5_DROME_1005_1220 2.5783361 2.6010639 2.6010639 2.4420289 2.6802905 2.6740370 2.5691948 2.7707153 2.5766919 0.0050670 0.0000010 0.0000000 
