24
Q5AEH7_CANAL_18_216  0.0000000 0.4840496 1.4779155 1.7757609 1.4518019 1.3746846 1.0963899 1.0258361 0.8923981 0.9085210 0.7374907 1.5371496 1.6558765 2.0180514 1.9948932 1.8186741 1.6571051 1.7460637 1.6103108 1.4415506 2.5454061 2.2276957 3.1645241 2.6379724 
Q6BJN7_DEBHA_19_222  0.4840496 0.0000000 1.4173141 1.4658179 1.0504218 1.1136373 1.0641645 0.8834607 0.7846157 1.0400457 0.6778152 1.6038053 1.7378691 2.4329318 2.4021553 1.9447138 1.9044374 1.9989587 1.9251185 1.7117768 2.6059128 2.2104974 3.0476067 2.5955041 
Q9LG20_ARATH_64_253  1.4779155 1.4173141 0.0000000 0.3851757 1.0952471 0.8657001 1.2415382 1.5093265 1.4652859 1.4470898 0.9720668 1.0245971 2.0435793 1.9286351 1.9393759 1.6721845 1.3323005 1.5732751 1.5966728 1.3859521 3.1414627 1.9711297 2.3248600 2.0776668 
Q69TJ9_ORYSA_7_204   1.7757609 1.4658179 0.3851757 0.0000000 0.8306958 0.6393272 1.3422317 1.5461388 1.3335469 1.4133265 1.0809609 1.2167942 1.8495695 2.3227145 2.3334312 1.7509419 1.6612073 1.7448335 1.6661688 1.4378947 2.7775571 1.4066044 2.6606887 2.1516110 
Q7SDD8_NEUCR_6_203   1.4518019 1.0504218 1.0952471 0.8306958 0.0000000 0.5377561 0.8006439 0.9784788 0.9529370 0.7906224 1.1521792 1.5677553 1.4822777 2.5056642 2.5161716 1.8939519 1.7911230 2.3336421 1.9288065 1.7215312 2.1311389 1.5252820 2.2657225 2.4459885 
Q5BGM6_EMENI_6_195   1.3746846 1.1136373 0.8657001 0.6393272 0.5377561 0.0000000 1.0088596 1.1236738 0.9075532 1.1395365 0.8026160 1.1984211 1.4990776 2.3938301 2.4043514 1.7084952 1.9466338 1.9704803 1.6831707 1.5998616 1.9464054 1.4190901 2.2130918 2.3882890 
Q754N0_ASHGO_9_177   1.0963899 1.0641645 1.2415382 1.3422317 0.8006439 1.0088596 0.0000000 0.6395267 0.6557612 0.5164542 1.0274649 1.7746033 2.2770547 2.1428533 2.1041499 1.7174397 1.8194439 1.8827811 1.9422315 1.7946345 2.6330067 1.8554282 2.6859687 2.2707293 
YHT4_YEAST_27_221    1.0258361 0.8834607 1.5093265 1.5461388 0.9784788 1.1236738 0.6395267 0.0000000 0.3920274 0.3066476 0.9878569 1.5729734 2.0418290 2.1514699 2.1071999 1.8737112 2.0043853 2.5619358 1.9851271 2.0749379 2.4023919 1.5745933 2.3668878 2.6098272 
Q6FT16_CANGA_4_199   0.8923981 0.7846157 1.4652859 1.3335469 0.9529370 0.9075532 0.6557612 0.3920274 0.0000000 0.2854878 0.9037969 1.7784633 1.8280387 2.4244699 2.3862656 1.6665959 1.8744816 2.2527768 1.8629670 1.8063645 2.2364639 1.6162163 2.6326367 2.7365900 
Q6CIC0_KLULA_9_189   0.9085210 1.0400457 1.4470898 1.4133265 0.7906224 1.1395365 0.5164542 0.3066476 0.2854878 0.0000000 0.9486360 1.4560886 1.8804727 2.1418215 2.0982008 1.7217864 1.7627820 2.7004234 1.9592638 1.8403369 2.4585696 1.5321402 2.4264600 2.6150853 
Q6C018_YARLI_2_231   0.7374907 0.6778152 0.9720668 1.0809609 1.1521792 0.8026160 1.0274649 0.9878569 0.9037969 0.9486360 0.0000000 1.4762581 1.4112912 1.9716100 1.9474662 1.4609796 1.5711726 1.8393748 1.3723862 1.1688451 2.3775985 1.3766611 2.6465028 2.6369744 
Q8IJV0_PLAF7_5_188   1.5371496 1.6038053 1.0245971 1.2167942 1.5677553 1.1984211 1.7746033 1.5729734 1.7784633 1.4560886 1.4762581 0.0000000 1.8698982 1.7474354 1.7519282 1.8507458 1.5198157 1.9171853 1.5694232 1.4074872 3.0627112 1.9995355 2.5966978 2.2689035 
Q9GU92_9TRYP_11_184  1.6558765 1.7378691 2.0435793 1.8495695 1.4822777 1.4990776 2.2770547 2.0418290 1.8280387 1.8804727 1.4112912 1.8698982 0.0000000 2.2763814 2.2823937 2.3605600 2.3150453 2.4270735 2.2479177 2.2154049 3.5017201 2.2889532 2.3734227 2.5191380 
Q6MYM1_ASPFU_136_328 2.0180514 2.4329318 1.9286351 2.3227145 2.5056642 2.3938301 2.1428533 2.1514699 2.4244699 2.1418215 1.9716100 1.7474354 2.2763814 0.0000000 0.0534752 0.2552142 0.6051923 0.8225236 0.8127116 0.8094507 3.0578314 2.5463492 2.2516610 3.3723083 
Q5BEI1_EMENI_137_330 1.9948932 2.4021553 1.9393759 2.3334312 2.5161716 2.4043514 2.1041499 2.1071999 2.3862656 2.0982008 1.9474662 1.7519282 2.2823937 0.0534752 0.0000000 0.2814262 0.6227926 0.8522262 0.9294609 0.8476887 2.9142261 2.5570890 2.1688147 3.2211601 
Q8X095_NEUCR_178_387 1.8186741 1.9447138 1.6721845 1.7509419 1.8939519 1.7084952 1.7174397 1.8737112 1.6665959 1.7217864 1.4609796 1.8507458 2.3605600 0.2552142 0.2814262 0.0000000 0.5057211 0.7099729 0.9091514 0.8926820 2.4777191 2.2591120 2.2075366 3.6584731 
O94580_SCHPO_104_274 1.6571051 1.9044374 1.3323005 1.6612073 1.7911230 1.9466338 1.8194439 2.0043853 1.8744816 1.7627820 1.5711726 1.5198157 2.3150453 0.6051923 0.6227926 0.5057211 0.0000000 1.1011472 1.0370823 0.8176063 3.1290655 2.3608472 2.5426431 2.9953637 
Q6CDQ4_YARLI_121_330 1.7460637 1.9989587 1.5732751 1.7448335 2.3336421 1.9704803 1.8827811 2.5619358 2.2527768 2.7004234 1.8393748 1.9171853 2.4270735 0.8225236 0.8522262 0.7099729 1.1011472 0.0000000 0.7319609 0.8701826 2.7552374 2.6648466 2.2778011 2.5466908 
Q8VYQ7_ARATH_144_330 1.6103108 1.9251185 1.5966728 1.6661688 1.9288065 1.6831707 1.9422315 1.9851271 1.8629670 1.9592638 1.3723862 1.5694232 2.2479177 0.8127116 0.9294609 0.9091514 1.0370823 0.7319609 0.0000000 0.1455511 3.0489716 2.4849851 2.9166483 2.3440150 
Q6ZK12_ORYSA_139_324 1.4415506 1.7117768 1.3859521 1.4378947 1.7215312 1.5998616 1.7946345 2.0749379 1.8063645 1.8403369 1.1688451 1.4074872 2.2154049 0.8094507 0.8476887 0.8926820 0.8176063 0.8701826 0.1455511 0.0000000 2.9028652 2.2225916 2.8795775 1.9897097 
Q5KKQ3_CRYNE_17_340  2.5454061 2.6059128 3.1414627 2.7775571 2.1311389 1.9464054 2.6330067 2.4023919 2.2364639 2.4585696 2.3775985 3.0627112 3.5017201 3.0578314 2.9142261 2.4777191 3.1290655 2.7552374 3.0489716 2.9028652 0.0000000 1.6095797 1.1729196 2.9050243 
Q9P7B5_SCHPO_33_216  2.2276957 2.2104974 1.9711297 1.4066044 1.5252820 1.4190901 1.8554282 1.5745933 1.6162163 1.5321402 1.3766611 1.9995355 2.2889532 2.5463492 2.5570890 2.2591120 2.3608472 2.6648466 2.4849851 2.2225916 1.6095797 0.0000000 1.6204877 2.5557382 
Q7S396_NEUCR_12_235  3.1645241 3.0476067 2.3248600 2.6606887 2.2657225 2.2130918 2.6859687 2.3668878 2.6326367 2.4264600 2.6465028 2.5966978 2.3734227 2.2516610 2.1688147 2.2075366 2.5426431 2.2778011 2.9166483 2.8795775 1.1729196 1.6204877 0.0000000 2.2288417 
Q9GU92_9TRYP_274_457 2.6379724 2.5955041 2.0776668 2.1516110 2.4459885 2.3882890 2.2707293 2.6098272 2.7365900 2.6150853 2.6369744 2.2689035 2.5191380 3.3723083 3.2211601 3.6584731 2.9953637 2.5466908 2.3440150 1.9897097 2.9050243 2.5557382 2.2288417 0.0000000 
