9
TCTP_BRUMA_1_178 0.0000000 0.4498207 1.5702945 1.5777837 1.3755741 1.3817390 1.4047086 1.3285877 1.3744094 
TCTP_CAEEL_1_178 0.4498207 0.0000000 1.4652936 1.5376377 1.3579708 1.4092759 1.4932660 1.4134512 1.5746352 
TCTP_MEDSA_1_164 1.5702945 1.4652936 0.0000000 0.2627339 1.3037514 1.3536368 1.4552648 1.2936024 1.3248245 
TCTP_FRAAN_1_167 1.5777837 1.5376377 0.2627339 0.0000000 1.1778932 1.2008480 1.4244934 1.3569344 1.4411545 
TCTP_YEAST_1_164 1.3755741 1.3579708 1.3037514 1.1778932 0.0000000 0.4333594 0.8917775 1.0011677 1.0916565 
TCTP_SCHPO_1_165 1.3817390 1.4092759 1.3536368 1.2008480 0.4333594 0.0000000 0.7199313 1.0184089 0.8873049 
TCTP_SCHJA_1_166 1.4047086 1.4932660 1.4552648 1.4244934 0.8917775 0.7199313 0.0000000 1.0889756 1.0778785 
TCTP_LUMRU_1_164 1.3285877 1.4134512 1.2936024 1.3569344 1.0011677 1.0184089 1.0889756 0.0000000 0.8815936 
TCTP_CHICK_1_169 1.3744094 1.5746352 1.3248245 1.4411545 1.0916565 0.8873049 1.0778785 0.8815936 0.0000000 
