11
Q9SYB8_ARATH_23_168 0.0000000 0.3536503 0.9294886 1.2230528 1.7470280 1.7530964 1.7209673 1.6991988 2.2804886 1.8820579 2.6188885 
Q9AWN0_ORYSA_33_178 0.3536503 0.0000000 0.9230520 1.2094658 1.4165896 1.4182294 1.4504342 1.4145891 1.8100633 1.7156588 2.3775317 
TPPC1_HUMAN_3_137   0.9294886 0.9230520 0.0000000 1.0756430 1.8127934 1.6545546 2.2100949 2.0196051 2.0428619 2.5470663 2.5527059 
Q9VA95_DROME_3_137  1.2230528 1.2094658 1.0756430 0.0000000 2.3117403 1.8554852 2.6222702 1.8173637 2.3317749 2.9774375 5.0071459 
TPPC4_MOUSE_3_209   1.7470280 1.4165896 1.8127934 2.3117403 0.0000000 0.3680825 0.5912780 0.8217309 0.6776599 0.7111968 1.1954070 
Q9VLI9_DROME_3_209  1.7530964 1.4182294 1.6545546 1.8554852 0.3680825 0.0000000 0.5832418 0.6825766 0.6215991 0.8498512 0.9918111 
Q9LZ97_ARATH_4_134  1.7209673 1.4504342 2.2100949 2.6222702 0.5912780 0.5832418 0.0000000 1.0074369 0.9638114 0.9808132 1.2198999 
O43041_SCHPO_1_132  1.6991988 1.4145891 2.0196051 1.8173637 0.8217309 0.6825766 1.0074369 0.0000000 0.8837288 0.9893771 1.4697899 
Q9P3N1_NEUCR_3_158  2.2804886 1.8100633 2.0428619 2.3317749 0.6776599 0.6215991 0.9638114 0.8837288 0.0000000 1.2607484 1.2145432 
Q20100_CAEEL_5_215  1.8820579 1.7156588 2.5470663 2.9774375 0.7111968 0.8498512 0.9808132 0.9893771 1.2607484 0.0000000 1.1680860 
O77358_PLAF7_1_144  2.6188885 2.3775317 2.5527059 5.0071459 1.1954070 0.9918111 1.2198999 1.4697899 1.2145432 1.1680860 0.0000000 
