12
Q9SY51_ARATH_1_229   0.0000000 0.7963249 1.0233739 0.7672989 0.6567989 0.9799641 1.0971089 1.2243270 1.4681418 1.3778118 1.6348042 2.2162559 
Q9S9R8_ARATH_273_500 0.7963249 0.0000000 0.2247172 0.5354138 0.4684023 0.8010303 0.8508718 1.0510112 1.3639953 1.2301274 1.3635282 1.7538805 
Q9SKS3_ARATH_310_515 1.0233739 0.2247172 0.0000000 0.6633039 0.6013916 0.8637319 0.8793781 1.2831608 1.2769452 1.2961782 1.4297951 1.9526913 
Q9SKF6_ARATH_465_681 0.7672989 0.5354138 0.6633039 0.0000000 0.3078129 0.6238776 0.9307957 1.0789870 1.1771079 1.1493855 1.2805362 2.0105541 
Q9ST08_BRACM_299_526 0.6567989 0.4684023 0.6013916 0.3078129 0.0000000 0.6473169 0.8589486 0.9462854 1.0493884 0.9736949 1.2113217 1.8441111 
O04673_DAUCA_285_512 0.9799641 0.8010303 0.8637319 0.6238776 0.6473169 0.0000000 0.9436106 0.9103125 1.2482059 1.1513378 1.2577566 1.8058124 
Q04219_ANTMA_287_511 1.0971089 0.8508718 0.8793781 0.9307957 0.8589486 0.9436106 0.0000000 1.0246627 1.1783612 0.9973084 0.9120375 1.4373040 
Q41865_MAIZE_271_500 1.2243270 1.0510112 1.2831608 1.0789870 0.9462854 0.9103125 1.0246627 0.0000000 1.2912207 1.3028058 1.4767695 1.8689757 
Q9ZUK4_ARATH_203_390 1.4681418 1.3639953 1.2769452 1.1771079 1.0493884 1.2482059 1.1783612 1.2912207 0.0000000 0.6468122 1.1623646 1.8230158 
Q9ZUL2_ARATH_163_388 1.3778118 1.2301274 1.2961782 1.1493855 0.9736949 1.1513378 0.9973084 1.3028058 0.6468122 0.0000000 1.1273297 1.5990128 
Q9XEQ1_SORBI_395_621 1.6348042 1.3635282 1.4297951 1.2805362 1.2113217 1.2577566 0.9120375 1.4767695 1.1623646 1.1273297 0.0000000 0.6212273 
Q9XEW2_ORYSA_22_247  2.2162559 1.7538805 1.9526913 2.0105541 1.8441111 1.8058124 1.4373040 1.8689757 1.8230158 1.5990128 0.6212273 0.0000000 
