10
Q9U0E3_STRPU_71_454  0.0000000 1.1005186 1.1603147 1.1585781 1.8710354 1.5022946 1.7665453 2.7028502 1.5730313 2.3069434 
Q9Z285_MOUSE_16_399  1.1005186 0.0000000 0.2554275 0.9586101 1.8552652 1.7684227 1.7779069 2.7930504 1.8676620 2.5089200 
Q9TTW3_CANFA_16_399  1.1603147 0.2554275 0.0000000 0.9237192 1.8783469 1.8771025 1.9733647 2.9730728 2.0001128 2.6330254 
Q26623_STRPU_16_399  1.1585781 0.9586101 0.9237192 0.0000000 1.5630519 1.7663981 1.7335546 2.6886545 1.9926669 2.6515281 
Q8T3Z0_DROME_35_418  1.8710354 1.8552652 1.8783469 1.5630519 0.0000000 2.4685943 2.5739943 2.9615693 2.6495196 3.2107206 
TKB1_STRPU_1_372     1.5022946 1.7684227 1.8771025 1.7663981 2.4685943 0.0000000 0.8196464 1.6701861 2.0381024 2.8288674 
TEKT2_MOUSE_17_399   1.7665453 1.7779069 1.9733647 1.7335546 2.5739943 0.8196464 0.0000000 1.8137704 2.4003736 2.9047487 
Q9W1V2_DROME_21_403  2.7028502 2.7930504 2.9730728 2.6886545 2.9615693 1.6701861 1.8137704 0.0000000 3.2096377 2.9914671 
Q9V3M9_DROME_192_575 1.5730313 1.8676620 2.0001128 1.9926669 2.6495196 2.0381024 2.4003736 3.2096377 0.0000000 2.8808925 
Q21641_CAEEL_231_623 2.3069434 2.5089200 2.6330254 2.6515281 3.2107206 2.8288674 2.9047487 2.9914671 2.8808925 0.0000000 
