11
Q8X3I6_ECO57_49_294  0.0000000 0.9414036 1.0128403 1.2822731 1.1079076 1.2297574 2.7160676 2.6289398 2.8598127 4.4861182 5.5610869 
O64330_BPN15_50_259  0.9414036 0.0000000 0.0881548 1.3002284 1.0689422 1.2683177 2.2626138 2.2056291 2.2543318 4.0136525 5.3222595 
VMTH_LAMBD_49_258    1.0128403 0.0881548 0.0000000 1.2770601 1.2462255 1.2642094 2.1959907 2.3916157 2.2862170 4.0196638 5.4376826 
Q8ZEP1_YERPE_314_558 1.2822731 1.3002284 1.2770601 0.0000000 1.2132920 1.2602912 2.7864860 2.0749371 2.5082555 4.4125729 6.8648254 
Q8ED18_SHEON_98_307  1.1079076 1.0689422 1.2462255 1.2132920 0.0000000 1.1972738 3.0366372 2.1848598 2.5304402 5.7806899 7.2323285 
Q8XYR8_RALSO_121_330 1.2297574 1.2683177 1.2642094 1.2602912 1.1972738 0.0000000 2.0642437 2.0355282 2.0227434 5.0517330 6.0593149 
Q8X851_ECO57_226_427 2.7160676 2.2626138 2.1959907 2.7864860 3.0366372 2.0642437 0.0000000 0.3943163 0.2662974 3.4071245 4.5401432 
Q8ZN07_SALTY_226_427 2.6289398 2.2056291 2.3916157 2.0749371 2.1848598 2.0355282 0.3943163 0.0000000 0.2098658 2.8881171 5.1695606 
Q8ZQG3_SALTY_226_427 2.8598127 2.2543318 2.2862170 2.5082555 2.5304402 2.0227434 0.2662974 0.2098658 0.0000000 2.8590970 5.0596214 
Q9MCU6_BPHK0_25_197  4.4861182 4.0136525 4.0196638 4.4125729 5.7806899 5.0517330 3.4071245 2.8881171 2.8590970 0.0000000 6.1855665 
Q87XX8_PSESM_290_526 5.5610869 5.3222595 5.4376826 6.8648254 7.2323285 6.0593149 4.5401432 5.1695606 5.0596214 6.1855665 0.0000000 
