18
SVF1_ASHGO_54_381   0.0000000 0.2536181 0.3421825 0.3653865 0.2593522 0.3360485 0.7176662 0.5395983 0.7090008 0.6845558 0.6450107 1.0964536 1.6502629 1.1239194 1.3570822 1.1278442 1.5694064 3.1798245 
SVF1_KLULA_54_390   0.2536181 0.0000000 0.2252797 0.2519015 0.2578742 0.2716776 0.7138293 0.5787666 0.5469053 0.6424419 0.7062279 0.9085209 1.4106322 1.1878572 1.2871037 1.1536891 1.2447746 3.2360587 
SVF1_YEAST_54_468   0.3421825 0.2252797 0.0000000 0.1942877 0.3757010 0.3662834 0.7653722 0.6120349 0.7146704 0.8029479 0.8141825 1.0126456 1.5711433 1.1045040 1.2220685 1.0468073 1.4713693 3.1002982 
SVF1_CANGA_54_430   0.3653865 0.2519015 0.1942877 0.0000000 0.4452982 0.3388132 0.7975031 0.5956668 0.6861497 0.7389580 0.7472330 1.0837112 1.7479323 1.2017795 1.2350263 1.2046440 1.4190389 2.9323081 
SVF1_DEBHA_55_375   0.2593522 0.2578742 0.3757010 0.4452982 0.0000000 0.3436733 0.5786074 0.5588131 0.6485937 0.6373305 0.5196258 0.9515642 1.3975816 1.3310920 1.4174536 1.2137171 1.4792930 3.0805891 
SVF1_CANAL_57_381   0.3360485 0.2716776 0.3662834 0.3388132 0.3436733 0.0000000 0.7247692 0.6164622 0.6073074 0.5940310 0.5440843 0.9781679 1.6665239 1.2924976 1.3777796 1.0498579 1.4189972 2.8446733 
SVF1_YARLI_54_398   0.7176662 0.7138293 0.7653722 0.7975031 0.5786074 0.7247692 0.0000000 0.7079593 0.8558198 0.6172956 0.6722315 0.8518890 1.7383326 1.4734576 1.3572584 1.2663079 1.6400174 3.3512373 
SVF1_NEUCR_53_380   0.5395983 0.5787666 0.6120349 0.5956668 0.5588131 0.6164622 0.7079593 0.0000000 0.3078430 0.4157652 0.4904456 0.7885742 1.6840513 1.4675978 1.2277332 1.2851803 1.6969139 3.2218357 
SVF1_GIBZE_53_377   0.7090008 0.5469053 0.7146704 0.6861497 0.6485937 0.6073074 0.8558198 0.3078430 0.0000000 0.4018178 0.5284211 0.8537233 1.3891265 1.8734046 1.4331455 1.2609269 1.8543057 3.5980938 
SVF1_ASPFU_52_396   0.6845558 0.6424419 0.8029479 0.7389580 0.6373305 0.5940310 0.6172956 0.4157652 0.4018178 0.0000000 0.2058789 0.8265674 1.4536360 1.5019059 1.4051237 1.2266612 2.0704733 3.3224209 
SVF1_EMENI_53_363   0.6450107 0.7062279 0.8141825 0.7472330 0.5196258 0.5440843 0.6722315 0.4904456 0.5284211 0.2058789 0.0000000 0.9502602 1.5416434 1.6341315 1.5759220 1.2428870 1.9711512 3.1622012 
SVF1_SCHPO_54_380   1.0964536 0.9085209 1.0126456 1.0837112 0.9515642 0.9781679 0.8518890 0.7885742 0.8537233 0.8265674 0.9502602 0.0000000 1.8589438 1.9526343 1.9162425 2.0840020 1.9680479 3.9740420 
Q560A6_CRYNE_48_423 1.6502629 1.4106322 1.5711433 1.7479323 1.3975816 1.6665239 1.7383326 1.6840513 1.3891265 1.4536360 1.5416434 1.8589438 0.0000000 2.4882417 2.0831624 2.2561963 2.3168487 4.9958297 
Q04925_YEAST_74_415 1.1239194 1.1878572 1.1045040 1.2017795 1.3310920 1.2924976 1.4734576 1.4675978 1.8734046 1.5019059 1.6341315 1.9526343 2.4882417 0.0000000 0.4740570 0.4920268 1.1391477 4.6149615 
Q6FV49_CANGA_78_421 1.3570822 1.2871037 1.2220685 1.2350263 1.4174536 1.3777796 1.3572584 1.2277332 1.4331455 1.4051237 1.5759220 1.9162425 2.0831624 0.4740570 0.0000000 0.5297567 1.0472515 4.9866289 
Q05948_YEAST_63_407 1.1278442 1.1536891 1.0468073 1.2046440 1.2137171 1.0498579 1.2663079 1.2851803 1.2609269 1.2266612 1.2428870 2.0840020 2.2561963 0.4920268 0.5297567 0.0000000 1.1328710 4.9196907 
Q6CK65_KLULA_63_429 1.5694064 1.2447746 1.4713693 1.4190389 1.4792930 1.4189972 1.6400174 1.6969139 1.8543057 2.0704733 1.9711512 1.9680479 2.3168487 1.1391477 1.0472515 1.1328710 0.0000000 4.2765180 
Q9HGN8_SCHPO_27_329 3.1798245 3.2360587 3.1002982 2.9323081 3.0805891 2.8446733 3.3512373 3.2218357 3.5980938 3.3224209 3.1622012 3.9740420 4.9958297 4.6149615 4.9866289 4.9196907 4.2765180 0.0000000 
