27
P73745_SYNY3_81_432  0.0000000 0.7112664 1.4335908 1.9835350 2.2219341 2.2197842 1.9502273 2.2831124 2.1987827 2.2521813 2.0423813 1.8493242 1.9038082 2.2573459 2.1831391 2.0274141 2.2469584 2.4348944 2.5932300 2.4777095 2.3643170 2.6083814 2.5694793 2.0738851 1.9808457 2.5423817 3.6749306 
CLCA_ECOLI_85_440    0.7112664 0.0000000 0.8528829 1.5050837 1.7019053 1.7015658 1.6224300 1.6539574 1.7386063 2.0502625 1.5583895 1.6000471 1.5786157 1.4935282 1.5517506 1.2633908 1.8391291 1.6055737 1.7867136 1.7085598 1.7379717 2.0054091 1.9462353 1.8046079 2.0817817 2.1893097 3.3761263 
P74477_SYNY3_74_424  1.4335908 0.8528829 0.0000000 1.5472766 1.4877384 1.6309619 1.4847890 1.5813974 1.8187505 1.7308200 1.4523185 1.6606242 1.5608397 1.5932162 1.4928560 1.5123638 1.6871866 1.5338896 1.8333995 1.8866813 1.7761432 1.6700834 1.9205544 1.8279986 2.1605569 2.9657728 3.3890711 
O57747_PYRHO_48_367  1.9835350 1.5050837 1.5472766 0.0000000 1.5747150 1.5473705 1.4684867 1.7028951 1.5527207 1.9613767 1.8789027 1.7894829 2.2261811 2.1449268 1.8354567 1.8058304 1.9675149 2.4099482 2.8663699 2.6062821 2.2867746 2.5793196 2.3714701 2.0079298 2.1060257 2.6329016 3.1635881 
CLCN3_RAT_159_567    2.2219341 1.7019053 1.4877384 1.5747150 0.0000000 0.0909392 0.1936581 0.5124591 0.5266576 0.6617674 0.6689538 0.6622947 0.7002430 0.7564512 0.7557567 0.7283979 0.7636893 0.7201371 0.9097018 0.8844405 1.1183447 0.9389729 1.0536570 2.0220085 2.0672493 2.3890479 4.4733363 
O13080_XENLA_208_615 2.2197842 1.7015658 1.6309619 1.5473705 0.0909392 0.0000000 0.2564137 0.5456759 0.5201528 0.7228184 0.6683853 0.6658128 0.7273959 0.8146439 0.7357864 0.6749231 0.8057923 0.8063360 0.9308322 0.8608836 1.1590726 1.0275799 1.1610953 2.2961814 2.3069493 2.4405336 3.9931727 
Q17804_CAEEL_203_597 1.9502273 1.6224300 1.4847890 1.4684867 0.1936581 0.2564137 0.0000000 0.4932257 0.5396137 0.6269388 0.6002839 0.6012172 0.6424006 0.7414080 0.7340856 0.6754427 0.8123772 0.8237127 0.9277202 0.8378745 1.1548453 0.9950483 1.2158150 2.3003156 2.3338330 2.5903020 4.5013532 
O60159_SCHPO_186_589 2.2831124 1.6539574 1.5813974 1.7028951 0.5124591 0.5456759 0.4932257 0.0000000 0.2031468 0.6567115 0.7974976 0.8162716 0.8873022 0.9412108 0.8628956 0.9365861 0.8064835 0.9236561 0.9730794 1.0376137 1.2777181 0.9345013 1.0024217 2.1406830 2.3317592 2.7847795 3.8221971 
GEF1_YEAST_164_552   2.1987827 1.7386063 1.8187505 1.5527207 0.5266576 0.5201528 0.5396137 0.2031468 0.0000000 0.6541127 0.8927019 0.8425748 0.9245834 1.1370643 0.9635564 0.9996131 0.8404941 1.0422665 1.0684600 1.1235953 1.4382591 0.9161413 1.0567492 2.1824336 2.0001075 2.2182659 3.4219805 
O60958_LEIMA_167_552 2.2521813 2.0502625 1.7308200 1.9613767 0.6617674 0.7228184 0.6269388 0.6567115 0.6541127 0.0000000 0.8969510 0.9294677 0.9846447 1.1666645 1.0697460 0.9735789 0.7900476 1.0960935 1.1825675 1.2715438 1.3968678 1.1049026 1.2685470 2.3986716 2.4516075 2.5321534 4.4251857 
CLCN6_HUMAN_136_572  2.0423813 1.5583895 1.4523185 1.8789027 0.6689538 0.6683853 0.6002839 0.7974976 0.8927019 0.8969510 0.0000000 0.3284582 0.3252343 0.6979540 0.4821834 0.5841080 0.8905883 1.0610303 1.1486681 1.4272630 1.1849443 1.0702277 1.2324923 2.4392771 2.5607377 2.7815472 3.7636866 
CLCN7_RAT_180_596    1.8493242 1.6000471 1.6606242 1.7894829 0.6622947 0.6658128 0.6012172 0.8162716 0.8425748 0.9294677 0.3284582 0.0000000 0.2908480 0.7581958 0.6136529 0.5609099 1.0484900 1.0864086 1.1753411 1.3760324 1.5021770 0.9788422 1.2308723 2.4908058 2.4594881 2.6003737 3.8127601 
Q9BHB2_CAEEL_165_582 1.9038082 1.5786157 1.5608397 2.2261811 0.7002430 0.7273959 0.6424006 0.8873022 0.9245834 0.9846447 0.3252343 0.2908480 0.0000000 0.7447998 0.6658372 0.6490125 1.1131370 0.9985832 1.1472541 1.3906585 1.2637064 1.0650041 1.2779843 2.1533998 2.3717431 2.8383643 3.9937268 
CLCA_ARATH_138_560   2.2573459 1.4935282 1.5932162 2.1449268 0.7564512 0.8146439 0.7414080 0.9412108 1.1370643 1.1666645 0.6979540 0.7581958 0.7447998 0.0000000 0.3475674 0.3454001 1.2110872 0.9829746 1.0512583 1.2055389 1.2872856 1.2630515 1.4303415 2.3439940 2.8941629 3.1700606 4.7943752 
P93567_SOLTU_133_555 2.1831391 1.5517506 1.4928560 1.8354567 0.7557567 0.7357864 0.7340856 0.8628956 0.9635564 1.0697460 0.4821834 0.6136529 0.6658372 0.3475674 0.0000000 0.3300404 1.0461862 1.0828596 1.0998498 1.2565485 1.3658281 1.1388440 1.1895763 2.4408578 2.4665073 2.7991301 4.0253112 
CLCD_ARATH_127_558   2.0274141 1.2633908 1.5123638 1.8058304 0.7283979 0.6749231 0.6754427 0.9365861 0.9996131 0.9735789 0.5841080 0.5609099 0.6490125 0.3454001 0.3300404 0.0000000 1.0627240 1.0326369 1.2109340 1.4131731 1.3723194 1.0443359 1.1743753 2.2320676 2.3987723 2.6131882 3.6909813 
O94287_SCHPO_112_493 2.2469584 1.8391291 1.6871866 1.9675149 0.7636893 0.8057923 0.8123772 0.8064835 0.8404941 0.7900476 0.8905883 1.0484900 1.1131370 1.2110872 1.0461862 1.0627240 0.0000000 1.3122670 1.3996838 1.5076081 1.5563000 1.3114601 1.3519132 2.3781435 2.6818274 2.4957276 4.2127630 
CLCN2_HUMAN_140_549  2.4348944 1.6055737 1.5338896 2.4099482 0.7201371 0.8063360 0.8237127 0.9236561 1.0422665 1.0960935 1.0610303 1.0864086 0.9985832 0.9829746 1.0828596 1.0326369 1.3122670 0.0000000 0.1755503 0.3539856 0.5228495 0.5267465 0.6236861 2.3084828 2.6266887 3.2957307 4.5173931 
CLCN1_RAT_167_574    2.5932300 1.7867136 1.8333995 2.8663699 0.9097018 0.9308322 0.9277202 0.9730794 1.0684600 1.1825675 1.1486681 1.1753411 1.1472541 1.0512583 1.0998498 1.2109340 1.3996838 0.1755503 0.0000000 0.3151432 0.6257616 0.6613851 0.7571226 2.5120899 2.8331450 3.1024894 4.4945445 
CICH_TORMA_101_508   2.4777095 1.7085598 1.8866813 2.6062821 0.8844405 0.8608836 0.8378745 1.0376137 1.1235953 1.2715438 1.4272630 1.3760324 1.3906585 1.2055389 1.2565485 1.4131731 1.5076081 0.3539856 0.3151432 0.0000000 0.7255263 0.6640146 0.7854465 2.7185760 3.1880156 3.1642598 4.1987626 
CLCKA_HUMAN_99_516   2.3643170 1.7379717 1.7761432 2.2867746 1.1183447 1.1590726 1.1548453 1.2777181 1.4382591 1.3968678 1.1849443 1.5021770 1.2637064 1.2872856 1.3658281 1.3723194 1.5563000 0.5228495 0.6257616 0.7255263 0.0000000 0.9462688 1.0457607 2.7092897 3.3804210 3.9985671 4.7464413 
Q18368_CAEEL_134_551 2.6083814 2.0054091 1.6700834 2.5793196 0.9389729 1.0275799 0.9950483 0.9345013 0.9161413 1.1049026 1.0702277 0.9788422 1.0650041 1.2630515 1.1388440 1.0443359 1.3114601 0.5267465 0.6613851 0.6640146 0.9462688 0.0000000 0.2733757 2.3300787 2.2575976 2.6855569 4.4811693 
Q22833_CAEEL_175_589 2.5694793 1.9462353 1.9205544 2.3714701 1.0536570 1.1610953 1.2158150 1.0024217 1.0567492 1.2685470 1.2324923 1.2308723 1.2779843 1.4303415 1.1895763 1.1743753 1.3519132 0.6236861 0.7571226 0.7854465 1.0457607 0.2733757 0.0000000 1.9790989 1.9798807 2.8322709 4.0646146 
O28857_ARCFU_74_431  2.0738851 1.8046079 1.8279986 2.0079298 2.0220085 2.2961814 2.3003156 2.1406830 2.1824336 2.3986716 2.4392771 2.4908058 2.1533998 2.3439940 2.4408578 2.2320676 2.3781435 2.3084828 2.5120899 2.7185760 2.7092897 2.3300787 1.9790989 0.0000000 0.8212697 2.0879891 2.8467177 
P96820_MYCTU_109_465 1.9808457 2.0817817 2.1605569 2.1060257 2.0672493 2.3069493 2.3338330 2.3317592 2.0001075 2.4516075 2.5607377 2.4594881 2.3717431 2.8941629 2.4665073 2.3987723 2.6818274 2.6266887 2.8331450 3.1880156 3.3804210 2.2575976 1.9798807 0.8212697 0.0000000 2.3111631 3.1948209 
Y305_METJA_50_389    2.5423817 2.1893097 2.9657728 2.6329016 2.3890479 2.4405336 2.5903020 2.7847795 2.2182659 2.5321534 2.7815472 2.6003737 2.8383643 3.1700606 2.7991301 2.6131882 2.4957276 3.2957307 3.1024894 3.1642598 3.9985671 2.6855569 2.8322709 2.0879891 2.3111631 0.0000000 2.8716842 
Q9Z9W7_BACHD_47_393  3.6749306 3.3761263 3.3890711 3.1635881 4.4733363 3.9931727 4.5013532 3.8221971 3.4219805 4.4251857 3.7636866 3.8127601 3.9937268 4.7943752 4.0253112 3.6909813 4.2127630 4.5173931 4.4945445 4.1987626 4.7464413 4.4811693 4.0646146 2.8467177 3.1948209 2.8716842 0.0000000 
