8
TPM1_CHICK_48_284  0.0000000 0.0444107 0.0634252 0.1375553 0.4549511 1.1872828 0.7911543 0.8329039 
TPM1_HUMAN_48_284  0.0444107 0.0000000 0.0832861 0.1636747 0.4780704 1.2291100 0.7836114 0.8800410 
TPM3_MOUSE_48_284  0.0634252 0.0832861 0.0000000 0.1217892 0.4579623 1.2391770 0.8002873 0.8320063 
TPM2_CHICK_48_284  0.1375553 0.1636747 0.1217892 0.0000000 0.4496969 1.3293492 0.8943506 0.9366315 
TPM4_RAT_11_247    0.4549511 0.4780704 0.4579623 0.4496969 0.0000000 1.6874304 1.1447710 1.0571542 
TPM2_DROME_48_284  1.1872828 1.2291100 1.2391770 1.3293492 1.6874304 0.0000000 0.7929280 0.7843080 
TPMM_TRICO_48_284  0.7911543 0.7836114 0.8002873 0.8943506 1.1447710 0.7929280 0.0000000 0.4912569 
TPM1_DROME_102_338 0.8329039 0.8800410 0.8320063 0.9366315 1.0571542 0.7843080 0.4912569 0.0000000 
