11
YC4P_CAEEL_60_344   0.0000000 0.9492213 0.8391626 2.1291873 1.5539736 1.6428334 1.4582937 2.4051062 1.6819888 3.7128076 1.5509379 
YAY4_SCHPO_7_308    0.9492213 0.0000000 0.6248625 2.3928069 1.6998701 1.7366909 1.3309652 2.1940988 2.2377956 4.9257070 1.7369161 
YJX8_YEAST_5_334    0.8391626 0.6248625 0.0000000 2.1852649 1.3303241 1.5186288 1.4141154 1.6223077 2.0214434 3.9262350 1.4679656 
Y045_METTH_4_277    2.1291873 2.3928069 2.1852649 0.0000000 0.7174105 0.7439950 0.6450253 0.8827895 1.3357128 4.9674585 2.9935289 
Y066_SULSO_4_281    1.5539736 1.6998701 1.3303241 0.7174105 0.0000000 0.6749701 0.8045684 0.9680377 0.9249952 2.7665758 1.6499576 
Y403_METJA_6_285    1.6428334 1.7366909 1.5186288 0.7439950 0.6749701 0.0000000 0.6335073 0.7651027 1.2560283 3.6081822 1.7355368 
Y2310_ARCFU_3_258   1.4582937 1.3309652 1.4141154 0.6450253 0.8045684 0.6335073 0.0000000 0.5898549 1.3704609 4.2503786 1.9728759 
Y890_AQUAE_5_265    2.4051062 2.1940988 1.6223077 0.8827895 0.9680377 0.7651027 0.5898549 0.0000000 1.6713764 3.3599300 2.5743685 
Y1626_PYRHO_4_288   1.6819888 2.2377956 2.0214434 1.3357128 0.9249952 1.2560283 1.3704609 1.6713764 0.0000000 3.0790173 1.7335683 
Y924_THET8_60_325   3.7128076 4.9257070 3.9262350 4.9674585 2.7665758 3.6081822 4.2503786 3.3599300 3.0790173 0.0000000 1.9786723 
Y1336_AQUAE_104_372 1.5509379 1.7369161 1.4679656 2.9935289 1.6499576 1.7355368 1.9728759 2.5743685 1.7335683 1.9786723 0.0000000 
