28
THIG_BACHD_5_258   0.0000000 0.5370127 0.8232278 0.8132019 0.9255696 0.7992159 0.9088258 0.8151544 0.9346084 1.0857445 0.8603556 1.0096754 0.9216828 0.9192274 1.1087889 0.8824720 0.8674490 1.2412005 1.2847618 1.0776692 1.1212571 1.1474072 1.2521411 1.2614464 1.3907228 1.1552119 1.2124824 1.3572103 
THIG_BACSU_3_256   0.5370127 0.0000000 0.8218528 0.7941587 0.9246283 0.8148557 0.9342627 0.7995018 0.9565165 0.8780352 0.7223930 0.8171628 0.7742618 0.8094608 1.1403832 0.9183593 0.8379266 1.1953623 1.1723464 0.9952971 1.0043100 1.1230090 1.1168818 1.1136115 1.1672621 1.0103115 1.0557223 1.1843211 
THIG_PSEAE_10_265  0.8232278 0.8218528 0.0000000 0.3051692 0.4352259 0.5862651 0.8244873 0.7332619 0.7474889 0.7674916 0.7228520 0.8010142 0.8379469 0.8576318 1.2371731 1.0718675 0.9021496 1.2750563 1.2706186 1.3356960 1.0451365 1.1878707 1.3026603 1.1536030 1.2621001 1.1798085 1.1975664 1.3356856 
THIG_XANCP_9_264   0.8132019 0.7941587 0.3051692 0.0000000 0.4559054 0.6159139 0.8072890 0.7113315 0.7824993 0.8263184 0.7434252 0.8345761 0.9141256 0.8474978 1.1071874 0.9403445 0.8690130 1.3525505 1.2832536 1.3449128 1.1395869 1.1544806 1.1852238 1.0652637 1.2416088 1.0809627 1.1748297 1.1715137 
THIG_CAUCR_17_269  0.9255696 0.9246283 0.4352259 0.4559054 0.0000000 0.6575300 0.9200888 0.8810017 0.9304923 1.0308449 0.8726945 1.0224354 0.9459749 0.8784603 1.1967825 1.0562878 0.9311882 1.2202254 1.3483354 1.2432521 1.1650400 1.3753088 1.5132578 1.1861179 1.2931855 1.1586827 1.2769550 1.3115283 
THIG_AQUAE_12_265  0.7992159 0.8148557 0.5862651 0.6159139 0.6575300 0.0000000 0.9958433 0.8550616 0.9169346 0.8037183 0.8201129 0.8636695 0.8090507 0.8731169 1.2201053 1.0413502 0.9734537 1.2267890 1.2398707 1.1068194 1.0806423 1.1479158 1.3530723 1.2587868 1.3880244 1.2019702 1.2544958 1.3116786 
THIG_CORGL_1_254   0.9088258 0.9342627 0.8244873 0.8072890 0.9200888 0.9958433 0.0000000 0.3555066 0.3708546 1.0930110 0.8088360 1.1600304 1.0471041 0.9778770 1.1127353 1.0181512 1.0298919 1.7218053 1.5491405 1.4639542 1.2604760 1.1385672 1.1672411 1.2208333 1.3390733 1.2030291 1.2294968 1.3006825 
THIG_STRCO_5_256   0.8151544 0.7995018 0.7332619 0.7113315 0.8810017 0.8550616 0.3555066 0.0000000 0.3074545 0.9794399 0.7877505 1.0071143 0.9276042 0.8866788 1.1017655 0.9787800 0.9823530 1.5651659 1.4113435 1.3693868 1.2109053 1.0665498 1.1935487 1.1198950 1.2350894 1.1355216 1.1526787 1.0253944 
THIG_MYCTU_5_252   0.9346084 0.9565165 0.7474889 0.7824993 0.9304923 0.9169346 0.3708546 0.3074545 0.0000000 0.8942305 0.7729901 0.9747233 1.0115071 0.8345395 1.0054891 0.9781802 0.8689155 1.6600166 1.5461481 1.5053162 1.2076740 1.0371743 1.1097307 1.0890487 1.1163575 1.1112707 1.1144981 1.0554629 
THIG_CYACA_29_289  1.0857445 0.8780352 0.7674916 0.8263184 1.0308449 0.8037183 1.0930110 0.9794399 0.8942305 0.0000000 0.4581999 0.4793518 0.5013318 0.6486520 0.8317808 0.7547487 0.7989637 1.2054861 1.1155481 1.1839305 0.9680356 1.1604176 1.4091077 1.2598400 1.3733720 1.2760257 1.2122593 1.0639933 
THIG_SYNY3_397_656 0.8603556 0.7223930 0.7228520 0.7434252 0.8726945 0.8201129 0.8088360 0.7877505 0.7729901 0.4581999 0.0000000 0.5268260 0.4820633 0.5060930 0.7155568 0.5751428 0.5882848 1.1197649 1.0162182 0.9452134 0.7543553 1.0005491 1.2521855 1.0763572 1.2595520 1.1219604 0.8941285 1.0602114 
THIG_PORPU_17_277  1.0096754 0.8171628 0.8010142 0.8345761 1.0224354 0.8636695 1.1600304 1.0071143 0.9747233 0.4793518 0.5268260 0.0000000 0.4110512 0.6123441 0.9525732 0.8180315 0.8149004 1.0743275 0.9771194 1.1243677 0.9285993 1.2817182 1.3509299 1.3071936 1.4759385 1.3493273 1.2074546 1.3471791 
THIG_ODOSI_7_261   0.9216828 0.7742618 0.8379469 0.9141256 0.9459749 0.8090507 1.0471041 0.9276042 1.0115071 0.5013318 0.4820633 0.4110512 0.0000000 0.6728515 1.0033793 0.8245405 0.7941584 1.0719441 1.0026396 1.0626255 0.8951980 1.3084074 1.3429628 1.3774333 1.5704082 1.3484961 1.1466287 1.2251821 
THIG_DEIRA_6_259   0.9192274 0.8094608 0.8576318 0.8474978 0.8784603 0.8731169 0.9778770 0.8866788 0.8345395 0.6486520 0.5060930 0.6123441 0.6728515 0.0000000 0.7642227 0.6891187 0.6259323 0.9693954 0.9022200 0.8831011 0.8030611 0.9789114 1.2410924 1.0281828 1.1060555 1.0530476 0.9134357 1.1604119 
THIG_CHLTE_3_256   1.1087889 1.1403832 1.2371731 1.1071874 1.1967825 1.2201053 1.1127353 1.1017655 1.0054891 0.8317808 0.7155568 0.9525732 1.0033793 0.7642227 0.0000000 0.6117170 0.6703483 1.1639681 1.1668205 1.0873066 1.0202595 1.3444226 1.5668942 1.1579934 1.3091472 1.1837592 1.0376080 1.0806823 
THIG_ECOLI_1_253   0.8824720 0.9183593 1.0718675 0.9403445 1.0562878 1.0413502 1.0181512 0.9787800 0.9781802 0.7547487 0.5751428 0.8180315 0.8245405 0.6891187 0.6117170 0.0000000 0.3297040 1.1231597 1.0701980 0.8197272 0.7028221 1.1174624 1.3198070 1.3110003 1.4932909 1.2539925 1.0588550 1.2076051 
THIG_VIBCH_1_253   0.8674490 0.8379266 0.9021496 0.8690130 0.9311882 0.9734537 1.0298919 0.9823530 0.8689155 0.7989637 0.5882848 0.8149004 0.7941584 0.6259323 0.6703483 0.3297040 0.0000000 1.1047690 1.0262855 0.8372521 0.7065564 1.2537305 1.3618683 1.2627155 1.4158946 1.2341048 1.1813911 1.3713070 
THIG_FUSNN_4_254   1.2412005 1.1953623 1.2750563 1.3525505 1.2202254 1.2267890 1.7218053 1.5651659 1.6600166 1.2054861 1.1197649 1.0743275 1.0719441 0.9693954 1.1639681 1.1231597 1.1047690 0.0000000 0.3509424 0.5574259 0.6534513 1.6376171 1.4925992 1.4022842 1.3926157 1.4284739 1.3152654 1.3683336 
THIG_CAMJE_9_257   1.2847618 1.1723464 1.2706186 1.2832536 1.3483354 1.2398707 1.5491405 1.4113435 1.5461481 1.1155481 1.0162182 0.9771194 1.0026396 0.9022200 1.1668205 1.0701980 1.0262855 0.3509424 0.0000000 0.5836724 0.6611028 1.4932403 1.3912211 1.5636769 1.4822877 1.5685171 1.3359624 1.4472596 
THIG_CLOPE_3_254   1.0776692 0.9952971 1.3356960 1.3449128 1.2432521 1.1068194 1.4639542 1.3693868 1.5053162 1.1839305 0.9452134 1.1243677 1.0626255 0.8831011 1.0873066 0.8197272 0.8372521 0.5574259 0.5836724 0.0000000 0.4540314 1.5745340 1.3433586 1.2980005 1.6211983 1.3345228 1.0740914 1.2803027 
THIG_CLOAB_3_255   1.1212571 1.0043100 1.0451365 1.1395869 1.1650400 1.0806423 1.2604760 1.2109053 1.2076740 0.9680356 0.7543553 0.9285993 0.8951980 0.8030611 1.0202595 0.7028221 0.7065564 0.6534513 0.6611028 0.4540314 0.0000000 1.3557868 1.2961581 1.3282831 1.3320263 1.2623231 1.1185126 1.3714611 
THIG_RALSO_12_267  1.1474072 1.1230090 1.1878707 1.1544806 1.3753088 1.1479158 1.1385672 1.0665498 1.0371743 1.1604176 1.0005491 1.2817182 1.3084074 0.9789114 1.3444226 1.1174624 1.2537305 1.6376171 1.4932403 1.5745340 1.3557868 0.0000000 0.4631641 0.6234914 0.6918198 0.6277318 0.6890680 0.7490379 
THIG_NEIMA_1_256   1.2521411 1.1168818 1.3026603 1.1852238 1.5132578 1.3530723 1.1672411 1.1935487 1.1097307 1.4091077 1.2521855 1.3509299 1.3429628 1.2410924 1.5668942 1.3198070 1.3618683 1.4925992 1.3912211 1.3433586 1.2961581 0.4631641 0.0000000 0.5255644 0.5933757 0.6666811 0.6018935 0.6595162 
Q8KJ35_RHILO_1_255 1.2614464 1.1136115 1.1536030 1.0652637 1.1861179 1.2587868 1.2208333 1.1198950 1.0890487 1.2598400 1.0763572 1.3071936 1.3774333 1.0281828 1.1579934 1.3110003 1.2627155 1.4022842 1.5636769 1.2980005 1.3282831 0.6234914 0.5255644 0.0000000 0.3002247 0.2387921 0.3603558 0.4272849 
THIG_RHIET_1_255   1.3907228 1.1672621 1.2621001 1.2416088 1.2931855 1.3880244 1.3390733 1.2350894 1.1163575 1.3733720 1.2595520 1.4759385 1.5704082 1.1060555 1.3091472 1.4932909 1.4158946 1.3926157 1.4822877 1.6211983 1.3320263 0.6918198 0.5933757 0.3002247 0.0000000 0.2469510 0.4354092 0.5619446 
THIG_AGRT5_1_255   1.1552119 1.0103115 1.1798085 1.0809627 1.1586827 1.2019702 1.2030291 1.1355216 1.1112707 1.2760257 1.1219604 1.3493273 1.3484961 1.0530476 1.1837592 1.2539925 1.2341048 1.4284739 1.5685171 1.3345228 1.2623231 0.6277318 0.6666811 0.2387921 0.2469510 0.0000000 0.3944950 0.4842121 
THIG_BRUME_1_255   1.2124824 1.0557223 1.1975664 1.1748297 1.2769550 1.2544958 1.2294968 1.1526787 1.1144981 1.2122593 0.8941285 1.2074546 1.1466287 0.9134357 1.0376080 1.0588550 1.1813911 1.3152654 1.3359624 1.0740914 1.1185126 0.6890680 0.6018935 0.3603558 0.4354092 0.3944950 0.0000000 0.5020037 
THIG_ERWAM_1_250   1.3572103 1.1843211 1.3356856 1.1715137 1.3115283 1.3116786 1.3006825 1.0253944 1.0554629 1.0639933 1.0602114 1.3471791 1.2251821 1.1604119 1.0806823 1.2076051 1.3713070 1.3683336 1.4472596 1.2803027 1.3714611 0.7490379 0.6595162 0.4272849 0.5619446 0.4842121 0.5020037 0.0000000 
