8
Y457_PASMU_1_117  0.0000000 0.4437649 1.0083603 1.1975402 1.0741256 1.6293359 1.6374240 1.7420925 
Y1724_HAEIN_1_117 0.4437649 0.0000000 1.1159095 1.1501681 1.1121528 2.0460486 1.9166470 1.8909060 
YHEN_PASHA_1_122  1.0083603 1.1159095 0.0000000 1.1694542 1.0142266 1.9171543 1.5748728 1.6904089 
YACL_ECOLI_1_118  1.1975402 1.1501681 1.1694542 0.0000000 0.3368104 1.4447671 1.7959749 1.5225829 
Y3414_YERPE_1_118 1.0741256 1.1121528 1.0142266 0.3368104 0.0000000 1.2974423 1.6789602 1.3750727 
Y3983_SHEON_1_121 1.6293359 2.0460486 1.9171543 1.4447671 1.2974423 0.0000000 1.3771222 1.5830622 
Y1657_VIBVU_1_121 1.6374240 1.9166470 1.5748728 1.7959749 1.6789602 1.3771222 0.0000000 0.6440273 
Y605_VIBCH_1_121  1.7420925 1.8909060 1.6904089 1.5225829 1.3750727 1.5830622 0.6440273 0.0000000 
