9
THIC_METJA_2_424     0.0000000 0.6226345 0.6531569 0.8163642 1.2513039 1.2437663 1.3006154 0.8798022 0.9552949 
THIC2_METTH_2_424    0.6226345 0.0000000 0.8706428 0.8920321 1.2080594 1.2075076 1.2889982 0.8998222 0.9311547 
THIC_ARCFU_2_422     0.6531569 0.8706428 0.0000000 0.9710415 1.3917615 1.3467351 1.3972034 1.1171108 1.0012522 
THIC1_METTH_2_424    0.8163642 0.8920321 0.9710415 0.0000000 1.3765054 1.4447320 1.3934524 1.1116342 1.2757465 
THIC_BACSU_133_556   1.2513039 1.2080594 1.3917615 1.3765054 0.0000000 0.2721524 0.3100650 0.6056838 0.5417958 
THIC_MYCTU_82_505    1.2437663 1.2075076 1.3467351 1.4447320 0.2721524 0.0000000 0.3853805 0.6892499 0.6339805 
O82392_ARATH_164_587 1.3006154 1.2889982 1.3972034 1.3934524 0.3100650 0.3853805 0.0000000 0.6566764 0.6443012 
THIC_AQUAE_17_440    0.8798022 0.8998222 1.1171108 1.1116342 0.6056838 0.6892499 0.6566764 0.0000000 0.4267533 
THIC_SYNY3_16_438    0.9552949 0.9311547 1.0012522 1.2757465 0.5417958 0.6339805 0.6443012 0.4267533 0.0000000 
