24
O44736_CAEEL_26_537  0.0000000 0.8441207 0.6275385 0.9515480 1.0741905 0.8932555 1.0700607 0.9127543 1.0189794 1.0131158 1.0654426 1.2618801 1.1950997 1.4436236 1.3432648 1.3701769 2.1155128 2.0457227 1.9462370 2.0617796 1.8966516 2.1696440 2.0389546 1.3581320 
Q9BI68_CAEEL_96_609  0.8441207 0.0000000 0.4976018 0.9401192 1.4651411 0.9231431 0.9296077 1.1456318 1.0812528 1.0882365 1.2645782 1.2059170 1.1155249 1.3068111 1.1439963 1.3197602 2.0420785 1.9542672 2.1543081 1.8804011 1.9379458 2.0807855 1.8697576 1.9264851 
Q23176_CAEEL_53_541  0.6275385 0.4976018 0.0000000 0.8617461 1.0007146 0.7810400 0.8431448 0.8706266 0.8664384 0.7630695 1.3308616 1.2627619 1.3089668 1.4564919 1.3110894 1.5207363 2.0017181 1.9303315 2.0261666 1.9425902 2.0532134 2.1606458 1.9597415 1.6785175 
Q9GYK9_CAEEL_20_522  0.9515480 0.9401192 0.8617461 0.0000000 0.9787355 0.8792577 0.9289239 0.8921876 0.8927059 0.9474281 1.3867143 1.2113837 1.0001132 1.3801776 1.1579872 1.2330766 1.8507201 1.8006001 1.8892800 1.8658868 1.9710721 2.0933544 1.7835623 1.5167988 
TREA_BOMMO_40_550    1.0741905 1.4651411 1.0007146 0.9787355 0.0000000 0.7593740 0.9926972 0.8846826 1.0638032 1.0187460 1.3738358 1.3898175 1.4219718 1.3827778 1.3759985 1.0980672 1.9514605 1.8638715 1.7176678 2.0612764 2.0116696 2.0830484 1.9916109 1.5601198 
TREA_TENMO_43_553    0.8932555 0.9231431 0.7810400 0.8792577 0.7593740 0.0000000 0.8041347 0.6924104 0.9035982 0.8337089 1.0936047 1.3038950 1.2063988 1.4481343 1.4142342 1.0048398 1.9549860 1.6832884 1.6161399 1.8760688 1.9444306 1.9573538 1.7321161 1.4675686 
TREA_HUMAN_46_551    1.0700607 0.9296077 0.8431448 0.9289239 0.9926972 0.8041347 0.0000000 0.8620419 0.9401439 1.0228212 1.1091707 1.2336117 1.1702291 1.4020977 1.2088425 1.5476281 1.7942777 1.6643349 1.7612866 1.6856306 1.6536850 1.8202057 1.8416077 1.6511022 
TREA_DROME_71_578    0.9127543 1.1456318 0.8706266 0.8921876 0.8846826 0.6924104 0.8620419 0.0000000 0.8656737 0.8489261 1.3552882 1.3265866 1.2129917 1.3505604 1.3079343 1.3190647 1.6261262 1.7426416 1.6721647 1.6769090 1.8782991 1.7816912 1.9050013 1.4728580 
Q9FWC1_ORYSA_34_554  1.0189794 1.0812528 0.8664384 0.8927059 1.0638032 0.9035982 0.9401439 0.8656737 0.0000000 0.2324705 1.2708973 1.0331515 1.0758958 1.3732455 1.1229397 1.4489623 1.7181008 1.6001223 1.8187305 1.5358179 1.6374629 1.7726138 1.8329757 1.2690517 
Q9XEY7_SOYBN_32_548  1.0131158 1.0882365 0.7630695 0.9474281 1.0187460 0.8337089 1.0228212 0.8489261 0.2324705 0.0000000 1.2580233 1.0920608 1.1092148 1.4519852 1.1327909 1.3994688 1.9171189 1.8520951 1.9571820 1.9371920 1.9152546 2.0999387 1.9523644 1.4136053 
TREF_ECOL6_70_547    1.0654426 1.2645782 1.3308616 1.3867143 1.3738358 1.0936047 1.1091707 1.3552882 1.2708973 1.2580233 0.0000000 0.5230324 0.6049649 0.5901685 0.5673479 1.3474509 1.4117903 1.4862965 1.4118032 1.4604916 1.2799634 1.4198324 1.5371411 0.7901645 
TREA_PSEAE_63_540    1.2618801 1.2059170 1.2627619 1.2113837 1.3898175 1.3038950 1.2336117 1.3265866 1.0331515 1.0920608 0.5230324 0.0000000 0.1808167 0.2831930 0.3036489 1.4929694 1.2921618 1.3332015 1.4220654 1.3893656 1.4213169 1.4319383 1.6098132 0.9656105 
TREA_XANCP_72_548    1.1950997 1.1155249 1.3089668 1.0001132 1.4219718 1.2063988 1.1702291 1.2129917 1.0758958 1.1092148 0.6049649 0.1808167 0.0000000 0.3002464 0.3521871 1.4692499 1.3578281 1.2139529 1.3924408 1.4255318 1.4833807 1.3673977 1.3878213 0.9766489 
TREA_RALSO_72_548    1.4436236 1.3068111 1.4564919 1.3801776 1.3827778 1.4481343 1.4020977 1.3505604 1.3732455 1.4519852 0.5901685 0.2831930 0.3002464 0.0000000 0.3849499 1.4754372 1.4441985 1.4635966 1.4932076 1.5543339 1.5400333 1.3818328 1.5630418 1.0917919 
TREA_ECOL6_55_533    1.3432648 1.1439963 1.3110894 1.1579872 1.3759985 1.4142342 1.2088425 1.3079343 1.1229397 1.1327909 0.5673479 0.3036489 0.3521871 0.3849499 0.0000000 1.2716487 1.2270248 1.2530122 1.2602092 1.4255153 1.3902842 1.4100419 1.5187433 0.9974461 
Q8SQJ2_ENCCU_78_589  1.3701769 1.3197602 1.5207363 1.2330766 1.0980672 1.0048398 1.5476281 1.3190647 1.4489623 1.3994688 1.3474509 1.4929694 1.4692499 1.4754372 1.2716487 0.0000000 1.9460250 1.9201913 1.8656217 1.8718001 1.9460783 1.9701542 1.7040558 1.9905555 
TREA_YEAST_163_721   2.1155128 2.0420785 2.0017181 1.8507201 1.9514605 1.9549860 1.7942777 1.6261262 1.7181008 1.9171189 1.4117903 1.2921618 1.3578281 1.4441985 1.2270248 1.9460250 0.0000000 0.1577714 0.2649549 0.3138430 0.3362472 0.2582863 0.4157972 1.0362754 
TREA_KLULA_166_723   2.0457227 1.9542672 1.9303315 1.8006001 1.8638715 1.6832884 1.6643349 1.7426416 1.6001223 1.8520951 1.4862965 1.3332015 1.2139529 1.4635966 1.2530122 1.9201913 0.1577714 0.0000000 0.2639245 0.3754794 0.3743987 0.3169073 0.3542791 1.0472908 
TREA_CANAL_291_878   1.9462370 2.1543081 2.0261666 1.8892800 1.7176678 1.6161399 1.7612866 1.6721647 1.8187305 1.9571820 1.4118032 1.4220654 1.3924408 1.4932076 1.2602092 1.8656217 0.2649549 0.2639245 0.0000000 0.2913626 0.2969164 0.2850527 0.3019396 1.1484971 
TREB_MAGGR_141_704   2.0617796 1.8804011 1.9425902 1.8658868 2.0612764 1.8760688 1.6856306 1.6769090 1.5358179 1.9371920 1.4604916 1.3893656 1.4255318 1.5543339 1.4255153 1.8718001 0.3138430 0.3754794 0.2913626 0.0000000 0.0950145 0.1406542 0.4122712 1.0746455 
TREB_EMENI_151_714   1.8966516 1.9379458 2.0532134 1.9710721 2.0116696 1.9444306 1.6536850 1.8782991 1.6374629 1.9152546 1.2799634 1.4213169 1.4833807 1.5400333 1.3902842 1.9460783 0.3362472 0.3743987 0.2969164 0.0950145 0.0000000 0.1448682 0.3930645 1.0106166 
Q8NJR8_LEPMC_139_703 2.1696440 2.0807855 2.1606458 2.0933544 2.0830484 1.9573538 1.8202057 1.7816912 1.7726138 2.0999387 1.4198324 1.4319383 1.3673977 1.3818328 1.4100419 1.9701542 0.2582863 0.3169073 0.2850527 0.1406542 0.1448682 0.0000000 0.4026732 1.0747165 
TREA_SCHPO_146_699   2.0389546 1.8697576 1.9597415 1.7835623 1.9916109 1.7321161 1.8416077 1.9050013 1.8329757 1.9523644 1.5371411 1.6098132 1.3878213 1.5630418 1.5187433 1.7040558 0.4157972 0.3542791 0.3019396 0.4122712 0.3930645 0.4026732 0.0000000 1.3809458 
Q8Z0D2_ANASP_17_493  1.3581320 1.9264851 1.6785175 1.5167988 1.5601198 1.4675686 1.6511022 1.4728580 1.2690517 1.4136053 0.7901645 0.9656105 0.9766489 1.0917919 0.9974461 1.9905555 1.0362754 1.0472908 1.1484971 1.0746455 1.0106166 1.0747165 1.3809458 0.0000000 
