7
Q9WUU2_MOUSE_38_302 0.0000000 0.2409830 0.3034021 0.3217107 0.7517612 0.7138379 0.8974205 
Q62854_RAT_1_265    0.2409830 0.0000000 0.2394139 0.2684033 0.6987041 0.7055499 0.8967396 
Q9WUF1_MOUSE_38_302 0.3034021 0.2394139 0.0000000 0.2853246 0.6348386 0.6590024 0.8622624 
Q62851_RAT_1_265    0.3217107 0.2684033 0.2853246 0.0000000 0.7180652 0.7158145 0.8449465 
Q62850_RAT_39_303   0.7517612 0.6987041 0.6348386 0.7180652 0.0000000 0.2426047 0.7586007 
Q9Z196_MOUSE_39_303 0.7138379 0.7055499 0.6590024 0.7158145 0.2426047 0.0000000 0.7927965 
Q62855_RAT_38_302   0.8974205 0.8967396 0.8622624 0.8449465 0.7586007 0.7927965 0.0000000 
